id,share,shareDatasource,company_id,owner_id
12,100.0,[1236],E100000001400,E100000000503
5235,26.0,"[6072, 6070]",E100000120152,E100000120610
2615,,[2605],E100000004018,E100000000655
66,100.0,[1866],E100000000922,E100000000920
33,100.0,"[804, 5919]",E100000000380,E100000000382
13223,90.0,"[6311, 6297]",E100000121346,E100000000382
22270,13.04,[109856],E100000001985,E100001000178
104,50.0,"[5603, 5604, 5605]",E100000001596,E100000000746
6,100.0,[1139],E100000001377,E100000000475
91,100.0,[804],E100000001568,E100000000026
14,100.0,[804],E100000001407,E100000001101
39,,"[1586, 1587]",E100000001470,E100000000411
77,65.0,[838],E100000001545,E100000000836
5241,,[],E100000121280,E100000121302
19,100.0,[1452],E100000001436,E100000000338
5236,21.92,"[7943, 7944]",E100000120895,E100000120695
9,,"[1198, 109917]",E100000001387,E100000000336
59,47.27,[11369],E100000001029,E100000001035
101,47.4,[2231],E100000001586,E100000001067
72,100.0,[780],E100000001524,E100000000504
80,40.0,"[109890, 109896]",E100000001549,E100000000368
4359,30.0,[5893],E100001000864,E100001000866
97,100.0,[5332],E100000001578,E100000000119
5244,,[],E100000120400,E100000120399
51,99.0,[1713],E100000001481,E100000001640
1855,,"[2644, 2647, 2646, 2645]",E100000004063,E100000001161
21920,50.0,"[2919, 10687]",E100000000007,E100001010997
1846,100.0,[2632],E100000004055,E100000000580
81,,"[2045, 2044]",E100000001550,E100000001705
21,100.0,"[792, 804]",E100000001438,E100000001101
87,100.0,[2092],E100000001563,E100000000365
63,100.0,[],E100000001490,E100000001158
4539,45.05,[5931],E100000002416,E100001000915
73,100.0,[283],E100000001536,E100000000918
2635,,"[2644, 2647, 2646, 2645]",E100000004063,E100000001262
93,100.0,[2124],E100000001570,E100000000823
11950,100.0,[6119],E100000125212,E100000124910
55,46.67,[1750],E100000001491,E100000000771
5237,,[6339],E100000120480,E100000000522
49,100.0,[1685],E100000001459,E100000000021
92,,[2120],E100000001569,E100000001091
2632,,"[2640, 2639]",E100000004060,E100000000847
28,100.0,[721],E100000001440,E100000001103
26,100.0,[760],E100000001439,E100000001607
1851,,"[2640, 2639]",E100000004060,E100000000610
1843,100.0,"[2629, 2628, 2630]",E100000004053,E100000000975
84,52.0,"[327, 2062, 99]",E100000001554,E100000000367
5233,100.0,"[6070, 6081]",E100000120894,E100000001926
88,100.0,"[456, 2093]",E100000001564,E100000000332
102,100.0,[2238],E100000001576,E100000000506
22412,75.59,[61354],E100000001832,E100001011371
5232,100.0,[6070],E100000120710,E100000001926
13123,75.0,"[6223, 108950]",E100001010014,E100001000782
103,99.6,[2239],E100000001577,E100000000506
8,100.0,"[110130, 110131]",E100000001382,E100000000818
79,100.0,"[106054, 106055]",E100000001547,E100000000824
21773,5.37,[10438],E100000001636,E100001010887
94,100.0,[2129],E100000001560,E100000000869
25,100.0,[1498],E100000001445,E100000000650
44,100.0,[1617],E100000001474,E100000001234
45,100.0,[114659],E100000001477,E100000000382
69,100.0,[1921],E100000001525,E100000000902
1856,,"[2644, 2647, 2646, 2645]",E100000004064,E100000001161
1852,100.0,[2641],E100000004056,E100000000322
78,100.0,"[340, 2021]",E100000001546,E100000000474
36,,"[106049, 109898]",E100000001464,E100000000829
85,100.0,[2063],E100000001555,E100000000363
13161,9.76,[6243],E100001000519,E100001010034
68,100.0,"[5963, 5964]",E100000001510,E100000000472
38,50.0,"[774, 6047]",E100000001467,E100000000473
3,100.0,[105829],E100000001373,E100000000735
22051,35.0,"[11512, 11513]",E100001011084,E100000001030
23,100.0,[1480],E100000001443,E100000000735
5243,100.0,[6108],E100000121410,E100000121133
2622,,[2611],E100000004034,E100000000934
17683,100.0,[6119],E100000127822,E100000123261
5234,74.0,"[6072, 6070]",E100000120152,E100000001926
23173,,[97941],E100001013321,E100000131977
83,100.0,[2060],E100000001553,E100000000475
90,100.0,[2096],E100000001566,E100000000025
99,100.0,[137],E100000001574,E100000001000
62,100.0,[80],E100000001497,E100000000765
86,100.0,[2076],E100000001561,E100000000024
13224,33.33,"[6312, 6313]",E100000120742,E100001010067
17686,100.0,[6119],E100000128490,E100000123261
145,,[114282],E100000001706,E100000000914
1882,100.0,[1181],E100000004088,E100000001248
13162,7.41,[6243],E100001000519,E100001010035
2647,51.0,"[2680, 2679]",E100000004096,E100000000451
22271,20.0,[2933],E100000121031,E100000000707
119,100.0,[655],E100000001639,E100000000980
112,100.0,[2392],E100000001613,E100000000826
111,100.0,"[2391, 6216]",E100000001612,E100000000826
21624,100.0,[7939],E100001010799,E100000003343
150,100.0,[2785],E100000001713,E100000000838
5246,100.0,[6108],E100000120266,E100000121133
167,100.0,"[2898, 1280]",E100000001727,E100000001006
201,0.04,[2239],E100000001577,E100000000507
1866,80.0,"[2658, 2657]",E100000004074,E100000000415
5261,74.0,[10338],E100000121393,E100000120005
5249,100.0,[7297],E100000121103,E100000120675
4424,100.0,"[5897, 108502, 108504]",E100001000898,E100001000402
5250,74.0,"[6070, 6085, 108408]",E100000121104,E100000001926
5255,95.0,"[8088, 8089]",E100000121459,E100000001941
21774,40.0,[10439],E100001000675,E100001010888
194,,"[2045, 2044]",E100000001550,E100000001720
5247,50.0,"[6074, 6070]",E100000120674,E100000001926
1865,100.0,[2656],E100000004073,E100000000989
2636,,"[2644, 2647, 2646, 2645]",E100000004064,E100000001262
5257,100.0,[8062],E100000121524,E100000121523
136,100.0,[106057],E100000001687,E100000000915
3271,96.9,[5006],E100000000573,E100001000023
197,,[2120],E100000001569,E100000000737
182,1.0,[1713],E100000001481,E100000001753
135,100.0,[2690],E100000001686,E100000000369
108,100.0,[2374],E100000001611,E100000000331
1887,100.0,[1865],E100000004091,E100000001242
932,100.0,"[1762, 5590]",E100000003081,E100000001055
1867,100.0,"[1291, 1292]",E100000004075,E100000001170
5263,100.0,[8048],E100000120893,E100000120765
17687,100.0,[6119],E100000128434,E100000123261
4360,19.0,[5893],E100001000864,E100001000867
5252,,[],E100000121268,E100000121267
198,50.0,"[848, 2130]",E100000001571,E100000001651
141,100.0,"[2712, 740, 2713]",E100000001697,E100000000051
168,100.0,[2905],E100000001733,E100000000033
5253,,[],E100000121332,E100000000529
185,50.0,[5217],E100000001494,E100000001523
164,100.0,[2889],E100000001729,E100000000388
2641,,"[2664, 2663, 2665, 2666, 2667]",E100000004086,E100000001228
116,100.0,"[2434, 804]",E100000001618,E100000000388
175,25.0,"[117, 1113, 1112]",E100000001375,E100000000468
1888,100.0,[4730],E100000004092,E100000001318
126,100.0,[804],E100000001665,E100000000746
183,15.55,[1750],E100000001491,E100000000767
23517,8.54,[100906],E100000001384,E100001014141
133,100.0,[761],E100000001696,E100000000351
144,100.0,"[7873, 7874]",E100000001704,E100000000832
196,48.0,"[327, 2062, 99]",E100000001554,E100000001753
118,63.79,[11372],E100000001034,E100000001035
200,52.6,[2231],E100000001586,E100000001753
17685,100.0,[6119],E100000128438,E100000128806
130,100.0,[2627],E100000001679,E100000000505
17688,4.1,[6119],E100000127505,E100000001753
8657,100.0,[6119],E100000125451,E100000123689
143,100.0,[804],E100000001703,E100000000370
180,,"[1586, 1587]",E100000001470,E100000000985
21921,100.0,[10689],E100001010981,E100001010998
5260,,[],E100000120605,E100000000518
2639,20.0,"[2658, 2657]",E100000004074,E100000000552
121,100.0,[804],E100000001637,E100000000433
117,100.0,[2060],E100000001630,E100000000475
5259,,[],E100000121121,E100000120883
5262,,[],E100000120563,E100000120562
193,35.0,[838],E100000001545,E100000000834
146,100.0,[804],E100000001707,E100000000341
1893,36.75,"[2680, 2679]",E100000004096,E100000000402
138,100.0,"[2709, 5241]",E100000001692,E100000000573
5256,5.0,[8089],E100000121459,E100000120523
1884,100.0,[2671],E100000004090,E100000000529
127,100.0,[2608],E100000000655,E100000000663
1895,54.95,"[4738, 7960, 7964]",E100000004098,E100000000407
149,100.0,[2769],E100000001710,E100000000917
137,100.0,[2698],E100000001691,E100000000912
107,100.0,"[2358, 2357]",E100000001622,E100000001142
6354,99.9,[6119],E100000124401,E100000123261
165,100.0,[2890],E100000001730,E100000000388
1878,44.0,[2668],E100000004087,E100000001201
22272,50.0,"[7999, 11815, 11816]",E100000121031,E100000000436
250,100.0,[3041],E100000000056,E100001000018
21922,100.0,"[10690, 10689, 10691]",E100001010998,E100001010999
277,100.0,[1074],E100000002367,E100000001305
266,100.0,[1064],E100000002396,E100000000912
4151,100.0,[5756],E100001000595,E100001000596
286,100.0,[1082],E100000002377,E100000001305
22052,65.0,"[11514, 11512]",E100001011084,E100000003632
265,100.0,"[1063, 1062]",E100000002395,E100000000964
263,60.0,"[100517, 1060, 100522]",E100000002393,E100000001079
5281,,[],E100000121363,E100000121362
5270,,[],E100000120795,E100000120794
9818,100.0,[6119],E100000125108,E100000125573
17691,0.94,[6119],E100000129795,E100000001753
264,100.0,[1061],E100000002394,E100000000963
8154,100.0,[6119],E100000004113,E100000121953
221,,"[2045, 2044]",E100000001550,E100000001533
5266,100.0,[6108],E100000121236,E100000121133
20,100.0,[1456],E100000001437,E100000000326
1913,,[2691],E100000004117,E100000000110
5280,100.0,[6108],E100000120238,E100000121133
3396,54.0,"[5927, 5928]",E100000003917,E100000001078
22413,24.41,[61354],E100000001832,E100001011372
236,26.32,[1750],E100000001491,E100000001001
4715,96.5,[6040],E100000002938,E100001001028
17692,9.41,[6119],E100000129795,E100000129992
283,100.0,[1074],E100000002373,E100000001305
1912,100.0,[2689],E100000004116,E100000001134
379,75.0,[110168],E100000002500,E100000001096
287,100.0,[1084],E100000002378,E100000001305
8169,90.0,[6119],E100000004112,E100000123581
5279,100.0,[6108],E100000120953,E100000121133
22541,7.36,[74765],E100000000372,E100001011545
217,6.43,[1750],E100000001491,E100000000394
21775,40.0,[10439],E100001000675,E100001010772
4425,56.25,"[5915, 5917]",E100000003555,E100001000899
281,100.0,[1078],E100000002372,E100000001305
2408,30.0,"[1882, 1883, 5942]",E100000003212,E100000000382
13124,75.0,"[6223, 108950]",E100001010015,E100001000782
2633,20.0,[2642],E100000004061,E100000001119
6588,100.0,[6119],E100000125107,E100000125248
2240,,[1252],E100000002541,E100000001007
2651,,[2691],E100000004117,E100000001356
1900,100.0,[2684],E100000004104,E100000001273
10652,10.0,[6119],E100000125214,E100000125562
5276,,[],E100000121221,E100000121220
215,51.0,[841],E100000001752,E100000001753
268,100.0,[1067],E100000002397,E100000000619
5275,,[],E100000120700,E100000121286
9568,51.0,[6119],E100000125101,E100000125287
2642,56.0,[2668],E100000004087,E100000001753
5264,,[],E100000120447,E100000120446
12836,100.0,[6119],E100000124397,E100000125815
223,,[2120],E100000001569,E100000001113
5885,7.52,[5894],E100000001940,E100001000520
272,50.1,[1070],E100000002398,E100000000651
2466,25.01,"[1986, 5353, 5986]",E100000003348,E100000000874
1915,100.0,[2693],E100000004120,E100000000912
270,41.9,"[1068, 7093, 7100]",E100000002364,E100000000882
4318,,[5870],E100000003816,E100001000819
1902,100.0,[2685],E100000004106,E100000001017
5265,,[],E100000120648,E100000120647
3276,100.0,"[3566, 6144]",E100000002849,E100000001454
229,5.0,[1750],E100000001491,E100000000766
211,20.0,[798],E100000001719,E100000000578
2914,,"[1668, 2313, 2315, 2314, 1145, 1418, 1669]",E100000003705,E100000001204
162,100.0,[2879],E100000001722,E100000000372
258,100.0,"[1053, 1055, 1054, 1052]",E100000002388,E100000000557
2638,27.62,"[2651, 2652, 2650]",E100000004069,E100000000983
8150,23.0,[6119],E100000004110,E100000123577
5267,,[],E100000121457,E100000121458
259,45.5,[1056],E100000002389,E100000000018
1889,100.0,[2675],E100000004118,E100000000419
210,50.0,[840],E100000001718,E100000000649
1903,100.0,[2686],E100000004107,E100000000344
288,100.0,[1085],E100000002379,E100000000016
13163,7.41,[6243],E100001000519,E100001010036
2640,51.0,"[2662, 2661]",E100000004083,E100000000706
260,100.0,[1057],E100000002390,E100000000981
8606,100.0,[6119],E100000125232,E100000125277
1901,100.0,[2685],E100000004105,E100000001017
209,100.0,"[2832, 6387]",E100000001699,E100000000098
1874,49.0,"[2662, 2661]",E100000004083,E100000000698
5268,,[],E100000120112,E100000120446
5884,45.21,[5894],E100000001940,E100000121405
23662,86.09,[101810],E100001014368,E100001014369
377,100.0,[1214],E100000002489,E100000000128
380,100.0,[],E100000002501,E100000000538
1941,100.0,[1706],E100000004150,E100000001331
373,100.0,[1206],E100000002485,E100000000752
1959,100.0,[2739],E100000004173,E100000000706
1939,100.0,[2715],E100000004139,E100000000977
21923,100.0,"[10693, 7931, 109556]",E100001011000,E100000000337
2655,40.0,"[2699, 2701, 2700]",E100000004127,E100000000162
2661,34.0,"[2368, 2716, 2717, 1149]",E100000004149,E100000000553
306,100.0,[3143],E100000002418,E100000001309
354,60.0,"[1178, 1180, 1179]",E100000002464,E100000000621
2653,20.0,[2695],E100000004122,E100000001691
289,100.0,[1086],E100000002381,E100000001047
325,100.0,[1140],E100000002436,E100000000477
324,69.38,[1138],E100000002435,E100000000035
381,,[1217],E100000002502,E100000001132
5283,,[],E100000120236,E100000120235
378,100.0,[1215],E100000002499,E100000001053
5292,,[],E100000121527,E100000120833
4319,,[5870],E100000003816,E100001000820
1923,100.0,[2279],E100000004128,E100000001262
22273,15.0,"[11815, 7999]",E100000121031,E100000121003
292,,[1090],E100000002402,E100000000758
305,50.0,"[5823, 5824, 7090]",E100000002417,E100000000882
1947,100.0,"[2724, 2723]",E100000004155,E100000000015
368,100.0,[1199],E100000002479,E100000001248
312,,[110097],E100000002424,E100000001133
291,100.0,[1089],E100000002382,E100000000014
314,100.0,[1118],E100000002426,E100000001134
5287,,[],E100000121158,E100000121156
21776,100.0,[10439],E100000120764,E100001010889
1917,80.0,[2695],E100000004122,E100000001690
300,45.0,"[1100, 5943]",E100000002413,E100000000382
5294,,[],E100000121246,E100001000694
1948,60.0,[2725],E100000004156,E100000000991
308,100.0,[1109],E100000002420,E100000001048
21626,100.0,[7941],E100001010802,E100000132214
307,100.0,[1108],E100000002419,E100000000757
2654,,[2694],E100000004125,E100000000650
5285,89.0,[6247],E100000120884,E100001000440
296,50.0,"[1094, 1095]",E100000002406,E100000000893
5282,100.0,"[10338, 10342, 10343]",E100000121228,E100000120005
4661,50.0,"[2012, 5989]",E100000003404,E100001000979
335,100.0,[1159],E100000002445,E100000001156
5286,,[],E100000121158,E100000120871
310,100.0,[1111],E100000002422,E100000001068
330,100.0,[1149],E100000002440,E100000000553
327,,"[1145, 1144, 1143]",E100000002438,E100000001204
313,100.0,"[1117, 5748]",E100000002425,E100000000484
375,100.0,[1209],E100000002487,E100000000067
311,100.0,"[1114, 3149]",E100000002423,E100000001133
323,80.0,"[1137, 1136]",E100000002434,E100000000691
339,100.0,[1162],E100000002385,E100000001322
386,100.0,[3257],E100000002491,E100000000395
5288,,[],E100000121361,E100000121360
353,100.0,"[1176, 1177]",E100000002463,E100000000107
1943,100.0,[2720],E100000004152,E100000000467
2663,40.0,[2725],E100000004156,E100000000619
4274,5.0,"[5840, 6354]",E100001000780,E100000000652
322,100.0,"[1135, 1134]",E100000002433,E100000001138
1955,100.0,"[2736, 2108]",E100000004168,E100000000875
344,100.0,"[1169, 1168]",E100000002452,E100000001121
5295,100.0,[115941],E100000120699,E100000120024
334,100.0,[1158],E100000002444,E100000001042
4582,40.0,"[1882, 5942, 1883]",E100000003212,E100000003527
5289,50.0,"[6079, 6070]",E100000120889,E100000001926
1940,37.0,"[2368, 2716, 2717, 1149]",E100000004149,E100000000563
332,74.06,"[1152, 1153, 1154]",E100000002442,E100000000359
5290,,[],E100000121282,E100001000161
2658,,[2028],E100000004134,E100000001198
374,54.0,"[1207, 1208]",E100000002486,E100000001099
4426,28.13,"[5917, 5918]",E100000003555,E100001000900
338,100.0,[1162],E100000002384,E100000001322
298,79.0,"[1096, 1097]",E100000002411,E100000001061
1946,100.0,[1706],E100000004154,E100000001331
4362,100.0,[108618],E100001000869,E100001000755
349,100.0,[3208],E100000002459,E100000001283
1937,100.0,[1706],E100000004138,E100000001331
315,100.0,"[1121, 1120, 1119]",E100000001951,E100000000547
366,100.0,[1196],E100000002477,E100000001386
341,100.0,"[1164, 1163]",E100000002450,E100000001255
1966,25.0,"[2750, 5599]",E100000004180,E100000001705
1958,100.0,[2667],E100000004172,E100000000746
23518,6.4,[100907],E100000001384,E100001000348
290,100.0,"[1087, 1088]",E100000002401,E100000001174
1933,,[2028],E100000004134,E100000001180
333,,"[1155, 1156, 1157]",E100000002443,E100000000761
320,100.0,[1132],E100000002431,E100000000102
347,100.0,[1171],E100000001381,E100000001143
362,,"[1190, 1191]",E100000002473,E100000000382
1985,100.0,[2781],E100000004198,E100000001170
1960,,"[1207, 2740, 2741]",E100000004174,E100000000769
436,100.0,[1269],E100000002555,E100000001176
420,,[1253],E100000002543,E100000001130
2986,,"[2749, 2748]",E100000004179,E100000001445
419,100.0,[3288],E100000002542,E100000001157
387,100.0,[1222],E100000002508,E100000001158
457,100.0,[1288],E100000002621,E100000001323
21777,100.0,[10449],E100000132178,E100001010891
2678,,[2775],E100000004194,E100000001254
13164,7.41,[6243],E100001000519,E100001001119
449,100.0,"[1280, 116393]",E100000002568,E100000000688
460,100.0,[1290],E100000002612,E100000001150
432,100.0,"[1265, 1264]",E100000002497,E100000000104
427,100.0,"[1258, 1259]",E100000002548,E100000001325
1993,100.0,[2789],E100000004204,E100000001371
8562,100.0,[6119],E100000121678,E100000122301
394,100.0,[1235],E100000002516,E100000001170
424,100.0,[1256],E100000002547,E100000001050
17694,27.0,[6119],E100000129795,E100000129991
447,100.0,[1278],E100000002566,E100000000570
2666,,"[1207, 2740, 2741]",E100000004174,E100000001099
440,100.0,[3309],E100000002560,E100000001128
416,100.0,[1250],E100000002539,E100000001070
21627,100.0,[7942],E100001010803,E100000132214
434,100.0,[1267],E100000002498,E100000000388
448,100.0,[1279],E100000002567,E100000000938
1981,,[2775],E100000004194,E100000001378
406,,[1237],E100000002529,E100000000575
429,100.0,"[1263, 1262]",E100000002549,E100000000866
408,100.0,[1242],E100000002531,E100000000757
12351,98.63,[6119],E100000121670,E100000123438
1965,,"[2749, 2748]",E100000004179,E100000001705
389,28.57,"[1226, 1225]",E100000002511,E100000000874
1973,100.0,"[2766, 10688]",E100000004186,E100000000142
391,100.0,[1228],E100000002513,E100000001143
12391,10.95,[6119],E100000121679,E100000124291
2677,37.0,"[2771, 2770]",E100000004189,E100000001102
1974,60.0,[1342],E100000004187,E100000000061
13069,50.0,[6119],E100000121696,E100000126048
426,100.0,[104964],E100000002496,E100000001096
4626,99.99,"[5961, 75721, 75722]",E100000003915,E100001000963
8453,74.0,[6119],E100000121649,E100000123649
1962,,"[2743, 2744]",E100000004176,E100000001705
2676,24.0,[1342],E100000004187,E100000001794
474,100.0,[1293],E100000002633,E100000001170
393,100.0,"[1234, 1233]",E100000002515,E100000001267
5299,,"[8064, 8065]",E100000121558,E100000121523
5297,,[],E100000121499,E100000121522
425,100.0,[1257],E100000002495,E100000001096
442,,[1273],E100000002562,E100000000125
4320,,[5870],E100000003816,E100000000841
455,85.0,[3325],E100000002618,E100000000990
407,100.0,"[1239, 5542]",E100000002530,E100000000727
445,100.0,[1277],E100000002565,E100000001222
2667,,"[2743, 2744]",E100000004176,E100000001445
421,100.0,[3290],E100000002544,E100000001157
388,50.0,"[1224, 1223]",E100000002509,E100000001221
431,100.0,"[1263, 1262]",E100000002551,E100000000866
410,40.0,"[1245, 5907, 5908]",E100000002534,E100000000551
13226,33.33,"[6313, 6315]",E100000120742,E100000121504
13165,11.34,[6243],E100001000519,E100001010037
1969,50.0,"[2762, 2761]",E100000004183,E100000000073
2673,25.0,"[2754, 2755, 2756, 2757]",E100000004182,E100000001213
1982,100.0,"[2776, 2777]",E100000004195,E100000001254
441,100.0,[1272],E100000002561,E100000001146
392,100.0,"[1231, 1232, 1229, 1230]",E100000002514,E100000001163
452,100.0,[1283],E100000002610,E100000001165
1961,100.0,[2742],E100000004175,E100000001300
450,100.0,[1281],E100000002569,E100000001384
414,100.0,[1248],E100000002537,E100000000963
2990,14.0,[1342],E100000004187,E100000000087
435,100.0,[1268],E100000002554,E100000001170
1968,50.0,"[2754, 2755, 2756, 2757]",E100000004182,E100000001180
411,100.0,[1246],E100000002493,E100000000746
451,100.0,"[1282, 5783]",E100000001858,E100000000354
1980,100.0,"[2773, 2774]",E100000004193,E100000001205
473,100.0,"[1291, 1292]",E100000002632,E100000001170
458,100.0,[1288],E100000002620,E100000001323
467,100.0,[],E100000002626,E100000001170
4275,67.5,[5841],E100001000783,E100001000553
2670,,"[2749, 2748]",E100000004179,E100000001720
1977,63.0,"[2771, 2770]",E100000004189,E100000001095
478,100.0,"[1291, 1292, 2499, 6162]",E100000002637,E100000001170
430,100.0,"[1263, 1262]",E100000002550,E100000000866
2674,50.0,"[2762, 2761]",E100000004183,E100000001006
8525,19.0,[6119],E100000121805,E100000121867
501,100.0,"[1328, 1327]",E100000002659,E100000001051
577,100.0,"[1393, 1394]",E100000002189,E100000001476
9712,20.5,[6119],E100000000200,E100000001753
11638,39.24,[6119],E100000121702,E100000124176
519,100.0,"[1357, 1358]",E100000002575,E100000001303
5300,77.86,[7847],E100000121163,E100000001920
535,100.0,[3290],E100000002685,E100000001157
2027,100.0,[2816],E100000004235,E100000000967
1994,100.0,[2790],E100000004205,E100000001714
9773,6.6,[6119],E100000121796,E100000123886
2028,27.0,"[2820, 2822, 2818, 2823, 2824, 2821, 2819]",E100000004236,E100000000387
22414,99.99,[61359],E100000001813,E100001011375
489,100.0,[1308],E100000002651,E100000001134
21628,100.0,[],E100001010804,E100000132214
510,100.0,"[1347, 1346]",E100000002667,E100000150134
504,,"[1336, 1334, 1335, 1337, 1333, 1338]",E100000002661,E100000000753
507,40.0,[1343],E100000002664,E100000000665
13126,6.42,[6225],E100000120155,E100001010017
13166,72.2,"[108330, 108332]",E100001000440,E100001000397
487,100.0,"[1306, 1305]",E100000002648,E100000001226
520,100.0,[1359],E100000002576,E100000001212
5304,,[],E100000120150,E100000000239
526,100.0,"[1366, 10673]",E100000002676,E100000000056
17698,75.0,[6119],E100000130200,E100000123261
2679,19.0,[2487],E100000004201,E100000001603
532,100.0,[1371],E100000002682,E100000001248
566,100.0,"[75109, 75110]",E100000002583,E100000001579
530,100.0,[1368],E100000002680,E100000000860
9266,100.0,[6119],E100000121736,E100000123799
22274,99.96,[11817],E100000120941,E100001011254
514,100.0,[1352],E100000002671,E100000000011
512,100.0,"[1350, 1349]",E100000002669,E100000000794
570,100.0,[3430],E100000002720,E100000001163
492,100.0,"[1312, 1313]",E100000002654,E100000000124
1984,100.0,[2780],E100000004197,E100000001304
12320,50.0,[6119],E100000121680,E100000124284
576,100.0,"[1393, 1394]",E100000002190,E100000001476
4627,35.0,[5962],E100000004062,E100001000915
493,100.0,[1314],E100000002655,E100000001322
517,100.0,[1355],E100000002674,E100000000760
541,44.82,"[5489, 5490]",E100000002692,E100000000185
578,100.0,"[1396, 1395]",E100000002589,E100000001164
561,100.0,[1385],E100000002581,E100000000821
2030,49.0,"[2827, 2826]",E100000004239,E100000000661
585,100.0,[1398],E100000002598,E100000000245
9807,100.0,[6119],E100000121821,E100000121853
522,100.0,[1361],E100000002675,E100000000992
4427,15.63,"[5917, 5918]",E100000003555,E100001000732
495,100.0,[1317],E100000002658,E100000001218
511,100.0,[1348],E100000002668,E100000001120
490,100.0,[1309],E100000002652,E100000000617
7777,92.53,[6119],E100000121731,E100000123464
506,53.35,"[1341, 1342]",E100000002663,E100000000062
488,,[1307],E100000002650,E100000000989
7570,35.0,[6119],E100000121784,E100000123451
2026,,[4864],E100000004234,E100000000691
6555,100.0,[6119],E100000121681,E100000123277
21924,55.0,"[10694, 10695]",E100001010984,E100000123280
533,100.0,[1372],E100000002683,E100000001180
525,100.0,"[1365, 5652, 5653]",E100000002580,E100000001265
17696,100.0,[6119],E100000129346,E100000129729
2999,20.0,"[2820, 2822, 2818, 2823, 2824, 2821, 2819]",E100000004236,E100000000651
4276,22.5,[5841],E100001000783,E100001000576
9713,79.5,[6119],E100000000200,E100000123261
7869,30.0,[6119],E100000121792,E100000123509
13227,33.33,"[6313, 6316]",E100000120742,E100001010068
509,100.0,"[1344, 1345]",E100000002666,E100000000067
4543,100.0,[5934],E100001000017,E100001000937
4321,,[5870],E100000003816,E100001000821
7024,10.0,[6119],E100000121793,E100000123357
1990,80.0,[2487],E100000004201,E100000000882
5301,22.14,[7848],E100000121163,E100001000878
5634,99.9,[5811],E100000121380,E100001000404
575,50.0,"[3431, 5632]",E100000002588,E100000000481
1978,100.0,[2772],E100000004191,E100000000140
5306,,[],E100000120093,E100000120092
11646,10.0,[6119],E100000121686,E100000124179
582,100.0,[1397],E100000002594,E100000000172
586,100.0,[1399],E100000002599,E100000000105
563,100.0,[1387],E100000002714,E100000001411
491,100.0,"[1310, 1311]",E100000002653,E100000001145
502,100.0,[1329],E100000002660,E100000001051
508,78.3,"[1342, 1147]",E100000002665,E100000000059
3155,10.0,"[2820, 2822, 2818, 2823, 2824, 2821, 2819]",E100000004236,E100000000523
3259,8.0,"[2820, 2822, 2818, 2823, 2824, 2821, 2819]",E100000004236,E100000001034
2034,100.0,[2835],E100000004242,E100000000353
2024,100.0,[1259],E100000004232,E100000001325
681,94.9,[1504],E100000002761,E100000001109
639,100.0,[1472],E100000002772,E100000000557
623,25.0,"[1446, 1444, 1447, 114783, 114813]",E100000002605,E100000000654
591,,[1408],E100000002724,E100000000691
2706,15.0,[2882],E100000004285,E100000000376
608,100.0,[1435],E100000002741,E100000000041
4628,20.0,[5962],E100000004062,E100001000964
624,100.0,[1448],E100000002606,E100000001185
638,100.0,"[1471, 107584]",E100000002771,E100000000692
2086,100.0,[],E100000004297,E100000001728
680,35.0,"[1503, 6039]",E100000002814,E100000002129
17706,100.0,[6119],E100000129418,E100000129797
2698,18.8,"[2848, 2847, 1342, 1147]",E100000004254,E100000000084
610,100.0,"[1436, 114262]",E100000002743,E100000001186
2062,100.0,"[2867, 5334]",E100000004273,E100000000047
600,89.0,"[1426, 1789]",E100000002732,E100000000069
677,100.0,[1502],E100000002810,E100000000064
17707,100.0,[6119],E100000129284,E100000129798
2042,100.0,"[2843, 2844]",E100000004253,E100000000970
4428,6.37,[5109],E100000000382,E100001000901
625,26.0,"[1447, 114664]",E100000002607,E100000001185
676,80.0,"[1501, 5926, 114780]",E100000002809,E100000000382
616,100.0,"[1440, 1439]",E100000002750,E100000000815
685,,[110009],E100000002818,E100000001193
2707,55.0,[114797],E100000004299,E100000001247
4322,20.0,"[5871, 1167]",E100000002451,E100000001533
2038,100.0,[2839],E100000004246,E100000001205
679,100.0,[],E100000002813,E100000001606
588,100.0,"[1401, 1403, 1402]",E100000002722,E100000001297
595,60.0,[],E100000002728,E100000000387
607,100.0,[1434],E100000002740,E100000000691
671,100.0,"[1495, 1496]",E100000002804,E100000001293
665,100.0,[1489],E100000002798,E100000000746
641,100.0,[1476],E100000002774,E100000000955
17712,20.0,[6119],E100000129623,E100000129800
2066,100.0,"[2870, 5334]",E100000004276,E100000000047
622,50.0,"[1444, 1445]",E100000002604,E100000001185
596,53.0,"[1418, 1416, 1417]",E100000002729,E100000002248
4277,5.0,[5841],E100001000783,E100001000784
2037,,[2838],E100000004245,E100000000455
2078,100.0,[2883],E100000004289,E100000000075
2045,81.2,"[2848, 2847, 1342, 1147]",E100000004254,E100000000063
4185,100.0,[5780],E100001000627,E100000001140
2700,,"[2853, 2854]",E100000004260,E100000000892
642,100.0,"[1478, 1477]",E100000002775,E100000000754
2077,85.0,[2882],E100000004285,E100000000377
592,34.0,[1409],E100000002726,E100000000050
602,89.0,"[1426, 1789]",E100000002733,E100000000069
618,100.0,[1441],E100000002753,E100000001170
2065,100.0,"[2869, 5334]",E100000004275,E100000000047
682,70.0,"[1506, 1505]",E100000002762,E100000000485
17702,51.0,[6119],E100000129796,E100000129993
662,100.0,"[1486, 3524]",E100000002791,E100000001322
659,100.0,[1483],E100000002792,E100000000591
2709,,[2896],E100000004286,E100000000626
2040,100.0,[2841],E100000004250,E100000000217
17711,50.0,[6119],E100000129623,E100000129695
17713,20.0,[6119],E100000129623,E100000129799
2079,100.0,"[1864, 1797, 2884, 1796, 1795]",E100000004290,E100000001272
630,100.0,"[1459, 5965]",E100000002757,E100000000382
609,100.0,[1435],E100000002742,E100000000041
2060,26.0,"[2862, 2863]",E100000004271,E100000000045
17705,10.0,[6119],E100000129386,E100000129796
17703,39.0,[6119],E100000129796,E100000130377
613,100.0,[3477],E100000002747,E100000001164
599,42.0,"[1421, 1424, 3463, 1422, 1423]",E100000002735,E100000000696
2067,100.0,"[2871, 5334]",E100000004277,E100000000047
683,100.0,[],E100000002816,E100000001244
17704,90.0,[6119],E100000129386,E100000129719
640,100.0,"[1473, 1475, 1474]",E100000002773,E100000000569
2051,100.0,[],E100000004262,E100000001317
2088,45.0,[114797],E100000004299,E100000000127
2072,100.0,[2876],E100000004257,E100000000114
3158,24.0,"[2862, 2863]",E100000004271,E100000001223
636,100.0,"[1468, 1466, 1467]",E100000002769,E100000001311
684,100.0,"[1507, 1508]",E100000002817,E100000001193
3002,24.0,"[2862, 2863]",E100000004271,E100000000044
2061,100.0,"[2865, 2864, 2866]",E100000004272,E100000000052
2075,100.0,[2880],E100000004283,E100000000082
2081,100.0,"[2886, 2885]",E100000004292,E100000001321
626,100.0,[1444],E100000002608,E100000001185
603,100.0,"[1428, 1427]",E100000002738,E100000001240
22542,25.0,[74768],E100001010990,E100000003087
2124,100.0,"[2919, 2042]",E100000004333,E100000001289
2080,100.0,[4932],E100000004291,E100000001321
8287,10.0,[6119],E100000121846,E100000123617
10395,46.63,[6119],E100000121878,E100000123261
2130,100.0,[1486],E100000004339,E100000001322
12078,14.98,[6119],E100000121891,E100000123361
13191,64.57,[6273],E100000120171,E100001000012
2110,100.0,[2904],E100000004320,E100000001326
781,60.0,[1596],E100000002862,E100000001783
22660,7.93,[75069],E100001011067,E100001011659
5323,,[],E100000120802,E100000120801
4629,15.0,[5962],E100000004062,E100001000952
12899,9.76,[6119],E100000121907,E100000125878
2122,50.0,[2917],E100000004331,E100000001170
2090,,[4940],E100000004301,E100000001365
9812,100.0,[6119],E100000121857,E100000123897
716,100.0,[1523],E100000002846,E100000001322
757,50.0,"[1562, 1563]",E100000002912,E100000000648
720,100.0,"[1525, 1524]",E100000002883,E100000001327
12259,31.58,[6119],E100000000230,E100000000189
2715,50.0,[2917],E100000004331,E100000000651
21779,100.0,[10488],E100000131869,E100001010893
742,100.0,[1540],E100000002855,E100000001242
721,,"[1145, 1526, 1527]",E100000002884,E100000001223
17715,2.01,[6119],E100000128237,E100000001753
762,100.0,"[1569, 5992, 5993]",E100000002916,E100000000039
789,75.09,"[1603, 1605, 1604]",E100000001906,E100000000458
765,100.0,[1573],E100000002920,E100000000041
12116,15.0,[6119],E100000121881,E100000124242
8023,12.08,[6119],E100000121949,E100000123541
12004,2.0,[6119],E100000121909,E100000001753
4586,72.0,"[2376, 5946, 5919]",E100000003795,E100001000951
777,6.0,"[1590, 1589, 1592, 1591]",E100000002932,E100000001252
22054,100.0,[11515],E100001011086,E100001000480
730,100.0,[1534],E100000002893,E100000000586
4323,60.0,"[5871, 1167]",E100000002451,E100001000823
726,100.0,"[1529, 5834]",E100000001859,E100000000354
17717,21.67,[6119],E100000128237,E100000128520
699,37.5,"[1511, 1512]",E100000002832,E100000000587
5319,47.99,"[11647, 11648]",E100000120312,E100000000533
772,100.0,"[1580, 1581]",E100000002927,E100000001642
13167,11.0,[6247],E100000120884,E100000004157
700,100.0,[1181],E100000002833,E100000001248
709,100.0,"[114295, 114296]",E100000002839,E100000001194
763,100.0,[1570],E100000002917,E100000000334
2114,,"[1877, 2910]",E100000004323,E100000001248
10851,50.0,[6119],E100000121932,E100000124069
756,80.56,"[1561, 46373]",E100000002910,E100000000678
768,100.0,[1576],E100000002922,E100000000066
711,100.0,[3559],E100000002841,E100000001194
714,100.0,[1521],E100000002844,E100000001322
753,100.0,"[1558, 1557]",E100000002907,E100000001184
758,50.0,[1564],E100000002911,E100000000648
717,100.0,[1522],E100000002847,E100000001322
771,100.0,[1277],E100000002926,E100000001222
747,100.0,[1242],E100000002901,E100000000757
10861,20.0,[6119],E100000121939,E100000123370
705,100.0,[3555],E100000002764,E100000001103
2126,100.0,[2921],E100000004335,E100000000530
4278,5.0,[5841],E100001000783,E100001000785
2713,,"[1877, 2910]",E100000004323,E100000000657
2091,100.0,[2514],E100000004302,E100000001289
773,100.0,[1582],E100000002860,E100000001369
715,100.0,[1522],E100000002845,E100000001322
8493,88.77,[6119],E100000121850,E100000123622
2093,100.0,[2893],E100000004305,E100000000804
3364,100.0,[5127],E100000004295,E100001000093
746,100.0,[1549],E100000002859,E100000001223
5318,,[],E100000121033,E100000120613
732,100.0,[1534],E100000002895,E100000000586
744,100.0,[1543],E100000002856,E100000000071
776,100.0,[1588],E100000002931,E100000001249
2089,100.0,[2892],E100000004300,E100000001297
2132,37.5,"[1444, 2924, 2923]",E100000004341,E100000001185
787,100.0,"[1602, 6040]",E100000002939,E100000000608
2123,100.0,[2918],E100000004332,E100000001289
779,39.0,[5549],E100000002934,E100000000066
704,100.0,[3554],E100000002763,E100000000452
778,50.0,[1593],E100000002933,E100000001832
12042,100.0,[6119],E100000121918,E100000125506
21629,,[7944],E100000120895,E100001010805
9919,93.9,[6119],E100000121928,E100000123370
2708,,[4940],E100000004301,E100000001643
8482,65.0,[6119],E100000121947,E100000121946
738,100.0,"[3578, 5915]",E100000002854,E100000001870
702,100.0,[1515],E100000002835,E100000001306
727,100.0,"[1530, 1531]",E100000002890,E100000001143
5325,32.5,"[6098, 6099]",E100000121008,E100000000649
2121,100.0,[2916],E100000004330,E100000001734
5339,18.0,[],E100000120082,E100000121184
5336,11.5,[],E100000120082,E100000120854
2134,,[],E100000004343,E100000001125
849,100.0,[1299],E100000002993,E100000000383
874,100.0,[3740],E100000003009,E100000001213
795,,"[5676, 5677]",E100000002966,E100000000715
854,,[1673],E100000002877,E100000001165
852,100.0,[1671],E100000002875,E100000000746
17718,6.0,[6119],E100000128953,E100000129059
807,100.0,[3671],E100000002954,E100000001184
855,100.0,[1674],E100000002878,E100000001207
4587,100.0,"[5947, 5948]",E100000002512,E100000001068
839,100.0,[3707],E100000002988,E100000001209
13229,100.0,[6317],E100000121123,E100000121124
4545,100.0,[109016],E100000000526,E100001000557
800,51.0,"[1623, 1624, 5972]",E100000002947,E100000000382
12258,68.42,[6119],E100000000230,E100000125508
796,100.0,[1616],E100000002967,E100000000715
889,100.0,"[3759, 1708, 1707]",E100000003027,E100000000442
792,33.33,"[1610, 1611, 1612]",E100000002942,E100000000132
497,100.0,[1319],E100000004390,E100000001058
2176,100.0,[2938],E100000004387,E100000001170
877,60.0,[1693],E100000003012,E100000001080
799,100.0,[1622],E100000002946,E100000000379
2151,75.01,[2931],E100000004350,E100000000013
888,100.0,[1706],E100000003026,E100000001331
853,100.0,[1672],E100000002876,E100000001207
10855,40.0,[6119],E100000121970,E100000001667
3161,,"[1444, 2924, 2923]",E100000004341,E100000000120
4722,40.0,[6046],E100000003994,E100001001031
5333,72.7,[],E100000120999,E100000120503
818,50.0,"[1644, 1643, 1642]",E100000002970,E100000001225
801,65.0,[1625],E100000002948,E100000000447
866,100.0,[3732],E100000003005,E100000001210
798,35.0,"[1619, 1621]",E100000002945,E100000000724
822,100.0,"[1459, 5503, 114659]",E100000002972,E100000000382
8704,99.04,[6119],E100000121962,E100000121919
3274,15.0,[5012],E100000000895,E100000000894
840,100.0,[3707],E100000002989,E100000001209
850,53.0,"[1668, 1418, 1669]",E100000002874,E100000002248
4630,50.0,"[5966, 532]",E100000001744,E100000000380
803,20.43,"[1628, 1630, 1629, 1627]",E100000002950,E100000000430
863,100.0,[3730],E100000003002,E100000001210
5334,25.0,[],E100000120999,E100000121138
2728,24.99,[2931],E100000004350,E100000001223
864,100.0,[1684],E100000003003,E100000001210
881,100.0,[1698],E100000003020,E100000000552
3278,0.88,[5013],E100000000457,E100000001753
8359,100.0,[6119],E100000121967,E100001000514
328,100.0,"[1146, 1147]",E100000004389,E100000000079
54,100.0,"[5491, 7195]",E100000001483,E100000000360
794,100.0,[1614],E100000002943,E100000000613
5338,18.0,[],E100000120082,E100000120025
872,100.0,[1689],E100000003007,E100000000815
790,50.0,"[1606, 1607]",E100000002941,E100000000975
812,100.0,[1637],E100000002959,E100000001475
884,100.0,[1703],E100000003023,E100000001322
3362,100.0,[5125],E100000004298,E100001000092
867,100.0,[3733],E100000002879,E100000000444
817,50.0,"[1641, 1640, 6258]",E100000002969,E100000001057
2152,100.0,[2932],E100000004351,E100000000707
805,100.0,[],E100000002952,E100000000138
880,100.0,[1697],E100000003019,E100000000542
2153,100.0,[2933],E100000004352,E100000000707
13192,68.71,[6274],E100000120419,E100001010048
838,100.0,[3707],E100000002987,E100000001209
878,40.0,"[1694, 5623, 5624]",E100000003016,E100000000382
3005,,"[1444, 2924, 2923]",E100000004341,E100000000662
875,100.0,[1691],E100000003010,E100000001213
3273,100.0,[5011],E100000000894,E100001000024
865,100.0,[3730],E100000003004,E100000001210
3377,100.0,[2900],E100000004314,E100000001173
5341,34.0,"[5633, 6234]",E100000120154,E100000000641
2717,,[],E100000004343,E100000001108
10434,10.0,[6119],E100000004344,E100000124009
10017,10.0,[6119],E100000004354,E100000122380
804,100.0,[1631],E100000002951,E100000000449
2712,40.0,[2908],E100000004322,E100000001265
9749,90.0,[6119],E100000000201,E100000125771
4430,50.0,"[5920, 5919]",E100000004221,E100000002974
2133,100.0,"[2072, 1541, 1542]",E100000004342,E100000000701
802,100.0,[1626],E100000002949,E100000000441
806,,[1632],E100000002953,E100000002097
836,93.3,[5502],E100000002985,E100000000412
2145,100.0,"[2927, 2035]",E100000004357,E100000000542
882,100.0,"[1700, 1699]",E100000003021,E100000000568
2716,20.0,"[1444, 2924, 2923]",E100000004341,E100000000654
814,100.0,[3678],E100000002961,E100000000975
3275,85.0,[5012],E100000000895,E100000001753
907,100.0,[1735],E100000003043,E100000001220
952,100.0,"[1786, 1785]",E100000003100,E100000000543
909,100.0,[3786],E100000003046,E100000000410
912,,[1739],E100000003049,E100000000645
933,100.0,[],E100000003082,E100000000406
605,100.0,[5880],E100000002737,E100000000424
938,46.41,"[1771, 5584]",E100000003089,E100000000837
5352,20.0,"[7813, 7814]",E100000121038,E100000000247
4316,100.0,"[5868, 5862, 108350]",E100001000817,E100001000400
942,100.0,[1277],E100000003086,E100000001222
958,100.0,[1792],E100000003061,E100000000511
935,50.0,"[1767, 1768, 1769, 1392, 1766]",E100000003084,E100000001184
967,100.0,"[1812, 1814, 1813]",E100000003112,E100000000388
17720,6.0,[6119],E100000128953,E100000129058
4584,90.0,"[5944, 5945]",E100001000949,E100001000750
937,100.0,[1770],E100000003087,E100000000010
936,50.0,"[1767, 1768, 1769, 1392, 1766]",E100000003085,E100000001184
5349,,[],E100000120755,E100000120439
5347,36.9,[],E100000121020,E100000120928
899,,[1727],E100000003036,E100000000749
934,50.2,"[1765, 1763, 1764]",E100000003083,E100000000457
5353,60.0,"[7813, 7814, 7815]",E100000121038,E100000120950
5348,,[],E100000121082,E100000121535
956,100.0,[1791],E100000003105,E100000001029
2598,30.0,"[2577, 2575, 2576, 5921]",E100000003985,E100000000382
900,100.0,"[1728, 3778]",E100000003037,E100000001216
954,100.0,[1277],E100000003103,E100000001222
927,100.0,"[1758, 1759, 5501]",E100000003053,E100000000905
951,100.0,[],E100000003099,E100000000543
959,100.0,[1792],E100000003062,E100000000511
5346,63.1,[],E100000121020,E100000120543
17731,30.57,[6119],E100000129835,E100000129995
973,100.0,[1825],E100000003117,E100000001143
948,100.0,[1242],E100000003097,E100000000757
975,100.0,"[1828, 5768]",E100000001801,E100000000975
21630,,[7944],E100000120895,E100001010806
4280,23.0,[5843],E100001000554,E100001000786
908,100.0,[1736],E100000003045,E100000001170
970,100.0,"[1820, 1821]",E100000002263,E100000001148
901,100.0,[1729],E100000003038,E100000001217
4583,10.0,"[5944, 5945]",E100001000949,E100000000512
17722,100.0,[6119],E100000129695,E100000124696
971,100.0,[1822],E100000003115,E100000001170
21926,45.0,"[10694, 10695]",E100001010984,E100000000173
894,70.0,"[1718, 1719, 1722, 1723, 1720, 1721, 1717]",E100000002042,E100000000763
905,81.0,"[1733, 1732, 1731]",E100000003042,E100000000786
5350,,[],E100000120615,E100000120439
964,100.0,[1808],E100000003109,E100000000178
944,100.0,[1776],E100000003094,E100000001224
926,100.0,[1242],E100000003080,E100000000757
23174,60.0,"[97950, 109464]",E100001013324,E100000001558
961,100.0,"[1795, 1796, 1797]",E100000003106,E100000001272
17729,87.97,[6119],E100000129061,E100000001753
897,100.0,"[1726, 1725]",E100000003015,E100000001215
4249,27.0,[5828],E100001000769,E100001000770
17723,90.0,[6119],E100000129994,E100000125965
953,100.0,[1787],E100000003102,E100000001291
949,,[114285],E100000003059,E100000000606
892,,[1712],E100000003029,E100000001548
4423,100.0,"[5897, 5916, 108505]",E100001000897,E100001000402
941,100.0,"[1775, 1774]",E100000003092,E100000001381
17724,10.0,[6119],E100000129994,E100001000032
946,50.0,"[1778, 1147]",E100000003095,E100000000092
5351,,[],E100000120615,E100000120578
4252,100.0,"[108418, 100830]",E100001000771,E100001000407
4723,50.0,"[774, 6047]",E100000001467,E100000002899
916,100.0,[1745],E100000003070,E100000000525
974,51.0,"[1826, 1827]",E100000003118,E100000001240
929,100.0,[3264],E100000003055,E100000000382
17730,12.03,[6119],E100000129061,E100000123261
4255,,"[5831, 108611]",E100001000772,E100001000774
902,100.0,[1317],E100000003039,E100000001218
962,51.1,[1799],E100000003107,E100000000544
978,100.0,[1831],E100000003066,E100000000850
931,100.0,[114464],E100000003057,E100000001223
4361,100.0,[5894],E100001000866,E100000001940
969,100.0,[1816],E100000003114,E100000000641
21780,50.0,[10488],E100001010893,E100000131748
913,100.0,[1740],E100000003050,E100000000066
4324,100.0,"[5862, 5873, 108350]",E100001000822,E100001000400
965,100.0,"[1291, 1292]",E100000003110,E100000001170
17732,69.43,[6119],E100000129835,E100000129994
939,50.0,"[1772, 1773, 5915]",E100000003090,E100000001870
4546,74.0,[5922],E100001000939,E100001000761
8037,100.0,[6119],E100000125134,E100000124495
1030,100.0,[1858],E100000003178,E100000001230
4369,100.0,"[5899, 5897, 108504]",E100001000875,E100001000876
4232,95.99,[5810],E100000004170,E100001000752
1049,100.0,[1871],E100000003197,E100000000118
513,100.0,"[1351, 1091]",E100000002670,E100000000551
7213,49.0,[6119],E100000122211,E100000123383
4194,14.07,[5784],E100000000455,E100000004095
1047,100.0,[3915],E100000003166,E100000000024
4208,100.0,[2485],E100000003860,E100001000320
4219,19.5,[5800],E100000004126,E100001000732
12880,99.95,[6119],E100000000236,E100000125859
1005,100.0,[1837],E100000003147,E100000001165
4281,23.0,[5843],E100001000554,E100001000787
12226,10.0,[6119],E100000122031,E100000001753
960,100.0,"[1793, 1794]",E100000003063,E100000000814
23618,100.0,[101616],E100001014302,E100001014303
4222,,[5801],E100000003001,E100001000735
1007,100.0,"[3886, 108550, 108551, 108552]",E100000001914,E100000000517
11444,60.86,[6119],E100000122008,E100000123261
4241,100.0,"[5826, 108445]",E100001000763,E100000000650
1061,100.0,"[1877, 1876]",E100000003209,E100000000657
369,100.0,[5875],E100000002480,E100000000020
1017,100.0,[1852],E100000003159,E100000000998
13193,9.86,[6274],E100000120419,E100001010049
131,100.0,"[804, 7756]",E100000001648,E100000000815
8624,65.0,[6119],E100000122038,E100000123237
5753,5.0,"[6210, 6211]",E100000121154,E100000121528
1071,100.0,"[1889, 1888]",E100000003169,E100000000487
7233,49.0,[6119],E100000122310,E100000123409
1042,51.0,"[1865, 114204]",E100000003190,E100000001242
17733,93.75,[6119],E100000130012,E100000123261
1029,100.0,[1858],E100000003177,E100000001230
1012,70.0,"[1845, 1843]",E100000003154,E100000001030
1013,70.0,"[1847, 1846]",E100000003155,E100000001030
1066,100.0,"[1884, 5589]",E100000003213,E100000000077
4589,14.3,"[5949, 109900]",E100000002412,E100001000821
1006,100.0,[1838],E100000003148,E100000000531
17737,100.0,[6119],E100000129058,E100000129121
1063,100.0,[1880],E100000003167,E100000001515
7124,100.0,[6119],E100000122197,E100000000157
8923,5.0,[6119],E100000001599,E100000123261
8335,49.0,[6119],E100000122271,E100000123629
10945,3.22,[6119],E100000122060,E100000001753
4215,72.2,[5793],E100000000955,E100001000729
10478,100.0,[6119],E100000000209,E100000125702
1010,60.0,"[1841, 1843, 1842]",E100000003152,E100000000641
1039,100.0,[1861],E100000003187,E100000001231
204,20.0,[5331],E100000000742,E100000000630
1077,100.0,[1895],E100000003172,E100000001508
890,100.0,"[1709, 1710]",E100000003013,E100000001214
7085,99.0,[6119],E100000122234,E100000122235
4326,50.0,"[1429, 1431, 1430]",E100000002736,E100000001533
106,80.0,[5331],E100000000742,E100000000650
1072,100.0,"[1891, 1890]",E100000003170,E100000001325
604,50.0,"[1429, 1431, 1430]",E100000002736,E100000000651
19948,100.0,[6119],E100000128112,E100000123261
4195,11.97,[5784],E100000000455,E100001000716
8582,1.06,[6119],E100000122119,E100000001753
23331,100.0,"[98761, 98762]",E100001013660,E100001013661
4272,70.0,[100830],E100001000775,E100001000781
10071,100.0,[6119],E100000122053,E100000123483
13230,35.0,"[6317, 6305]",E100000121124,E100001001050
1027,22.49,[5822],E100000003175,E100000000882
23486,100.0,[100747],E100001014084,E100000000127
23541,7.36,[101322],E100000155483,E100001010596
417,100.0,"[1251, 1091]",E100000002540,E100000000551
4727,,"[106069, 106070]",E100000002358,E100000121570
12512,49.0,[6119],E100000122182,E100000000163
7273,35.7,[6119],E100000122266,E100000122261
1068,41.9,[1886],E100000003215,E100000001383
11005,67.0,[6119],E100000122076,E100000124096
1073,100.0,[1259],E100000003171,E100000001325
4216,6.58,[5794],E100000000955,E100001000730
1008,100.0,[1839],E100000003149,E100000000516
11316,100.0,[6119],E100000122177,E100000124127
7221,100.0,[6119],E100000122246,E100000122242
536,99.7,"[1374, 5798]",E100000002686,E100000001008
686,33.61,"[5844, 5845]",E100000002819,E100000000947
4196,7.44,[5784],E100000000455,E100001000717
4197,6.86,[5784],E100000000455,E100001000718
4198,5.81,[5784],E100000000455,E100000000441
4199,5.12,[5784],E100000000455,E100001000719
1067,100.0,[1885],E100000003214,E100000001018
1055,90.0,[1872],E100000003203,E100000000435
23261,51.0,"[98361, 98362, 98363]",E100001013492,E100001013494
17735,100.0,[6119],E100000128797,E100000128940
4218,20.0,[5800],E100000004126,E100001000731
1011,100.0,[1844],E100000003153,E100000000641
8747,2.62,[6119],E100000122003,E100000001753
1015,70.0,[1848],E100000003157,E100000001030
1188,100.0,"[1350, 1349]",E100000003360,E100000000794
6547,100.0,[6119],E100000122380,E100000000173
10668,100.0,[6119],E100000122413,E100000000181
10428,100.0,[6119],E100000000291,E100000125776
21781,100.0,[10458],E100000121424,E100001010896
1145,100.0,[1914],E100000003296,E100000001322
15649,15.84,[6119],E100000127277,E100000127609
4283,23.0,[5843],E100001000554,E100001000789
13295,2.56,[],E100001001101,E100000001753
21631,,[7951],E100000121233,E100001010807
1139,100.0,"[1908, 1909]",E100000003291,E100000000084
17400,50.0,[6119],E100000127289,E100000127989
12919,23.75,[6119],E100000122407,E100000125898
1158,100.0,[1928],E100000003279,E100000001110
7765,53.45,[6119],E100000122384,E100000123466
13099,98.17,[6119],E100000000311,E100000126078
4728,100.0,[105828],E100000001370,E100000001205
1169,100.0,[1945],E100000003320,E100000001242
345,60.0,"[5705, 6342]",E100000002455,E100000000687
1164,100.0,[1938],E100000003314,E100000001223
1171,100.0,[1947],E100000003281,E100000001241
17739,10.0,[6119],E100000130152,E100001000032
7423,9.05,[6119],E100000122509,E100000123428
1159,100.0,"[1930, 1929]",E100000003309,E100000001270
1138,100.0,[3957],E100000003290,E100000000975
10504,8.74,[6119],E100000122366,E100000000226
15648,8.57,[6119],E100000127277,E100001000433
1177,100.0,[1956],E100000003327,E100000000966
13313,100.0,[6371],E100001010121,E100001010088
1180,100.0,"[1959, 1958]",E100000003330,E100000000616
9974,100.0,[6119],E100000122399,E100000123920
1135,100.0,[3957],E100000003286,E100000000975
1176,100.0,[4008],E100000003282,E100000000869
19383,92.44,[6119],E100000127271,E100000123261
1132,100.0,[1904],E100000003287,E100000000975
16195,49.0,[6119],E100000127276,E100000127717
2478,50.0,[2041],E100000003428,E100000000652
1168,100.0,[1944],E100000003319,E100000001135
1192,100.0,"[1971, 1972, 6386, 107517]",E100000003335,E100000000643
16084,41.0,[6119],E100000127283,E100000127694
1178,100.0,"[1894, 1091]",E100000003328,E100000000551
19006,15.0,[6119],E100000128130,E100000001753
6891,9.91,[6119],E100000122600,E100000123337
14378,10.0,[6119],E100000127290,E100000127475
4732,,"[105822, 105823]",E100000000940,E100000120541
18556,8.65,[6119],E100000128133,E100000124815
1181,100.0,"[1539, 5594]",E100000003331,E100000000641
19719,18.0,[6119],E100000127273,E100000128229
10540,44.0,[6119],E100000122408,E100000124026
4238,100.0,[5821],E100000000920,E100001000760
17738,90.0,[6119],E100000130152,E100000130364
1185,,"[1965, 1962, 1964, 1963]",E100000003357,E100000000545
331,60.0,"[1151, 1150, 2068]",E100000002441,E100000000947
21927,100.0,"[10696, 10697]",E100001010987,E100001011001
1130,73.85,[114367],E100000003275,E100000000941
1140,100.0,[1910],E100000003292,E100000000560
8470,100.0,[6119],E100000122502,E100000123611
1150,100.0,[1918],E100000003301,E100000001238
4327,100.0,"[5876, 5862, 108350]",E100001000824,E100001000400
1122,,[1898],E100000003267,E100000001248
293,100.0,[1091],E100000002403,E100000000551
1134,100.0,[1907],E100000003285,E100000000975
10549,15.0,[6119],E100000122350,E100000123914
1133,100.0,"[1906, 1905]",E100000003284,E100000000975
16083,17.0,[6119],E100000127283,E100000127695
1127,100.0,"[3948, 1900]",E100000003272,E100000000130
1137,100.0,[3958],E100000003288,E100000000975
1175,100.0,"[1953, 1954]",E100000003326,E100000001122
1128,100.0,[],E100000003273,E100000001353
4370,100.0,"[5899, 5897, 108504, 108506]",E100001000876,E100001000402
19384,7.56,[6119],E100000127271,E100000128186
13303,75.0,"[6364, 108572]",E100001010112,E100001010113
11611,9.78,[6119],E100000122427,E100000124174
16194,51.0,[6119],E100000127276,E100000127716
12151,90.0,[6119],E100000122487,E100000123393
4590,12.95,"[5949, 109900]",E100000002412,E100001000952
1136,100.0,[3957],E100000003289,E100000000975
4431,100.0,[5922],E100001000567,E100001000761
18557,12.85,[6119],E100000128133,E100000128566
8811,75.0,[6119],E100000122585,E100000000181
18559,7.85,[6119],E100000128133,E100000124702
10653,42.5,[6119],E100000122358,E100000123501
1157,100.0,[1927],E100000003308,E100000001110
8609,15.93,[6119],E100000122479,E100000123680
19439,49.0,[6119],E100000127255,E100000123261
1161,100.0,"[1933, 1932, 5687, 75407]",E100000003311,E100000000805
8236,22.0,[6119],E100000122382,E100000000226
1152,100.0,[1918],E100000003303,E100000001238
15646,10.37,[6119],E100000127277,E100000001753
4547,26.0,"[5936, 5922]",E100001000939,E100000000526
6979,9.32,[6119],E100000122695,E100000123344
12637,89.02,[6119],E100000122657,E100000124333
1226,100.0,[1991],E100000003351,E100000000876
1215,100.0,"[1977, 5354]",E100000003339,E100000000874
4284,8.0,[5843],E100001000554,E100001000790
8705,100.0,[6119],E100000122664,E100000123691
1270,100.0,[2052],E100000003434,E100000000647
16405,10.0,[6119],E100000127304,E100000127786
18416,51.0,[6119],E100000127302,E100000123983
13195,48.36,"[6282, 6283, 6288, 108973]",E100001010050,E100000120441
1249,100.0,[2023],E100000003415,E100000000904
1235,100.0,"[2006, 5819]",E100000003399,E100000001059
13338,23.9,[6378],E100001010128,E100001010132
13335,58.6,[6376],E100001010128,E100000000953
1222,100.0,"[1985, 5352, 5988]",E100000003347,E100000000868
1213,100.0,"[1975, 75236]",E100000003337,E100000000857
13331,6.38,[6376],E100000000953,E100001000730
13346,30.0,[],E100000121383,E100000001753
16404,10.0,[6119],E100000127304,E100000123261
1240,50.0,"[2012, 5989]",E100000003404,E100000000868
1248,100.0,[4076],E100000003414,E100000001278
1221,100.0,[1984],E100000003345,E100000000876
1229,100.0,[4048],E100000003355,E100000000635
1233,100.0,[2003],E100000003397,E100000000521
4548,75.0,"[5922, 108319]",E100001000940,E100001000941
1239,50.0,"[2010, 2011]",E100000003403,E100000000659
1232,100.0,[2002],E100000003396,E100000000140
1284,50.0,[2065],E100000003445,E100000000427
21928,,[10698],E100001010476,E100001011002
1274,100.0,[2057],E100000003439,E100000000792
7079,8.42,[6119],E100000125259,E100000125340
22416,100.0,[61363],E100001000205,E100001011378
1277,100.0,"[4113, 5844]",E100000003442,E100000000947
22543,25.0,[74768],E100001010990,E100001011546
13179,20.43,[6264],E100000121543,E100000000430
1220,100.0,[1983],E100000003343,E100000000868
7553,31.03,[6119],E100000123456,E100000000213
4738,,[106063],E100000001899,E100000120261
1269,100.0,"[2050, 2051]",E100000003388,E100000001146
7554,52.4,[6119],E100000123456,E100000121694
1278,100.0,"[4113, 5844]",E100000002110,E100000000947
1264,100.0,"[2042, 6172, 6174]",E100000003429,E100000001289
22055,15.03,[11515],E100001010523,E100001011087
7626,100.0,[6119],E100000122594,E100000000217
13373,,[],E100001010143,E100001010144
1289,100.0,[2073],E100000003449,E100000000648
4743,40.0,[10561],E100000000373,E100001000914
13329,47.26,[],E100001000740,E100000001753
1279,100.0,"[4113, 2059, 5844]",E100000002111,E100000000947
1236,100.0,"[5507, 5508]",E100000003400,E100000001060
4746,,[],E100001000696,E100000121403
13304,25.0,"[6364, 108572]",E100001010112,E100001010115
13388,100.0,"[6393, 6394, 10511]",E100001010152,E100000120868
13232,65.0,[6317],E100000121124,E100001010069
12706,10.0,[6119],E100000122614,E100000123261
1225,100.0,[1990],E100000003350,E100000001617
1250,100.0,[2024],E100000003416,E100000000904
1234,100.0,"[2004, 2005]",E100000003386,E100000000036
8924,40.0,[6119],E100000001599,E100000123724
10281,40.0,[6119],E100000122779,E100000123984
1224,100.0,"[1988, 1989, 1987]",E100000003349,E100000000870
1275,34.55,[5447],E100000003440,E100000000962
21632,,[7951],E100000121233,E100001010808
1259,100.0,[2036],E100000003424,E100000000912
1286,,[2069],E100000003392,E100000001036
4328,48.7,"[5862, 108350]",E100001000825,E100001000400
4742,60.0,[10561],E100000000373,E100001000935
13360,5.0,[],E100000120606,E100000001753
21782,,[],E100001010896,E100001010897
1267,100.0,"[2046, 7179, 7180]",E100000003432,E100000000878
7552,16.57,[6119],E100000123456,E100000001753
13372,2.47,[],E100000121237,E100000001753
1258,100.0,"[2026, 2025, 1894]",E100000003423,E100000000551
12645,60.0,[6119],E100000122635,E100000123692
4741,100.0,[8039],E100001000934,E100000120262
1292,100.0,[2075],E100000003448,E100000000042
13196,49.88,"[6282, 6284, 6288, 108973]",E100001010050,E100001010051
1246,100.0,[2022],E100000003412,E100000001379
1217,100.0,[1980],E100000003341,E100000000874
6144,52.74,"[6183, 6184]",E100001000740,E100001000441
8925,55.0,[6119],E100000001599,E100000000243
13344,17.5,"[6380, 6381]",E100001010128,E100000122410
1271,100.0,[2054],E100000003436,E100000000122
12529,50.0,[6119],E100000122659,E100000123480
1285,56.0,"[2067, 2066, 2068]",E100000003391,E100000000947
4633,27.0,"[1487, 1203]",E100000002796,E100000000923
9299,18.79,[6119],E100000122698,E100000001753
13412,,"[6406, 107611]",E100001010177,E100001010178
1383,100.0,"[2175, 2174]",E100000003511,E100000001192
13439,100.0,[6431],E100001010206,E100000001169
1343,100.0,[2135],E100000003518,E100000001251
1318,100.0,[2113],E100000003456,E100000000881
1335,100.0,[1181],E100000003466,E100000001248
4329,100.0,[5877],E100000001472,E100000000742
1354,100.0,[2147],E100000003529,E100000000524
1377,100.0,[2172],E100000003507,E100000000913
13437,100.0,[6429],E100001010204,E100000000375
1346,100.0,"[2139, 2138]",E100000003521,E100000000553
4634,10.0,"[1487, 1204]",E100000002796,E100000000928
3920,24.0,[5546],E100000002902,E100001000344
13354,25.0,[6383],E100000121144,E100000000382
23176,97.0,"[97969, 97970, 5864]",E100001013330,E100001000400
1316,100.0,[2111],E100000003454,E100000000859
3921,6.0,[5546],E100000002902,E100001000345
13374,20.0,[],E100001010068,E100000001753
1296,100.0,[2082],E100000003472,E100000001322
1322,100.0,[2118],E100000003460,E100000000861
1302,100.0,"[1358, 2091]",E100000003469,E100000001303
18438,52.0,[6119],E100000128149,E100000123261
13370,100.0,[6385],E100001010141,E100001010138
1363,100.0,[2158],E100000003533,E100000001254
13495,,"[6424, 6455, 6456]",E100001010254,E100001010201
13233,100.0,"[6305, 6318]",E100000001725,E100000120368
13371,100.0,[6385],E100001010142,E100001010138
13383,100.0,[6392],E100001010149,E100001010138
1309,100.0,"[1454, 1453]",E100000003486,E100000001143
13352,50.0,[6382],E100001010135,E100001010136
3919,70.0,[5546],E100000002902,E100001000343
1317,100.0,[2112],E100000003455,E100000000869
1321,100.0,[2117],E100000003459,E100000001073
22417,24.9,[61365],E100000121281,E100001011379
13436,100.0,[6428],E100001010203,E100000000102
1364,50.0,[2159],E100000003535,E100000001123
1307,100.0,[2098],E100000003484,E100000000784
21633,14.83,[7952],E100000121523,E100001010810
16797,51.0,[6119],E100000126481,E100000127877
13197,100.0,[6286],E100000120441,E100001010052
1372,100.0,"[2167, 5224]",E100000003544,E100000000666
13517,99.99,"[6476, 6477]",E100001010278,E100001010270
1338,100.0,"[2132, 2078]",E100000003498,E100000001322
1308,50.0,"[2099, 6153]",E100000003485,E100000001143
1312,100.0,"[2104, 2103]",E100000003450,E100000001471
19935,100.0,[6119],E100000126496,E100000122652
1297,100.0,[2083],E100000003473,E100000001297
1331,100.0,"[1231, 4172]",E100000003493,E100000001163
13396,100.0,[],E100001010163,E100000000537
4592,7.15,"[5949, 109900]",E100000002412,E100001000954
1378,100.0,[1549],E100000003508,E100000001642
18441,28.0,[6119],E100000128149,E100000128550
13456,100.0,[6440],E100001010224,E100000001126
13481,50.0,[6445],E100001010228,E100001000825
13387,100.0,[6385],E100001010154,E100001010138
16985,15.0,[6119],E100000126478,E100000127912
1375,100.0,[5225],E100000003547,E100000001233
15298,15.67,[6119],E100000126136,E100000001753
1329,100.0,"[1292, 2122]",E100000003491,E100000001170
4752,,[],E100001000670,E100000120525
21783,100.0,[10458],E100001010897,E100000000683
1374,100.0,[2169],E100000003546,E100000001280
1345,100.0,[1149],E100000003519,E100000000553
13390,83.28,"[6390, 110170]",E100001010155,E100001000516
13361,4.0,[],E100000121043,E100000001753
13350,50.0,"[6382, 6376]",E100001010135,E100000000953
4372,75.0,"[5897, 5900, 108504, 108509]",E100001000877,E100001000879
1381,100.0,[1796],E100000003509,E100000001272
16808,3.0,[6119],E100000127303,E100000001753
22544,50.0,[74768],E100001010990,E100001011547
18439,10.0,[6119],E100000128149,E100000128552
1298,100.0,[1360],E100000003474,E100000001297
21929,,[10698],E100001010476,E100001010995
1352,38.45,[8093],E100000003527,E100000000699
1382,100.0,"[2175, 2174]",E100000003510,E100000001192
13482,50.0,[6445],E100001010228,E100001010229
16987,10.0,[6119],E100000126478,E100000127926
13228,80.0,[6316],E100001010068,E100000000448
1306,100.0,[2097],E100000003483,E100000001322
1319,100.0,"[2114, 2115]",E100000003457,E100000000859
1342,100.0,[1091],E100000003500,E100000000551
1304,100.0,[1228],E100000003481,E100000001143
13307,77.15,"[6369, 6370]",E100000000849,E100001000090
13483,100.0,[6446],E100001010233,E100001010234
13507,100.0,"[6470, 6468]",E100001010266,E100000001319
16796,49.0,[6119],E100000126481,E100000127899
13440,100.0,[6432],E100000001173,E100001010207
20290,11.55,[6119],E100000126099,E100000130551
21634,99.86,[109561],E100001010809,E100001010811
13460,49.41,[6119],E100000122797,E100000125912
17748,100.0,[6119],E100000129998,E100000130387
13522,100.0,[108861],E100001010056,E100001010281
17743,100.0,[6119],E100000129996,E100000130096
1444,100.0,[1465],E100000003619,E100000000654
1485,100.0,[4316],E100000003663,E100000001268
1488,100.0,[2272],E100000003666,E100000001329
4373,25.0,"[5900, 5897, 108509]",E100001000877,E100001000880
19516,13.0,[6119],E100000128157,E100000001427
13395,67.9,[6398],E100001010159,E100001010162
1425,100.0,"[1485, 2223]",E100000003597,E100000001170
4550,25.0,"[5922, 108319]",E100001000940,E100001000942
13458,25.0,[6119],E100000122806,E100000126052
1492,100.0,[2276],E100000003610,E100000001262
1418,100.0,[2216],E100000003588,E100000001259
13454,100.0,[6439],E100000001291,E100001010222
1469,100.0,[2262],E100000003646,E100000000123
13524,100.0,[108861],E100001010058,E100001010281
1435,100.0,[2193],E100000003516,E100000001253
13465,89.1,[6119],E100000124635,E100000125931
4330,100.0,"[5878, 5879]",E100001000826,E100001000827
4285,31.52,[5845],E100000002819,E100000000960
1411,100.0,"[3143, 5688]",E100000003581,E100000001309
1421,100.0,[2220],E100000003593,E100000001250
19519,18.43,[6119],E100000128157,E100000124944
1475,50.1,[2268],E100000003651,E100000000660
1431,100.0,"[2232, 1358, 2091, 114900]",E100000003601,E100000001303
17750,4.89,[6119],E100000128921,E100000001753
13520,100.0,"[108861, 108873]",E100001010054,E100001010281
5238,,[6339],E100000120480,E100000001926
1494,100.0,[2279],E100000003612,E100000001262
13429,100.0,"[6411, 107450, 107451]",E100001010197,E100001010181
17751,45.0,[6119],E100000128921,E100000123261
1423,100.0,[2222],E100000003595,E100000000979
4754,,[],E100001000684,E100001000685
1460,100.0,[1706],E100000003635,E100000001331
13406,99.76,"[6402, 6403]",E100001010171,E100001010159
16546,83.39,[6119],E100000126099,E100000127826
13476,28.0,[6119],E100000121810,E100000125947
22418,11.74,[61365],E100000121281,E100001011380
1479,100.0,"[2046, 7181, 7182]",E100000003657,E100000000878
1437,100.0,[2237],E100000003603,E100000000390
17746,100.0,[6119],E100000129774,E100000129997
722,100.0,[1528],E100000002885,E100000001732
1438,100.0,[1706],E100000003604,E100000001331
11894,21.0,[6119],E100000122806,E100000123758
4760,,[],E100001000747,E100000120543
1405,100.0,[2205],E100000003574,E100000001257
1466,100.0,"[2259, 6170]",E100000003641,E100000001222
21784,20.0,[10464],E100000132985,E100001010898
17747,100.0,[6119],E100000129997,E100000121878
1493,100.0,"[2277, 2278]",E100000003611,E100000001262
4761,20.0,[],E100001000747,E100000120543
7256,1.87,[6119],E100000122316,E100000001753
17745,100.0,[6119],E100000129799,E100000125589
19520,11.04,[6119],E100000128157,E100000128639
19515,3.75,[6119],E100000128157,E100000001753
1426,100.0,"[2224, 2226, 2225]",E100000003598,E100000001234
13427,51.0,"[6420, 6411, 6421, 6422]",E100001010195,E100001010181
1427,91.7,[2227],E100000003599,E100000001976
23177,74.0,"[97975, 97977]",E100001013331,E100001013330
17749,100.0,[6119],E100000129801,E100000129998
13438,100.0,[6430],E100000001143,E100001010205
13453,20.16,[6119],E100000122316,E100000000651
11892,6.75,[6119],E100000122806,E100000122805
11891,2.47,[6119],E100000122806,E100000001753
13418,100.0,"[6411, 107450, 107451]",E100001010184,E100001010181
1464,100.0,"[2192, 3481, 2258]",E100000003639,E100000001155
1468,100.0,"[2260, 2261]",E100000003645,E100000001642
13484,100.0,"[6447, 6448]",E100001010240,E100001010241
1395,100.0,"[1529, 5782]",E100000001863,E100000000354
22278,50.0,"[11819, 11820]",E100000120680,E100001011257
663,38.0,"[1487, 5967]",E100000002796,E100000000382
10076,12.0,[6119],E100000121810,E100000123936
1434,34.5,[2235],E100000003515,E100000000169
1443,29.2,[5848],E100000003618,E100000000947
19194,100.0,[6119],E100000128161,E100000123261
13461,49.0,[6119],E100000122049,E100000125857
1495,100.0,[2280],E100000003613,E100000001262
13508,65.0,[107594],E100001000703,E100001000397
1404,100.0,[],E100000003573,E100000001104
1400,,"[2202, 2200, 2201]",E100000003512,E100000001860
1432,100.0,[2233],E100000003602,E100000001261
1457,100.0,[2251],E100000003632,E100000001026
13519,98.99,[108861],E100001010282,E100001000638
1428,100.0,[2228],E100000003513,E100000001065
13459,19.77,[6119],E100000002471,E100000001368
1424,100.0,"[2046, 7187, 7188]",E100000003596,E100000000878
1535,70.0,[2318],E100000003683,E100000000903
13533,,[6483],E100001010290,E100001010086
1579,100.0,"[2364, 2363, 5816]",E100000003788,E100000000556
11921,8.0,[6119],E100000001625,E100000000305
1504,100.0,[1181],E100000003687,E100000001248
11307,28.59,[6119],E100000122144,E100000123147
9074,15.56,[6119],E100000122704,E100000123748
1505,100.0,[2288],E100000003688,E100000001074
21635,,[],E100001010812,E100000132383
1503,100.0,[4334],E100000003686,E100000001270
6432,57.49,[6119],E100000000184,E100000123261
1533,50.0,"[2317, 114781]",E100000001931,E100000000524
19208,35.0,[6119],E100000126147,E100000128158
1541,100.0,"[2046, 7177, 7178]",E100000003715,E100000000878
13480,100.0,"[6444, 108428]",E100001010227,E100001000812
13530,90.0,[6482],E100001010287,E100001010289
15326,30.0,[6119],E100000126201,E100000123261
13473,35.0,[6119],E100000122027,E100001000899
4331,100.0,[5881],E100001000830,E100000000424
1549,100.0,[1277],E100000003724,E100000001222
13531,100.0,[6482],E100001010289,E100001010288
4551,75.0,"[5922, 108319]",E100001000941,E100001000943
4763,30.0,[],E100001000747,E100000121080
13512,100.0,"[6474, 6475]",E100001010269,E100000002080
13527,100.0,[109639],E100001010285,E100001000931
13477,5.75,[6119],E100000124803,E100000125903
13467,51.61,[6119],E100000122366,E100000125950
6431,0.32,[6119],E100000000184,E100000001753
21930,100.0,[10699],E100001010988,E100001010462
8043,1.15,[6119],E100000123208,E100000001753
16337,21.94,[6119],E100000127316,E100000127760
4764,10.0,[],E100001000747,E100000121014
1497,100.0,[2281],E100000003615,E100000001263
1508,100.0,[2292],E100000003691,E100000000757
1498,100.0,[2281],E100000003616,E100000001263
16801,85.0,[6119],E100000126110,E100000127693
13510,100.0,"[6472, 6473]",E100001010267,E100000003676
10729,9.17,[6119],E100000122367,E100000001645
13499,,"[6424, 107389]",E100001010257,E100001010201
8621,5.0,[6119],E100000122027,E100000123238
13198,100.0,[6287],E100001010052,E100000000689
10502,13.44,[6119],E100000122366,E100000124019
13173,100.0,[6253],E100000120389,E100001010041
1551,100.0,[2331],E100000003726,E100000000654
13462,89.0,[6119],E100000124072,E100000125886
1594,100.0,"[2383, 5814]",E100000003803,E100000000547
4766,100.0,[46387],E100000001331,E100001000683
1562,100.0,"[2192, 3481]",E100000003765,E100000001155
1536,100.0,[2319],E100000003709,E100000000747
4762,40.0,[],E100001000747,E100000121551
13466,90.0,[6119],E100000125399,E100000125931
15327,70.0,[6119],E100000126201,E100000123682
4769,,[],E100000003656,E100000120936
13463,30.0,[6119],E100000122077,E100000126015
1522,100.0,"[2308, 2307]",E100000003697,E100000001271
13469,62.5,[6119],E100000123208,E100000125872
11308,28.59,[6119],E100000122144,E100000122392
13478,12.23,[6119],E100000122144,E100000125925
13492,100.0,[100830],E100001010252,E100001000407
13474,100.0,[6119],E100000124043,E100001000899
10732,8.74,[6119],E100000122367,E100000000226
10731,8.74,[6119],E100000122367,E100000000293
10728,2.0,[6119],E100000122367,E100000001753
1555,100.0,[4384],E100000003684,E100000000027
15325,49.0,[6119],E100000127323,E100000127582
18581,100.0,[6119],E100000127319,E100000128092
15324,51.0,[6119],E100000127323,E100000127576
10503,8.74,[6119],E100000122366,E100000000293
1499,100.0,[2282],E100000003671,E100000000528
13497,28.82,[6457],E100001010255,E100001010256
1558,100.0,"[2338, 5537]",E100000003766,E100000001335
1509,100.0,[2293],E100000003674,E100000000654
1519,100.0,[2304],E100000003694,E100000000653
1510,100.0,[2294],E100000003675,E100000000654
1511,100.0,[4342],E100000003692,E100000001263
4768,20.0,[10439],E100001000675,E100000120764
13485,50.0,[108835],E100001000844,E100001000840
1506,100.0,[2289],E100000003689,E100000000549
13496,46.32,[6457],E100001010255,E100000000544
1496,100.0,[4327],E100000003614,E100000001262
16802,10.0,[6119],E100000126110,E100000127809
16803,5.0,[6119],E100000126110,E100000127900
13472,19.6,[6119],E100000123753,E100001000899
13475,25.0,[6119],E100000121811,E100000125947
19207,65.0,[6119],E100000126147,E100000123261
13487,100.0,[6451],E100001010249,E100001000404
13500,100.0,"[6424, 107403]",E100001010258,E100001010201
4770,,[8012],E100001000861,E100001000273
13511,,"[6786, 107502, 107503]",E100001010268,E100000003676
13501,100.0,"[6460, 6461, 6462]",E100001010259,E100001010201
13503,100.0,[6463],E100001010261,E100001000743
13468,45.14,[6119],E100000122367,E100000125950
1569,100.0,[2348],E100000003779,E100000001280
21785,,"[10464, 10465]",E100000132985,E100000001247
1507,,"[2290, 2291]",E100000003690,E100000000660
1501,100.0,"[2285, 1671, 2286]",E100000003685,E100000000746
13488,100.0,"[5897, 6452]",E100001010250,E100001000402
1669,100.0,[5958],E100000003854,E100000000840
1689,100.0,[2500],E100000003887,E100000001320
1653,100.0,[2456],E100000003757,E100000000414
1614,100.0,"[1864, 1797, 2402, 1796, 1795]",E100000003819,E100000001272
18973,53.12,[6119],E100000126121,E100000126869
1611,66.67,[2399],E100000003817,E100000000909
19756,2.6,[6119],E100000126112,E100000001753
1694,100.0,"[2506, 1318]",E100000003892,E100000001175
1642,100.0,[1954],E100000003838,E100000001122
18970,8.31,[6119],E100000126121,E100000123273
4552,25.0,"[5922, 108319]",E100001000941,E100001000944
1602,79.94,"[2390, 5627]",E100000003809,E100000001337
18972,8.06,[6119],E100000126121,E100000123542
4783,47.83,[108376],E100000120627,E100001000703
1634,100.0,[2433],E100000003833,E100000001675
1603,100.0,[],E100000003735,E100000001001
1688,100.0,[2499],E100000003886,E100000001260
1606,100.0,[],E100000003813,E100000001282
4436,100.0,"[5922, 108319]",E100001000903,E100001000761
1639,100.0,[2439],E100000003835,E100000000520
1636,100.0,[2435],E100000003749,E100000001280
1693,100.0,"[2504, 2505]",E100000003891,E100000001153
1651,100.0,[2454],E100000003754,E100000000535
1678,100.0,[2487],E100000003877,E100000001590
19952,80.0,[6119],E100000126111,E100000123491
1664,60.0,"[2466, 2467]",E100000003848,E100000000103
4777,,"[10344, 10345, 10346]",E100000120006,E100000000882
4778,,"[10344, 10345, 10346]",E100000120006,E100000000651
4553,99.0,"[5922, 108319]",E100001000944,E100001000945
4375,,[5902],E100001000880,E100001000882
13234,15.0,[6319],E100000004181,E100000003331
1690,23.0,"[2501, 5412]",E100000003888,E100000000436
1643,100.0,"[2443, 2442]",E100000003839,E100000001126
4287,31.0,[5845],E100000002819,E100001000793
19758,70.0,[6119],E100000126112,E100000122055
4595,79.0,"[5944, 5976]",E100001000950,E100001000949
4781,8.0,"[10344, 10345, 10346]",E100000120006,E100000121545
1686,100.0,"[4539, 10442]",E100000003863,E100000001636
1679,100.0,[2488],E100000003879,E100000000526
14364,54.0,[6119],E100000126119,E100000127472
14365,30.0,[6119],E100000126119,E100000126451
1596,100.0,[2386],E100000003805,E100000000538
1687,94.0,"[2498, 4543, 2497, 2496]",E100000003864,E100000000622
4776,,[],E100001000748,E100000121397
1615,100.0,[2403],E100000003820,E100000001284
1691,100.0,[2502],E100000003889,E100000001648
18969,2.83,[6119],E100000126121,E100000001753
1670,80.0,"[2474, 5844]",E100000003855,E100000000947
1648,50.0,"[2450, 2449, 2451]",E100000001809,E100000001197
4332,100.0,[5862],E100001000831,E100001000400
1637,33.53,"[2436, 2438, 2437]",E100000003750,E100000001023
1673,100.0,"[2478, 2479, 2477]",E100000003858,E100000000566
1672,100.0,[2476],E100000003857,E100000000563
1685,60.0,"[2495, 2494]",E100000003885,E100000000552
4779,,"[10344, 10345, 10346]",E100000120006,E100001000480
14363,8.0,[6119],E100000126119,E100000123261
4780,5.0,"[10344, 10345, 10346]",E100000120006,E100000002029
13199,,"[6283, 108973]",E100001010051,E100000000689
1650,100.0,[2453],E100000003753,E100000000536
1652,100.0,[2455],E100000003756,E100000000939
19757,7.4,[6119],E100000126112,E100000123261
1612,100.0,[2400],E100000003738,E100000000973
1607,100.0,[2395],E100000003814,E100000000924
1613,100.0,[2401],E100000003818,E100000001170
4774,50.0,[99642],E100001000476,E100000120591
1675,,"[2482, 2483, 2484]",E100000003859,E100000000919
1654,99.99,"[2457, 6038]",E100000003758,E100000000537
1676,100.0,[2486],E100000003861,E100000001118
4636,16.25,[5969],E100000002414,E100001000967
1610,100.0,[2398],E100000003737,E100000001289
4773,50.0,[99642],E100001000476,E100000120772
13262,100.0,"[1517, 1516, 6337]",E100001010089,E100000000335
1635,100.0,"[1541, 1542]",E100000003834,E100000000165
1630,,[2428],E100000003831,E100000000888
1605,100.0,[2394],E100000003812,E100000001628
17752,6.37,[6119],E100000128921,E100000129062
1697,100.0,[2508],E100000003895,E100000001628
1698,100.0,[1522],E100000003896,E100000001322
1788,90.0,[2590],E100000003998,E100000001751
4437,100.0,"[5922, 108319]",E100001000904,E100001000761
1706,100.0,[2514],E100000003903,E100000001289
1707,100.0,[1181],E100000003904,E100000001248
1699,69.4,[1342],E100000001810,E100000000080
1709,100.0,"[1530, 2516]",E100000003906,E100000001143
4790,,[],E100000120843,E100000120844
1717,100.0,"[2521, 2522]",E100000003868,E100000000048
17759,40.0,[6119],E100000126173,E100000128019
1704,100.0,[1181],E100000003901,E100000001248
1700,100.0,[2511],E100000003897,E100000001119
1751,100.0,[4593],E100000001656,E100000001654
1737,50.0,"[2539, 2538]",E100000003948,E100000001399
1777,100.0,[2579],E100000003987,E100000001982
17764,100.0,[6119],E100000129341,E100000129803
17754,21.8,[6119],E100000128921,E100000129061
17760,100.0,[6119],E100000129508,E100000123874
1710,100.0,[2517],E100000003907,E100000000086
17762,100.0,[6119],E100000129421,E100001000064
1778,100.0,[2580],E100000003988,E100000001223
4789,,[],E100000120363,E100000120362
4554,95.0,"[5922, 108319]",E100001000945,E100001000902
1770,100.0,[2572],E100000003981,E100000000909
17757,50.0,[6119],E100000127090,E100000127476
17756,49.0,[6119],E100000127090,E100000128018
17755,1.0,[6119],E100000127090,E100000001753
1760,100.0,"[2559, 2560]",E100000003924,E100000001075
4795,,[],E100000120769,E100000120182
1718,100.0,"[2521, 2522]",E100000003869,E100000000048
1752,20.0,"[2551, 2550, 2552, 2549, 2547, 2548]",E100000003965,E100000000654
4288,100.0,[5847],E100001000797,E100000000247
1741,100.0,"[2046, 7166, 7167]",E100000003955,E100000000878
1703,100.0,"[2512, 2513]",E100000003865,E100000000874
4798,,[],E100000120723,E100000120751
1720,100.0,"[2521, 2522]",E100000003871,E100000000048
1782,100.0,"[1091, 1894]",E100000003992,E100000000551
4792,,[],E100000120522,E100000120049
4791,,[],E100000120522,E100001000909
17761,100.0,[6119],E100000129295,E100000129802
4793,,[],E100000120522,E100000120841
1776,100.0,"[2578, 4628]",E100000003928,E100000001003
1713,100.0,[2518],E100000003910,E100000000908
4794,,[],E100000120588,E100000120812
1727,100.0,"[2527, 6061]",E100000003873,E100000000433
1712,100.0,[4562],E100000003909,E100000000385
1750,,"[114924, 114926]",E100000001655,E100000001654
4333,100.0,[1894],E100000003220,E100000004166
1702,100.0,[3325],E100000003900,E100000000990
1755,100.0,[2554],E100000003969,E100000000927
17763,100.0,[6119],E100000126179,E100000130257
1701,100.0,[1181],E100000003898,E100000001248
1715,100.0,[2520],E100000003866,E100000001119
1779,100.0,"[2582, 2581]",E100000003989,E100000001223
21931,51.0,[10700],E100001010485,E100001010549
1837,100.0,[2622],E100000004051,E100000000256
16277,51.0,[6119],E100000126162,E100000127742
4804,,[],E100000120637,E100000121582
14621,45.0,[6119],E100000126171,E100000122286
8200,42.0,[6119],E100000122795,E100000123592
17054,20.94,[6119],E100000126163,E100000130251
1825,100.0,[2615],E100000004039,E100000001022
1864,100.0,"[2025, 1091]",E100000004072,E100000000551
4803,,[],E100000120636,E100000121582
4555,75.0,"[5922, 108319]",E100001000942,E100001000943
16761,70.0,[6119],E100000126122,E100000127849
4805,,[],E100000120061,E100001000514
4812,80.0,[],E100000121404,E100000121289
4802,,[],E100000120635,E100000121582
1886,,[2674],E100000003939,E100000001025
1808,100.0,[2606],E100000004020,E100000001135
8193,50.0,[6119],E100000122705,E100000123587
13175,40.0,"[6256, 108973]",E100000000689,E100001010042
17768,30.0,[6119],E100000127387,E100000124133
1819,71.36,"[2609, 75215]",E100000004032,E100000000599
17765,100.0,[6119],E100000129587,E100000129804
22056,20.0,[11515],E100001010523,E100001011088
16548,49.0,[6119],E100000126190,E100000123261
1841,100.0,"[2626, 107328]",E100000003931,E100000001647
15294,100.0,[6119],E100000126188,E100000126701
1832,100.0,"[2616, 107585]",E100000001765,E100000000692
14589,100.0,[6119],E100000126166,E100000123261
22279,100.0,[11822],E100001011257,E100000120486
1821,,[2611],E100000004034,E100000000949
22659,86.56,[75069],E100001011067,E100001011658
18190,10.0,[6119],E100000126153,E100000128075
11501,100.0,[6119],E100000000189,E100000125508
13135,32.44,[6109],E100001010018,E100000121405
1803,51.0,"[2602, 2601]",E100000004015,E100000001755
9202,74.29,[6119],E100000122811,E100000123261
6440,100.0,[6119],E100000122715,E100000123265
4807,,[],E100000120061,E100000121290
22419,5.66,[61365],E100000121281,E100001011381
4438,61.77,"[5923, 5924]",E100000002868,E100001000905
13235,15.0,[6319],E100000004181,E100001010070
4334,100.0,[1894],E100000003548,E100000004166
1876,100.0,[2272],E100000004085,E100000001329
15069,49.0,[6119],E100000126172,E100000126785
1872,100.0,[4716],E100000004081,E100000001177
14641,100.0,[6119],E100000126186,E100000127538
20045,51.0,[6119],E100000126117,E100000128274
21786,100.0,[10466],E100000132444,E100001010899
9163,25.05,[6119],E100000122764,E100000123772
1860,100.0,[2649],E100000004067,E100000000004
1857,,"[2644, 2647, 2646, 2645]",E100000004065,E100000001161
17758,60.0,[6119],E100000126173,E100000127603
1840,,[4676],E100000003930,E100000001365
12225,100.0,[6119],E100000122868,E100000124268
1810,100.0,[1855],E100000004023,E100000000746
12486,36.75,[6119],E100000122775,E100000124299
4811,,[],E100000120725,E100000120724
14880,80.0,[6119],E100000126206,E100000123755
11011,100.0,[6119],E100000122871,E100000000229
4289,89.3,"[5849, 8074]",E100001000798,E100000000811
21636,46.75,[7959],E100000000407,E100001010813
1868,100.0,[2659],E100000004076,E100000001648
4808,,[],E100000121230,E100000120282
16276,49.0,[6119],E100000126162,E100000123261
1824,100.0,[2614],E100000004038,E100000000700
1806,,[2605],E100000004018,E100000000657
1822,50.1,"[2612, 7091]",E100000004035,E100000000651
19737,100.0,[6119],E100000126155,E100000121999
14620,16.5,[6119],E100000126171,E100000123261
1879,100.0,"[2669, 5579]",E100000003935,E100000000273
9374,51.0,[6119],E100000122936,E100000123474
1834,100.0,"[2192, 3481]",E100000004048,E100000001155
16549,51.0,[6119],E100000126190,E100000127826
1892,95.0,[2678],E100000004095,E100000000408
13200,100.0,"[6289, 109665]",E100001000467,E100001010053
13363,13.84,[107512],E100000000643,E100001000178
4806,,[],E100000120061,E100000120223
4810,,[],E100000121366,E100000120438
1807,100.0,[1277],E100000004019,E100000001222
1809,100.0,[2607],E100000004021,E100000000746
17766,100.0,[6119],E100000129804,E100000124133
1838,100.0,[1894],E100000004052,E100000000556
22759,45.0,[75415],E100001011785,E100000001119
14619,14.9,[6119],E100000126171,E100000001753
14622,10.79,[6119],E100000126171,E100000127528
14624,7.81,[6119],E100000126171,E100000127529
14623,5.0,[6119],E100000126171,E100000127530
1870,100.0,[4714],E100000004078,E100000001198
4801,,[],E100000120634,E100000121582
1842,100.0,[2626],E100000002115,E100000001647
18191,39.0,[6119],E100000126153,E100000123657
1836,100.0,"[2620, 2621]",E100000004050,E100000000246
1883,100.0,"[2670, 6161]",E100000004089,E100000001195
1820,100.0,[2610],E100000004033,E100000000636
11922,71.0,[6119],E100000001625,E100000000304
11923,12.0,[6119],E100000001625,E100000124208
1911,100.0,[2688],E100000004115,E100000000134
19177,35.0,[6119],E100000126355,E100000123615
19185,100.0,[6119],E100000126316,E100000123583
16542,20.0,[6119],E100000126426,E100000127687
1932,100.0,[2683],E100000003943,E100000001682
19903,100.0,[6119],E100000126340,E100000123261
1930,100.0,[2706],E100000004133,E100000001282
16857,7.0,[6119],E100000126350,E100000001753
19743,24.0,[6119],E100000126396,E100000124304
16049,30.22,[6119],E100000126342,E100000123261
15859,30.0,[6119],E100000127336,E100000127649
19241,100.0,[6119],E100000126421,E100000126279
16561,100.0,[6119],E100000126415,E100000127829
17041,41.3,[6119],E100000127327,E100000127809
16566,47.88,[6119],E100000126274,E100000127832
18749,8.53,[6119],E100000126264,E100000128110
18285,100.0,[6119],E100000126443,E100000123261
4815,,[],E100000120472,E100001001101
1898,100.0,[4742],E100000004101,E100000000423
4290,29.0,"[1462, 5850, 5848]",E100000002766,E100000002111
1921,43.0,"[5799, 5800]",E100000004126,E100000001017
1951,100.0,[2731],E100000004162,E100000000975
1963,10.0,"[2745, 6320]",E100000004177,E100000001705
19861,51.0,[6119],E100000126430,E100000123368
19233,33.33,[6119],E100000126286,E100000128163
14086,34.0,[6119],E100000126335,E100000127436
1936,72.0,"[2710, 5971]",E100000004137,E100000000382
1931,100.0,"[1864, 1797, 2707, 1796, 1795]",E100000003942,E100000001272
18256,8.5,[6119],E100000126290,E100000128086
16512,100.0,[6119],E100000126413,E100000123261
1919,100.0,[2697],E100000004124,E100000000657
13137,100.0,[6109],E100001000862,E100001010018
1896,100.0,[2681],E100000004099,E100000000418
1988,45.03,[11371],E100000002134,E100000001035
18750,5.9,[6119],E100000126264,E100000128111
18254,3.5,[6119],E100000126290,E100000001753
19905,42.0,[6119],E100000126514,E100000128265
15848,100.0,[6119],E100000126315,E100000123261
16104,34.0,[6119],E100000126306,E100000123318
1967,35.0,"[2753, 2752]",E100000004181,E100000001705
15858,36.0,[6119],E100000127336,E100000123261
16889,4.89,[6119],E100000126348,E100000001753
1916,,[2694],E100000004121,E100000001223
19190,9.16,[6119],E100000127329,E100000128137
17108,100.0,[6119],E100000126331,E100000125099
4639,100.0,"[5944, 5976, 5977]",E100001000969,E100001000949
1970,78.3,"[1342, 1147, 2763]",E100000004184,E100000000059
6121,10.0,[1666],E100001000389,E100001000392
4820,,[],E100000121497,E100000120499
16858,93.0,[6119],E100000126350,E100000123261
19742,25.0,[6119],E100000126396,E100000124337
1964,77.8,"[2746, 2747, 6321]",E100000004178,E100000001705
19904,43.0,[6119],E100000126514,E100000122672
21932,100.0,[10703],E100001010989,E100001010518
16543,80.0,[6119],E100000126426,E100000127686
1897,100.0,"[2682, 4740]",E100000004100,E100000000426
4556,25.0,"[5922, 108319]",E100001000942,E100001000944
1928,100.0,"[2046, 7170]",E100000004132,E100000000878
21637,100.0,[7959],E100001010813,E100001010814
4598,10.74,[5951],E100000002415,E100001000952
19176,10.0,[6119],E100000126355,E100000121890
1918,100.0,[2696],E100000004123,E100000000912
16105,15.0,[6119],E100000126306,E100000127698
6120,10.0,[6160],E100001000389,E100001001103
20887,100.0,[],E100000132372,E100000000252
16541,5.0,[6119],E100000126406,E100000127825
16050,51.0,[6119],E100000126342,E100000127428
4818,,[],E100000120903,E100000120904
16048,18.78,[6119],E100000126342,E100000001753
19841,55.0,[6119],E100000126420,E100000128244
17770,100.0,[6119],E100000127539,E100000130287
4817,,[],E100000121320,E100000000185
16537,100.0,[6119],E100000127335,E100000127824
15860,30.0,[6119],E100000127336,E100000127648
15857,4.0,[6119],E100000127336,E100000001753
1992,100.0,[2788],E100000004203,E100000001712
1954,89.2,"[2735, 2733, 2734]",E100000002051,E100000000863
16145,4.47,[6119],E100000126526,E100000001753
16565,1.12,[6119],E100000126274,E100000001753
1987,100.0,"[2784, 2783]",E100000002136,E100000001045
1976,100.0,"[2767, 1495]",E100000002330,E100000001293
11920,9.0,[6119],E100000001625,E100000123261
1929,100.0,[2705],E100000003941,E100000000434
19862,49.0,[6119],E100000126430,E100000128250
1924,100.0,"[2702, 2703, 2621]",E100000004129,E100000000731
21787,75.84,[10471],E100000132745,E100000004094
13236,74.91,[107595],E100000121408,E100001010018
19842,45.0,[6119],E100000126420,E100000128245
17042,51.0,[6119],E100000127327,E100000127798
4816,,[],E100000120472,E100000120464
19868,0.53,[6119],E100000126391,E100000001753
1972,100.0,"[1147, 2765]",E100000004185,E100000000092
19178,55.0,[6119],E100000126355,E100000123583
16811,49.0,[6119],E100000126464,E100000127902
2013,100.0,[2802],E100000004144,E100000000706
18807,38.45,[6119],E100000126444,E100000123261
2011,100.0,[2800],E100000004142,E100000000706
2052,100.0,"[2046, 7185, 7186]",E100000004263,E100000000878
2035,100.0,[2836],E100000004243,E100000000764
2016,,"[2806, 1212, 1210, 2807]",E100000004225,E100000001092
19710,4.37,[6119],E100000126450,E100000001753
2017,100.0,"[2808, 2809]",E100000004226,E100000000865
19236,97.5,[6119],E100000126448,E100000123261
2025,100.0,[1259],E100000004233,E100000001325
2015,50.0,"[2805, 2804]",E100000004224,E100000000648
17549,100.0,[6119],E100000126477,E100000123204
16485,49.0,[6119],E100000126486,E100000127808
2007,100.0,"[2794, 2795]",E100000004141,E100000000325
15838,51.06,[6119],E100000126488,E100000127643
17774,35.0,[6119],E100000129285,E100000129806
4836,,[],E100000121579,E100000121563
1995,100.0,[2791],E100000004208,E100000001136
16563,44.0,[6119],E100000126446,E100000127831
15495,11.15,[6119],E100000126463,E100000123329
18806,23.17,[6119],E100000126444,E100000001753
2044,100.0,[2846],E100000001720,E100000001237
17596,40.0,[6119],E100000126472,E100000123982
21638,100.0,[7959],E100001010814,E100001010815
16564,51.0,[6119],E100000126446,E100000127830
4336,,[108796],E100001000839,E100001000404
4835,,[],E100000121538,E100000121537
4825,,[],E100000120379,E100000120378
4829,,[],E100000120178,E100000121310
2069,100.0,"[2874, 2873]",E100000004279,E100000001319
19235,2.5,[6119],E100000126448,E100000001753
4828,35.0,"[6279, 6280, 6281]",E100000121231,E100000120910
4291,46.54,[5850],E100000002766,E100001000096
17597,60.0,[6119],E100000126472,E100000128016
2070,27.8,[2875],E100000004280,E100000001391
14466,24.89,[6119],E100000126474,E100000123261
2012,100.0,"[2801, 5541]",E100000004143,E100000000706
1998,,[2792],E100000004140,E100000001180
19712,57.76,[6119],E100000126450,E100000128225
2020,100.0,[2812],E100000004229,E100000000660
4824,,[],E100000121190,E100000120831
2050,100.0,"[2855, 2856]",E100000004256,E100000001315
13237,100.0,[1862],E100000003188,E100000124191
2074,100.0,"[1529, 5774]",E100000001865,E100000000354
9345,65.24,[6119],E100000122902,E100000123814
22280,100.0,"[11869, 11870]",E100000120289,E100001000596
4599,7.15,[5951],E100000002415,E100001000954
10326,29.0,[6119],E100000122907,E100000123994
13176,100.0,"[6257, 5266]",E100001010043,E100001000207
2022,,[2813],E100000004231,E100000000936
2031,100.0,"[2829, 2830, 2828]",E100000004147,E100000001102
11509,100.0,[6119],E100000001666,E100001000028
15839,48.94,[6119],E100000126488,E100000127644
14520,35.0,[6119],E100000126484,E100000000213
4640,100.0,[6216],E100001000971,E100000000826
7694,80.0,[6119],E100000122897,E100000000217
1999,82.1,[5242],E100000004211,E100000000416
1996,100.0,[],E100000004209,E100000001100
16562,5.0,[6119],E100000126446,E100000123261
14521,65.0,[6119],E100000126484,E100000123419
17568,100.0,[6119],E100000126503,E100000128011
14465,21.32,[6119],E100000126474,E100000001753
2056,100.0,[5637],E100000004267,E100000000307
4823,,[],E100000121486,E100000001093
16074,51.0,[6119],E100000126449,E100000127691
4826,30.0,"[6279, 6280, 6281]",E100000121231,E100000000651
15116,25.79,[6119],E100000126458,E100000127449
19158,30.0,[6119],E100000126467,E100000128140
14511,100.0,[6119],E100000126451,E100000123261
9365,24.1,[6119],E100000122925,E100000123818
2049,100.0,"[2046, 7183, 7184]",E100000004261,E100000000878
16999,100.0,[6119],E100000126501,E100000127929
18808,17.68,[6119],E100000126444,E100000128114
19456,36.47,[6119],E100000126485,E100000123261
21788,5.25,[10471],E100000132745,E100001010900
2032,100.0,"[2833, 5970]",E100000004240,E100000000382
9377,24.0,[6119],E100000122886,E100001000436
16812,51.0,[6119],E100000126464,E100000127789
15494,2.46,[6119],E100000126463,E100000001753
15824,100.0,[6119],E100000126454,E100000123261
16584,21.6,[6119],E100000126453,E100000123994
16583,1.44,[6119],E100000126453,E100000001753
14467,53.79,[6119],E100000126474,E100001000451
19455,2.33,[6119],E100000126485,E100000001753
2057,100.0,[2860],E100000004268,E100000000091
21933,,[10705],E100001010991,E100001011003
15496,86.39,[6119],E100000126463,E100000001543
4557,99.33,"[5922, 108319]",E100001000943,E100001000945
16484,51.0,[6119],E100000126486,E100000127807
16073,49.0,[6119],E100000126449,E100000127692
4833,,[],E100000121430,E100000121429
19159,70.0,[6119],E100000126467,E100000124223
2094,100.0,"[4942, 6949]",E100000004306,E100000001193
19711,37.87,[6119],E100000126450,E100000123261
9487,100.0,[6119],E100000122946,E100000123838
4601,21.0,[5944],E100001000950,E100001000959
2096,100.0,"[2894, 2895]",E100000004308,E100000000869
2115,100.0,"[2911, 2152]",E100000004324,E100000000552
9333,20.0,[6119],E100000122987,E100000123404
2128,100.0,"[1944, 6171]",E100000004337,E100000001135
2097,,[2896],E100000004286,E100000000625
17780,17.31,[6119],E100000125093,E100000128943
2188,100.0,[6119],E100000003252,E100000000217
15637,100.0,[6119],E100000126525,E100000123261
2101,100.0,[1181],E100000004312,E100000001248
2195,44.9,"[1070, 5621]",E100000002398,E100000000882
17776,7.02,[6119],E100000125094,E100000001753
4337,100.0,[108801],E100001000840,E100001000404
17777,11.9,[6119],E100000125094,E100000123261
16603,50.0,[6119],E100000126539,E100000127840
2098,,"[2897, 109919]",E100000004287,E100000001006
2150,100.0,"[2929, 2930]",E100000004363,E100000001642
8728,29.0,[6119],E100000122966,E100000123699
2120,100.0,[2915],E100000004329,E100000001327
22281,100.0,[11871],E100000001565,E100001011259
15734,23.26,[6119],E100000126535,E100000127620
13139,74.0,"[5894, 6226]",E100000120811,E100000001940
16683,10.0,[6119],E100000126547,E100000127860
2100,,[2899],E100000004311,E100000000652
22547,100.0,[74771],E100000135421,E100001011548
2189,35.0,"[2951, 102262]",E100000003028,E100000000472
2109,100.0,[2904],E100000004319,E100000001326
14054,100.0,[6119],E100000126519,E100000123768
2178,45.0,[6119],E100000003126,E100000000192
2113,100.0,"[1529, 5835]",E100000001866,E100000000354
14319,48.79,[6119],E100000126540,E100000127464
4641,100.0,[5978],E100001000976,E100001000266
2108,100.0,"[5638, 5639]",E100000004318,E100000001324
19730,15.0,[6119],E100000126534,E100000128232
2129,100.0,[4970],E100000004338,E100000001324
10095,50.0,[6119],E100000123050,E100000123248
19399,80.0,[6119],E100000126549,E100000127603
2186,100.0,[2948],E100000003577,E100000000718
17781,22.45,[6119],E100000125093,E100000128942
22053,43.79,"[11515, 11517]",E100001010523,E100001011086
13177,,[6259],E100000120490,E100000004269
17786,100.0,[6119],E100000129283,E100000129256
8406,100.0,[6119],E100000123007,E100000123558
21934,100.0,[10707],E100000133004,E100001011004
2139,100.0,[],E100000004347,E100000001115
11581,75.0,[6119],E100000123046,E100000123956
16378,49.0,[6119],E100000126531,E100000127725
2197,40.0,"[1079, 1080]",E100000002375,E100000000651
16929,100.0,[6119],E100000126521,E100000124211
19400,20.0,[6119],E100000126549,E100000124698
2119,100.0,[2914],E100000004328,E100000001734
16376,41.0,[6119],E100000126531,E100000127775
2117,100.0,[2913],E100000004326,E100000001170
14317,2.43,[6119],E100000126540,E100000001753
17784,100.0,[6119],E100000128437,E100000124613
13614,1.59,[6119],E100000128282,E100000001753
17785,100.0,[6119],E100000129502,E100000129807
4440,7.56,[5923],E100000002868,E100001000907
19729,76.59,[6119],E100000126534,E100000123261
2144,100.0,[2926],E100000004356,E100000001049
2149,61.0,[],E100000004362,E100000000633
10139,51.0,[6119],E100000123014,E100000123439
9454,100.0,[6119],E100000122983,E100000000157
17779,7.52,[6119],E100000125093,E100000001753
2107,100.0,"[2902, 110288]",E100000004317,E100000001233
17783,5.56,[6119],E100000125093,E100000128944
17778,81.08,[6119],E100000125094,E100000127724
4292,38.5,[5848],E100000001934,E100000000947
2102,100.0,"[1392, 3671]",E100000004313,E100000001184
2155,93.8,"[2936, 2937]",E100000004364,E100000000462
19323,100.0,[6119],E100000126544,E100000126578
2196,,[1073],E100000002366,E100000001213
2192,35.5,[1056],E100000002389,E100000001111
7810,50.0,[6119],E100000122968,E100000123370
2095,100.0,"[2046, 7175, 7176]",E100000004307,E100000000878
2180,,[2942],E100000003384,E100000000154
2147,,[2928],E100000004359,E100000000748
16377,10.0,[6119],E100000126531,E100000127768
2193,12.0,"[1060, 100522, 100517]",E100000002393,E100000000638
2730,30.0,[6119],E100000001842,E100000000308
4839,,[],E100000120055,E100000120056
2191,49.9,[2953],E100000002448,E100000000930
13238,62.0,"[2745, 6320]",E100000004177,E100001010071
2131,100.0,"[2922, 1358]",E100000004340,E100000001303
19728,8.41,[6119],E100000126534,E100000001753
16602,50.0,[6119],E100000126539,E100000127839
16681,30.0,[6119],E100000126547,E100000123261
4600,7.15,[5951],E100000002415,E100001000953
2181,83.43,[2943],E100000003748,E100000001605
4837,100.0,[7909],E100000120799,E100000000014
21639,46.75,[7959],E100000000407,E100001010816
21789,50.0,[10474],E100000132564,E100001010901
10317,40.0,[6119],E100000122959,E100000000188
2135,33.1,"[5919, 5974]",E100000004310,E100000000382
17789,100.0,[6119],E100000129435,E100001000064
7532,5.27,[6119],E100000123065,E100000123443
17791,5.3,[6119],E100000128497,E100000128808
17790,94.7,[6119],E100000128497,E100000123261
2210,26.0,"[777, 3159, 775, 776]",E100000002429,E100000001002
2292,30.0,"[1503, 6039]",E100000002814,E100000001040
8857,100.0,[6119],E100000123092,E100000123715
14492,100.0,[6119],E100000126563,E100000127498
2214,,"[1145, 1144, 1143]",E100000002438,E100000001093
13178,,"[6260, 6261, 6262]",E100000120471,E100000004269
2291,20.0,"[1501, 5926, 114780]",E100000002809,E100000000884
2200,50.0,"[1094, 1095]",E100000002406,E100000001132
2274,33.0,"[1420, 5150, 5984]",E100000002731,E100000000378
13140,25.0,[6109],E100000121340,E100001010018
4602,6.52,[5951],E100000002415,E100001000955
2222,,"[1190, 1191]",E100000002473,E100000001232
11788,70.0,[6119],E100000001842,E100000124193
4850,42.13,"[6979, 6978]",E100000120887,E100000121181
8511,70.0,[6119],E100000123122,E100000123240
2208,49.0,[1110],E100000002421,E100000001598
2275,21.0,"[1421, 1424, 3463, 1422, 1423]",E100000002735,E100000001352
2249,,"[1336, 1334, 1335, 1337, 1333, 1338]",E100000002661,E100000000657
17516,76.0,[6119],E100000126574,E100000124669
2268,50.0,[1400],E100000002600,E100000000495
17792,5.0,[6119],E100000129771,E100000001753
2271,40.0,[],E100000002728,E100000001753
4338,100.0,[5811],E100001000842,E100001000404
2272,17.0,"[1418, 1416, 1417]",E100000002729,E100000000374
2289,25.0,"[1292, 1493]",E100000002801,E100000001287
8361,100.0,[6119],E100000123070,E100000122150
4843,,[],E100000120416,E100000120532
2245,15.0,[3325],E100000002618,E100000000619
23542,47.5,[101324],E100001014210,E100001011247
14445,51.0,[6119],E100000126565,E100000127491
2238,,[1237],E100000002529,E100000001188
14446,49.0,[6119],E100000126565,E100000127492
22546,100.0,[74771],E100001010494,E100000135421
6688,40.0,[6119],E100000123054,E100000123296
21935,100.0,[10707],E100001011004,E100001011005
2199,,[1090],E100000002402,E100000001180
2220,,[1182],E100000002466,E100000000245
19265,100.0,[6119],E100000126557,E100000128167
4847,,[],E100000120287,E100000121544
2246,,[1307],E100000002650,E100000000659
22857,100.0,"[75978, 75979]",E100000132337,E100000131921
4846,,[],E100000120869,E100000121157
4844,100.0,[6203],E100000121536,E100001000743
2243,,[1273],E100000002562,E100000000136
2226,27.0,"[1205, 1204, 1203, 1202]",E100000002483,E100000000923
2252,21.7,"[1342, 1147]",E100000002665,E100000000076
23520,17.81,[100910],E100001014142,E100001014144
2241,,[1253],E100000002543,E100000001157
2293,5.1,[1504],E100000002761,E100000001753
2224,17.0,[1195],E100000002475,E100000000374
22282,5.0,[11872],E100000120948,E100001011260
4558,68.49,[5651],E100000004367,E100000001753
2216,26.0,"[1152, 1153, 1154]",E100000002442,E100000001753
10157,6.28,[6119],E100000123055,E100000123955
2282,19.9,"[1462, 5850]",E100000002766,E100000000952
2280,25.0,"[1446, 1444, 1447, 114783, 114813]",E100000002605,E100000000662
2215,,"[1151, 1150]",E100000002441,E100000000650
2229,25.0,[110168],E100000002500,E100000002119
17787,35.0,[6119],E100000126688,E100000123261
2278,50.0,[1443],E100000002603,E100000000651
2217,,"[1155, 1156, 1157]",E100000002443,E100000001160
2219,40.0,"[1178, 1180, 1179, 5412]",E100000002464,E100000000436
2283,25.66,"[1470, 1469]",E100000002770,E100000000590
10118,50.0,[6119],E100000123078,E100000123945
2250,41.6,"[1341, 1342]",E100000002663,E100000001794
2232,50.0,"[1224, 1223]",E100000002509,E100000000809
16825,100.0,[6119],E100000126566,E100000000261
22760,,"[75417, 75418]",E100001011787,E100000001231
2233,20.0,"[1226, 1225]",E100000002511,E100000000610
15553,100.0,[6119],E100000126552,E100000127602
2269,33.0,[1409],E100000002726,E100000000604
4532,50.0,"[2588, 2587, 6046]",E100000003994,E100000002001
12674,80.0,[6119],E100000123091,E100000124342
2209,12.4,"[1122, 1124, 1123]",E100000002427,E100000001753
19348,89.53,[6119],E100000128177,E100000001753
17517,19.0,[6119],E100000126574,E100000123016
17518,5.0,[6119],E100000126574,E100000123121
14550,0.17,[6119],E100000126556,E100000001753
2223,,"[1192, 1190, 1191]",E100000002472,E100000000583
2227,23.0,"[1207, 1208]",E100000002486,E100000000769
21790,50.0,[10474],E100000132564,E100001010902
4441,5.69,[5923],E100000002868,E100001000908
10232,36.36,[6119],E100000123113,E100000123975
2213,20.62,[1138],E100000002435,E100000000037
19349,10.47,[6119],E100000128177,E100000123261
17793,95.0,[6119],E100000129771,E100000130000
2357,49.0,"[1746, 1747, 1748, 1749]",E100000003072,E100000000392
2342,40.0,[1693],E100000003012,E100000000649
4021,5.89,[5651],E100000004367,E100001000421
2367,10.0,"[3841, 11369]",E100000001029,E100000002134
2386,,[1836],E100000003144,E100000001504
16721,20.0,[6119],E100000126582,E100000126312
2364,50.0,"[1772, 1773]",E100000003090,E100000001833
19947,100.0,[6119],E100000126581,E100000124303
22858,100.0,[],E100001010356,E100001012001
2311,50.0,"[1562, 1563]",E100000002912,E100000000650
16722,51.0,[6119],E100000126582,E100000127876
17804,78.6,[6119],E100000127238,E100000001753
22421,15.0,"[61368, 61367]",E100000121226,E100000001893
17798,100.0,[6119],E100000127406,E100000126779
2327,35.0,[1625],E100000002948,E100000000402
17809,55.0,[6119],E100000128023,E100000128523
17796,100.0,[6119],E100000129808,E100000130001
17812,1.04,[6119],E100000128489,E100000001753
17818,29.75,[6119],E100000126659,E100000126111
17803,100.0,[6119],E100000129501,E100000123261
17815,21.0,[6119],E100000126659,E100000128021
16880,45.0,[6119],E100000126570,E100000127913
2365,25.0,"[1778, 1147]",E100000003095,E100000000090
17814,100.0,[6119],E100000128036,E100000123261
17808,47.14,[6119],E100000128259,E100000128263
14831,49.15,[6119],E100000126575,E100000123261
17795,100.0,[6119],E100000129565,E100000129772
2348,,[1727],E100000003036,E100000000750
2335,49.0,[],E100000002979,E100000000990
4857,100.0,"[7895, 7896, 7897]",E100000121356,E100000000657
2338,25.0,[1667],E100000002871,E100000000991
21936,77.0,[10713],E100001011006,E100001000400
15114,98.98,[6119],E100000126573,E100000123261
2331,50.0,"[1644, 1643, 1642]",E100000002970,E100000001001
22283,5.0,[11872],E100000120948,E100001011261
2369,,"[1810, 1811, 6158, 109984]",E100000003111,E100000001148
17816,19.25,[6119],E100000126659,E100000128022
2368,24.5,[1799],E100000003107,E100000000558
2312,50.0,[1564],E100000002911,E100000000650
2344,,[75097],E100000003022,E100000000786
4603,6.11,[5951],E100000002415,E100001000956
22934,12.98,[76780],E100001012204,E100001012208
17810,45.0,[6119],E100000128023,E100000128524
17794,100.0,[6119],E100000129497,E100001000064
4604,49.0,[107823],E100001000957,E100001000958
2339,17.0,"[1668, 1418, 1669]",E100000002874,E100000000374
17805,21.4,[6119],E100000127238,E100000123261
2341,,[1673],E100000002877,E100000001207
4039,16.45,[5686],E100000000657,E100001000178
4392,95.0,[5864],E100001000885,E100001000400
17806,10.86,[6119],E100000128259,E100000128522
2322,33.33,"[1610, 1611, 1612]",E100000002942,E100000000329
2354,40.0,[1741],E100000003052,E100000000522
22933,13.05,[76780],E100001012204,E100001012207
17801,90.0,[6119],E100000129290,E100000129639
16879,55.0,[6119],E100000126570,E100000122929
2355,,"[1744, 1743, 1742]",E100000003069,E100000000706
2353,,[1739],E100000003049,E100000001753
2358,22.0,"[1754, 1755]",E100000003076,E100000000898
2308,28.0,"[1548, 1547, 1546, 1545]",E100000002858,E100000002130
17797,100.0,[6119],E100000130001,E100000130388
17800,99.01,[6119],E100000126779,E100000123261
17813,98.96,[6119],E100000128489,E100000123261
2326,49.0,"[1623, 1624, 5972]",E100000002947,E100000000448
22420,69.4,"[61366, 61367, 61368]",E100000121226,E100000001371
4643,100.0,[5979],E100001000977,E100000001223
22661,31.68,[75070],E100000000770,E100001011660
17807,42.0,[6119],E100000128259,E100000128521
2383,19.1,[1189],E100000003140,E100000001501
17799,0.99,[6119],E100000126779,E100000001753
4339,100.0,"[2025, 3941]",E100000004171,E100000004166
17811,100.0,[6119],E100000128034,E100000123261
4041,5.44,[5686],E100000000657,E100001000179
2325,32.0,"[1619, 1621, 5417]",E100000002945,E100000000968
2319,40.0,[1596],E100000002862,E100000001332
4851,100.0,"[7859, 7860, 7861]",E100000120778,E100000000014
22548,50.0,"[7734, 74773]",E100000001855,E100001000594
2305,25.0,"[1511, 1512]",E100000002832,E100000001073
16720,17.0,[6119],E100000126582,E100000127678
16719,12.0,[6119],E100000126582,E100000123261
2329,,[1632],E100000002953,E100000000896
4855,,[],E100000120845,E100000000171
21640,25.05,[7964],E100000004098,E100001010817
2372,40.0,"[1833, 1834]",E100000003120,E100000000946
2371,,[1829],E100000003064,E100000000781
2370,49.0,"[1826, 1827]",E100000003118,E100000000801
2318,39.0,[5549],E100000002934,E100000000089
22761,45.0,[75424],E100001011789,E100001011791
15823,50.57,[6119],E100000127345,E100000127638
5592,25.0,[],E100000120318,E100000120245
4862,,[],E100000120971,E100000120968
17329,100.0,[6119],E100000126593,E100000123261
13306,38.0,[6365],E100001010116,E100001010117
16078,61.0,[6119],E100000126602,E100000127691
16384,35.0,[6119],E100000126585,E100000124988
4864,,"[8090, 8091]",E100000120194,E100000000040
13292,100.0,"[6341, 107455]",E100001010109,E100000000687
17820,34.0,[6119],E100000126238,E100000128024
2391,30.0,"[1847, 1846]",E100000003155,E100000000651
17822,10.0,[6119],E100000126238,E100000128026
15290,0.1,[6119],E100000126605,E100000001753
2440,51.0,"[1903, 5680]",E100000003276,E100000001755
2470,50.0,"[2010, 2011]",E100000003403,E100000000657
15312,49.0,[6119],E100000126599,E100000123261
13318,7.7,[7160],E100001010124,E100000000652
13298,30.08,[6363],E100001010111,E100001000492
4863,50.0,"[7750, 7751]",E100000120576,E100000000039
13311,80.0,[6341],E100001010120,E100000000687
16198,50.99,[6119],E100000127346,E100000123261
13312,20.0,[6341],E100001010120,E100000000031
13239,79.0,"[5944, 5976]",E100001010073,E100001000949
14504,23.0,[6119],E100000128179,E100000128334
17821,19.0,[6119],E100000126238,E100000128025
13294,38.5,[6209],E100000120103,E100000001753
13314,100.0,"[6341, 5705]",E100001010122,E100000002455
16550,100.0,[6119],E100000126597,E100000127826
2392,30.0,[1848],E100000003157,E100000000651
4605,46.0,[107823],E100001000957,E100001000960
19232,33.33,[6119],E100000126286,E100000126448
16659,51.09,[6119],E100000126589,E100000126830
2409,,[1886],E100000003215,E100000001582
13279,100.0,[6341],E100001010096,E100000000687
13284,100.0,"[6355, 108647]",E100001010100,E100001010097
16382,45.0,[6119],E100000126585,E100000127768
14664,100.0,[6119],E100000126590,E100000123261
13308,50.0,"[6341, 6366, 107455]",E100001010118,E100000000687
13290,100.0,[6361],E100001010108,E100001010106
16606,51.0,[6119],E100000126611,E100000127840
2481,50.0,[2065],E100000003445,E100000000405
22057,100.0,[5714],E100000003362,E100000001533
13316,10.24,[107524],E100001010123,E100000000652
2405,10.0,[1872],E100000003203,E100000000453
13278,75.0,"[6341, 6350]",E100001000506,E100001010096
21641,20.0,[7964],E100000004098,E100000120470
13293,100.0,[6362],E100000003104,E100000000811
21937,20.0,[10713],E100001011006,E100000000652
13305,62.0,"[6341, 6365]",E100001010116,E100000000687
2448,,"[1965, 1962, 1964, 1963]",E100000003357,E100000000562
16608,39.2,[6119],E100000126611,E100000127841
4859,50.0,"[7748, 7747]",E100000120117,E100000001781
13297,95.28,[6363],E100000002380,E100001010111
22422,15.0,"[61367, 61368]",E100000121226,E100000120756
16607,9.8,[6119],E100000126611,E100000127842
15822,27.91,[6119],E100000127345,E100000127639
15820,2.89,[6119],E100000127345,E100000001753
13309,50.0,"[6366, 6341]",E100001010118,E100000000652
16657,30.0,[6119],E100000126589,E100000127854
13291,100.0,[6361],E100001010107,E100001010108
16658,18.91,[6119],E100000126589,E100000127855
13300,33.75,[6363],E100001010111,E100001010067
2443,50.0,[1931],E100000003310,E100000001389
16383,20.0,[6119],E100000126585,E100000127777
13299,99.99,"[6364, 108572]",E100001010113,E100000000014
16199,49.01,[6119],E100000127346,E100000127720
4340,100.0,"[5884, 5811]",E100001000843,E100001000404
2389,40.0,"[1841, 1843, 1842]",E100000003152,E100000001030
13315,80.0,[],E100000121055,E100000000170
14507,14.04,[6119],E100000128179,E100000128337
2483,,[2069],E100000003392,E100000001334
16077,39.0,[6119],E100000126602,E100000123261
2482,34.0,"[2067, 2066, 2068]",E100000003391,E100000000960
14469,3.54,[6119],E100000126608,E100000001753
2486,20.0,"[2086, 2087, 2084, 2088, 2085]",E100000003475,E100000000662
13319,50.0,[6374],E100000121340,E100000000927
22284,74.99,[11873],E100000000685,E100001011262
15313,51.0,[6119],E100000126599,E100000127575
13317,51.0,[],E100000120318,E100000000163
4866,,[],E100000120970,E100000120968
13296,50.0,[],E100000120218,E100000001051
18039,8.91,[6119],E100000126648,E100000001753
16730,51.0,[6119],E100000126612,E100000127880
8056,70.0,[6119],E100000123135,E100000123553
2549,28.0,"[2376, 5946]",E100000003795,E100000000651
2506,,"[2202, 2200, 2201]",E100000003512,E100000001862
2582,6.0,"[2498, 4543, 2497, 2496]",E100000003864,E100000000108
4606,5.0,[107823],E100001000957,E100000001753
2512,70.8,[5848],E100000003618,E100000001753
2490,76.0,"[1447, 2119]",E100000003489,E100000001218
17523,0.5,[6119],E100000126623,E100000001753
2578,15.0,[114241],E100000003882,E100000000846
22285,100.0,[11874],E100001000678,E100001011263
13180,19.51,[6264],E100000121543,E100000000413
14056,13.07,[6119],E100000126615,E100000127432
16692,51.0,[6119],E100000126633,E100000127030
2498,29.9,[2162],E100000003539,E100000000746
14057,83.59,[6119],E100000126615,E100000127431
4875,,[],E100000121476,E100000120170
2526,30.1,[2268],E100000003651,E100000000655
2507,60.0,"[2208, 5593]",E100000003579,E100000002157
17058,49.0,[6119],E100000126668,E100000130252
16052,80.0,[6119],E100000126640,E100000127686
2562,,[2428],E100000003831,E100000001359
17524,99.5,[6119],E100000126623,E100000128004
2556,26.67,[2399],E100000003817,E100000000648
18200,10.0,[6119],E100000126617,E100000125512
13240,21.0,"[5944, 5976]",E100001010073,E100001000959
15758,100.0,[6119],E100000126626,E100000123261
16997,49.0,[6119],E100000126642,E100000123261
2493,24.9,"[2140, 5493]",E100000002127,E100000001016
13143,,"[6227, 6228]",E100001010020,E100001010019
4876,,[],E100000121146,E100000121145
2536,,"[1668, 2313, 2315, 2314, 1145, 1418, 1669]",E100000003705,E100000000466
2565,50.0,"[2450, 2449, 2451]",E100000001809,E100000001086
17036,16.08,[6119],E100000126650,E100000130246
16464,21.0,[6119],E100000126613,E100000127798
16461,63.0,[6119],E100000126613,E100000127050
2494,65.0,"[2153, 2152]",E100000003502,E100000000543
2572,20.0,"[2474, 5851]",E100000003855,E100000001361
22549,50.0,"[7734, 74773]",E100000001855,E100001011549
2497,24.1,"[2161, 4205]",E100000003538,E100000000399
19433,47.33,[6119],E100000126654,E100000128198
2575,,"[2482, 2483, 2484]",E100000003859,E100000000769
2579,10.0,[2492],E100000003883,E100000000846
11076,49.0,[6119],E100000123123,E100000123240
18199,90.0,[6119],E100000126617,E100000130259
2585,23.3,[1342],E100000001810,E100000000059
16731,49.0,[6119],E100000126612,E100000123838
2504,,"[2188, 2186, 2187]",E100000003560,E100000000649
2581,26.0,"[2495, 2494]",E100000003885,E100000000559
21793,100.0,[10476],E100001010902,E100001001070
16693,25.0,[6119],E100000126633,E100000127862
16694,24.0,[6119],E100000126633,E100000127863
19432,52.67,[6119],E100000126654,E100000123261
19943,22.5,[6119],E100000126624,E100000128270
19940,12.0,[6119],E100000126624,E100000128028
19939,8.6,[6119],E100000126624,E100000124337
19941,5.4,[6119],E100000126624,E100000124304
2546,50.0,[2343],E100000001764,E100000000005
2500,,[],E100000003550,E100000001108
18041,80.06,[6119],E100000126648,E100000123686
2583,,[2501],E100000003888,E100000001638
21938,65.0,"[109667, 109668, 109669]",E100000120798,E100001011007
4872,100.0,[10350],E100000121469,E100000001830
16051,20.0,[6119],E100000126640,E100000127687
22762,55.0,[75424],E100001011789,E100000124869
15830,100.0,[6119],E100000126629,E100000127641
17482,99.0,[6119],E100000126637,E100000127561
2510,8.3,[2227],E100000003599,E100000001753
22058,100.0,[11521],E100000003592,E100001011091
16463,10.0,[6119],E100000126613,E100000127799
16462,6.0,[6119],E100000126613,E100000127800
2489,49.0,[2109],E100000003453,E100000000863
19102,0.37,[6119],E100000126646,E100000001753
14055,3.33,[6119],E100000126615,E100000001753
4873,,[],E100000120880,E100000001826
17644,2.0,[6119],E100000127804,E100000001753
17037,15.92,[6119],E100000126650,E100000130248
17035,14.38,[6119],E100000126650,E100000127809
17034,2.61,[6119],E100000126650,E100000001753
2499,,[2168],E100000003545,E100000001223
22423,18.54,[61370],E100000135336,E100000000319
21642,100.0,[7965],E100001010818,E100000131999
16291,40.0,[6119],E100000126656,E100000127744
13913,5.53,[6119],E100000126631,E100000001753
17481,1.0,[6119],E100000126637,E100000001753
4559,100.0,"[5938, 5939]",E100001000946,E100001000546
17057,51.0,[6119],E100000126668,E100000123822
3753,100.0,"[5368, 5369]",E100000002001,E100001000210
19942,51.5,[6119],E100000126624,E100001000403
16998,51.0,[6119],E100000126642,E100000127927
17038,51.0,[6119],E100000126650,E100000127798
4870,50.0,"[6071, 6070]",E100000120132,E100000000039
2675,21.7,"[1342, 1147, 2763]",E100000004184,E100000000076
17653,99.82,[6119],E100000127396,E100000123682
17652,0.18,[6119],E100000127396,E100000001753
2612,49.0,"[2602, 2601]",E100000004015,E100000000003
2623,44.9,"[2612, 7091]",E100000004035,E100000000882
13241,93.24,[6322],E100001010074,E100001000663
2660,28.0,"[2710, 5971]",E100000004137,E100000000651
4892,10.0,[7849],E100000120566,E100000000659
2607,,"[2592, 2591, 2593]",E100000004006,E100000000273
4879,100.0,"[75770, 75771]",E100000120036,E100000001982
2652,,[2694],E100000004121,E100000000912
12848,87.13,[6119],E100000123252,E100000125827
17649,100.0,[6119],E100000128051,E100000123261
10835,26.04,[6119],E100000123172,E100000124067
2627,20.0,"[2624, 2625, 2623]",E100000003929,E100000000946
2628,,[4676],E100000003930,E100000001643
11079,94.0,[6119],E100000123144,E100000000310
4891,100.0,[6372],E100000120933,E100000000652
6355,80.0,[6119],E100000123248,E100000124402
2645,,[2674],E100000003939,E100000000732
4297,100.0,"[5856, 108315]",E100001000801,E100001000396
6463,31.91,[6119],E100000123276,E100000124413
2587,26.0,"[2519, 5412, 5414]",E100000003911,E100000000436
4887,,[],E100000120476,E100000000935
10183,99.9,[6119],E100000123214,E100000123962
4883,,[],E100000120585,E100000120852
9135,61.59,[6119],E100000123265,E100000001753
2592,80.0,"[2551, 2550, 2552, 2549, 2547, 2548]",E100000003965,E100000001155
2637,,"[2644, 2647, 2646, 2645]",E100000004065,E100000001262
6493,46.85,[6119],E100000125269,E100000000170
4890,,[],E100000120554,E100000120572
13144,,[6229],E100001010021,E100001010020
4889,,[],E100000120554,E100000120972
2591,20.0,[2535],E100000003946,E100000000705
4393,47.5,"[5903, 108403, 108405]",E100001000884,E100001000885
2665,10.8,"[2735, 2733, 2734]",E100000002051,E100000001753
17647,86.05,[6119],E100000127805,E100000123261
17648,8.26,[6119],E100000127805,E100000130286
17646,5.68,[6119],E100000127805,E100000001753
2600,15.0,[2589],E100000003995,E100000001657
2646,5.0,[2678],E100000004095,E100000000438
13181,6.03,[6264],E100000121543,E100001010044
2593,,"[2556, 2557, 2558]",E100000003972,E100000000607
6843,80.0,[6119],E100000123184,E100000123322
11423,20.0,[6119],E100000123233,E100000124835
9516,100.0,[6119],E100000123199,E100000123261
2590,,[2530],E100000003919,E100000002110
17650,40.0,[6119],E100000127056,E100000123261
2596,50.0,[2562],E100000003975,E100000000053
16746,51.0,[6119],E100000126672,E100000127877
2754,5.0,[1070],E100000002398,E100000000776
2690,50.0,[5920],E100000004221,E100000000609
17673,85.0,[6119],E100000129794,E100000129988
17680,69.0,[6119],E100000128705,E100000128938
4902,,"[7880, 7878]",E100000120587,E100000120460
2718,66.9,[5974],E100000004310,E100000000460
2775,,"[1226, 1225]",E100000002511,E100000000745
2757,,[1100],E100000002413,E100000001680
17667,100.0,[6119],E100000127407,E100000128017
22763,100.0,[75432],E100001011792,E100001011526
17678,35.0,[6119],E100000129614,E100000129794
17676,100.0,[6119],E100000128312,E100000123261
19748,30.0,[6119],E100000126674,E100000128233
16747,49.0,[6119],E100000126672,E100000127883
16670,65.0,[6119],E100000126673,E100000126812
2729,6.2,"[2936, 2937]",E100000004364,E100000000400
17552,75.0,[6119],E100000126663,E100000124602
2762,10.0,[1138],E100000002435,E100000001753
2760,18.0,"[777, 3159, 775, 776]",E100000002429,E100000000993
4343,,[108809],E100001000846,E100001000404
19076,32.75,[6119],E100000126666,E100000123261
22424,8.01,[61369],E100000000319,E100001011382
17392,9.95,[6119],E100000126676,E100000127988
2727,39.0,[],E100000004362,E100000000634
2759,50.0,"[5823, 5824, 7090]",E100000002417,E100000000890
2692,,"[2806, 1212, 1210, 2807]",E100000004225,E100000000710
17655,32.0,[6119],E100000127325,E100000127480
2779,,"[1336, 1334, 1335, 1337, 1333, 1338]",E100000002661,E100000000465
4901,,[],E100000120571,E100001000662
22059,99.99,[11523],E100001011092,E100001011093
19747,67.0,[6119],E100000126674,E100000124591
2767,,"[1192, 1190, 1191]",E100000002472,E100000001236
17654,28.0,[6119],E100000127325,E100000000188
21939,100.0,[10715],E100001011007,E100001011008
22286,25.0,[11875],E100001011263,E100000000706
19234,33.33,[6119],E100000126286,E100000126901
19077,64.09,[6119],E100000126666,E100000128135
2768,30.0,[1195],E100000002475,E100000001753
2753,10.0,[1056],E100000002389,E100000000719
2697,,[2838],E100000004245,E100000000393
2699,,"[2851, 2852, 2853]",E100000004259,E100000000892
4895,10.0,[7849],E100000120566,E100000120855
17662,100.0,[6119],E100000127574,E100000123682
4900,59.5,[7165],E100000120569,E100000121375
2745,15.0,[6119],E100000003134,E100000000219
19038,0.45,[6119],E100000126664,E100000001753
2693,,[2813],E100000004231,E100000000940
2704,24.0,"[2862, 2863]",E100000004271,E100000000841
17657,100.0,[6119],E100000127576,E100000123682
17672,5.0,[6119],E100000129794,E100000001753
2750,30.0,"[2951, 102262]",E100000003028,E100000000001
2710,,[2899],E100000004311,E100000000646
2771,23.0,"[1207, 1208]",E100000002486,E100000000672
2755,23.4,"[1079, 1080]",E100000002375,E100000000841
17043,24.01,[6119],E100000126675,E100000127693
17661,100.0,[6119],E100000127575,E100000123682
17045,14.65,[6119],E100000126675,E100000127809
17681,31.0,[6119],E100000128705,E100000128939
2694,15.0,"[2820, 2822, 2818, 2823, 2824, 2821, 2819]",E100000004236,E100000000728
22550,9.43,"[74779, 110011]",E100000001132,E100001010595
2777,,[1273],E100000002562,E100000001308
4893,40.0,[7849],E100000120566,E100001000177
21794,42.38,[10480],E100000132567,E100001010905
2778,,[1307],E100000002650,E100000000630
2696,51.0,"[2827, 2826]",E100000004239,E100000001032
2705,24.3,[2875],E100000004280,E100000001591
4894,40.0,[7849],E100000120566,E100000120565
2746,16.57,[2943],E100000003748,E100000001685
17679,100.0,[6119],E100000128964,E100000123261
21643,62.2,[7966],E100000000864,E100001000094
17044,10.34,[6119],E100000126675,E100000130250
22662,9.66,[75070],E100000000770,E100001011661
17666,100.0,[6119],E100000128016,E100000123261
19075,3.16,[6119],E100000126666,E100000001753
16615,100.0,[6119],E100000126658,E100000123994
17669,100.0,[6119],E100000128519,E100000128805
17677,65.0,[6119],E100000129614,E100000129639
19938,100.0,[6119],E100000126661,E100000128246
19746,3.0,[6119],E100000126674,E100000001753
2725,,[2928],E100000004359,E100000000604
17046,51.0,[6119],E100000126675,E100000127798
4694,10.0,[6026],E100000004013,E100000000003
22859,51.0,"[75984, 75985, 75987]",E100001012003,E100000000863
17391,89.55,[6119],E100000126676,E100000123261
17390,0.5,[6119],E100000126676,E100000001753
2691,50.0,"[2805, 2804]",E100000004224,E100000000652
2766,,"[1190, 1191]",E100000002473,E100000000131
2682,,[2792],E100000004140,E100000001213
4903,,[],E100000120604,E100000121451
17674,10.0,[6119],E100000129794,E100000123372
2773,,[1217],E100000002502,E100000001031
17867,52.54,[6119],E100000128896,E100000123261
2821,6.03,"[1628, 1630, 1629, 1627]",E100000002950,E100000000425
4299,100.0,"[5856, 108315]",E100001000802,E100001000396
15850,90.01,[6119],E100000126681,E100000127645
2792,9.58,"[75128, 75129]",E100000002727,E100000000145
2844,15.0,[5822],E100000003175,E100000001083
17844,16.0,[6119],E100000126370,E100000128033
2839,1.3,[1189],E100000003140,E100000001753
17831,90.0,[6119],E100000126577,E100000128027
17856,38.94,[6119],E100000126931,E100000124339
2866,1.0,"[1948, 1951, 1949, 1950]",E100000003322,E100000001753
17823,100.0,[6119],E100000128105,E100000123261
21940,11.09,[10715],E100001011008,E100001011009
4909,50.0,[10383],E100000120698,E100000120567
17836,32.0,[6119],E100000128037,E100000123261
17869,100.0,[6119],E100000128065,E100000127093
22663,8.76,[75070],E100000000770,E100001011662
4607,100.0,[5953],E100001000958,E100000000840
16669,15.0,[6119],E100000126673,E100000123261
17838,85.0,[6119],E100000128028,E100000124705
2811,18.75,"[1511, 1512]",E100000002832,E100000000600
17846,20.0,[6119],E100000126513,E100000124327
2820,20.0,[5412],E100000002945,E100000000436
4907,,[],E100000120004,E100000120003
17834,42.14,[6119],E100000127215,E100000123261
17864,3.3,[6119],E100000126865,E100000001753
2780,2.53,"[1341, 1342]",E100000002663,E100000000081
17825,100.0,[6119],E100000128022,E100000123261
2826,36.0,[1705],E100000003051,E100000001077
17827,1.01,[6119],E100000128658,E100000001753
2864,30.0,[1916],E100000003298,E100000000944
22764,100.0,[75470],E100001010363,E100001011734
17828,98.99,[6119],E100000128658,E100000123261
2791,33.0,[1409],E100000002726,E100000000649
2849,30.0,"[1882, 1883, 5942]",E100000003212,E100000000657
2799,20.0,"[1470, 1469]",E100000002770,E100000000584
22060,38.49,[11525],E100000001003,E100001011095
4344,100.0,[5885],E100000003594,E100001000849
17865,96.7,[6119],E100000126865,E100000124415
16399,74.0,[6119],E100000127349,E100000123261
16400,26.0,[6119],E100000127349,E100000127780
15851,9.16,[6119],E100000126681,E100000122320
22425,7.07,[61369],E100000000319,E100001011383
17842,27.0,[6119],E100000126370,E100000128032
2832,20.96,"[1778, 1147]",E100000003095,E100000001507
2816,40.0,[1166],E100000002930,E100000001753
2796,25.0,"[1446, 1444, 1447, 114783, 114813]",E100000002605,E100000000649
17862,100.0,[6119],E100000129007,E100000129122
17833,100.0,[6119],E100000128025,E100000123261
17860,35.71,[6119],E100000129734,E100000124418
17873,100.0,[6119],E100000128064,E100000123261
17872,88.1,[6119],E100000126416,E100000126505
2825,30.0,"[1694, 5623, 5624]",E100000003016,E100000000890
17871,11.9,[6119],E100000126416,E100000123261
17866,35.92,[6119],E100000128896,E100000001753
2823,17.0,[1660],E100000002984,E100000001002
2848,50.0,"[5413, 114211]",E100000003211,E100000001720
17824,100.0,[6119],E100000128021,E100000123261
2867,12.0,[1957],E100000003329,E100000000601
22551,6.05,"[74779, 110014]",E100000001132,E100001011551
17826,100.0,[6119],E100000128024,E100000123261
2788,6.4,[1384],E100000002711,E100000001567
2793,30.0,"[1418, 1416, 1417]",E100000002729,E100000001753
2819,33.33,"[1610, 1611, 1612]",E100000002942,E100000000330
17861,35.71,[6119],E100000129734,E100000124534
17868,11.54,[6119],E100000128896,E100000129063
17835,57.86,[6119],E100000127215,E100000128029
4911,,[],E100000120709,E100000120849
4908,50.0,[10383],E100000120698,E100000001982
2794,11.0,"[1421, 1424, 3463, 1422, 1423]",E100000002735,E100000000492
22287,65.0,"[11877, 11878]",E100001011263,E100001011264
17870,100.0,[6119],E100000127023,E100000123223
17829,100.0,[6119],E100000126636,E100000122652
17840,100.0,[6119],E100000128660,E100000123261
23332,70.0,[98764],E100001013663,E100001013664
4906,,[],E100000120640,E100000121583
17845,80.0,[6119],E100000126513,E100000122652
16671,20.0,[6119],E100000126673,E100000127858
17830,10.0,[6119],E100000126577,E100000128028
18875,98.0,[6119],E100000126680,E100000123261
17855,100.0,[6119],E100000129513,E100000123261
17839,15.0,[6119],E100000128028,E100000124324
4904,,[],E100000120931,E100000120930
21795,100.0,[10481],E100000132398,E100000001147
2815,45.0,[1560],E100000002909,E100000001753
22860,49.0,"[75984, 75987]",E100001012003,E100000000170
17851,100.0,[6119],E100000128522,E100000123261
17832,100.0,[6119],E100000128030,E100000124705
4696,29.0,[6026],E100000004013,E100001001012
17837,68.0,[6119],E100000128037,E100000128525
17843,27.0,[6119],E100000126370,E100000128031
15849,0.83,[6119],E100000126681,E100000001753
2812,,"[1145, 1526, 1527]",E100000002884,E100000001204
4905,,[],E100000120640,E100001000932
13242,100.0,[6322],E100001010075,E100001010074
2908,,[2268],E100000003651,E100000001688
16668,100.0,[6119],E100000126685,E100000122875
19167,30.0,[6119],E100000126678,E100000128146
4926,,[],E100000121294,E100000121461
16118,20.0,[6119],E100000126699,E100000127702
13266,96.52,[5713],E100001000499,E100001010090
2894,19.1,"[2161, 4205]",E100000003538,E100000000432
13145,100.0,"[6229, 109531]",E100001010022,E100001010020
19352,51.0,[6119],E100000126704,E100001000398
9931,23.22,[6119],E100000123418,E100000124653
2910,5.1,[2269],E100000003658,E100000001753
20888,100.0,[],E100000131629,E100000120465
2966,40.0,[2642],E100000004061,E100000000781
17788,65.0,[6119],E100000126688,E100000128020
2954,,[2605],E100000004018,E100000001088
2901,,[2235],E100000003515,E100000000598
19221,51.0,[6119],E100000126687,E100000128159
14629,19.75,[6119],E100000126703,E100000123261
22426,46.57,[61370],E100000135336,E100001011384
6719,70.0,[6119],E100000123305,E100000122058
15111,100.0,[6119],E100000126702,E100000000161
13208,100.0,[6292],E100001010060,E100000000095
17306,100.0,[6119],E100000126700,E100000127975
22935,100.0,"[76806, 76807, 76808]",E100001012212,E100001012213
4916,,[],E100000120750,E100000120594
6980,9.94,[6119],E100000002471,E100000122695
2939,14.0,"[2495, 2494]",E100000003885,E100000000567
4918,40.0,[],E100000120791,E100000120854
16210,51.0,[6119],E100000126696,E100000127722
2935,5.0,[5813],E100000003852,E100000000630
4915,,[],E100000120728,E100000000647
22288,10.0,"[11877, 11879]",E100001011263,E100001011265
2968,,"[2644, 2647, 2646, 2645]",E100000004063,E100000001137
13182,100.0,[6265],E100001001266,E100001010045
4300,100.0,"[5856, 108315]",E100001000803,E100001000396
16209,49.0,[6119],E100000126696,E100000123261
13270,99.99,[6343],E100001010093,E100001010087
2971,,"[2664, 2663, 2665, 2666, 2667]",E100000004086,E100000001310
2930,,[2428],E100000003831,E100000000889
22861,,[75990],E100001012005,E100000000552
4608,51.0,[5954],E100000000840,E100000000846
2913,5.54,[2309],E100000003699,E100000000387
4914,,[],E100000120729,E100000000647
10999,90.0,[6119],E100000123319,E100000124781
2893,24.9,"[2140, 5496]",E100000002127,E100000001012
2944,,[2530],E100000003919,E100000000953
2960,5.0,"[2612, 7091]",E100000004035,E100000000776
2906,10.4,[2265],E100000003649,E100000000610
19166,70.0,[6119],E100000126678,E100000128145
2889,10.36,[5447],E100000003440,E100000000961
14631,25.97,[6119],E100000126703,E100000127531
8970,60.0,[6119],E100000123315,E100000124567
4345,100.0,"[2025, 1894]",E100000004358,E100000004166
2970,,"[2644, 2647, 2646, 2645]",E100000004065,E100000001137
16117,80.0,[6119],E100000126699,E100000127552
7042,7.3,[6119],E100000123363,E100000124477
7890,100.0,[6119],E100000125270,E100000123261
2965,25.0,[2633],E100000004057,E100000001753
4923,,[],E100000120230,E100000120229
2896,,[2168],E100000003545,E100000001200
4913,50.0,[5633],E100000120716,E100000000641
2973,,[2674],E100000003939,E100000001037
4919,40.0,[],E100000120791,E100000120830
2936,,"[2482, 2483, 2484]",E100000003859,E100000001099
2940,3.4,[1342],E100000001810,E100000000076
2890,10.0,"[2067, 2066, 2068]",E100000003391,E100000000722
2887,16.2,"[2048, 2049]",E100000003433,E100000001982
879,100.0,"[1696, 7974, 7969]",E100000003018,E100000000864
2895,20.0,[2162],E100000003539,E100000000650
21796,71.22,[10482],E100000132667,E100001010906
2938,10.0,[2492],E100000003883,E100000000675
2899,,"[2188, 2186, 2187]",E100000003560,E100000000054
2912,,[2257],E100000003665,E100000001005
4697,100.0,"[6027, 6144]",E100001001013,E100000001454
14632,18.13,[6119],E100000126703,E100000127532
14630,16.44,[6119],E100000126703,E100000127491
14633,10.0,[6119],E100000126703,E100000127533
14628,9.71,[6119],E100000126703,E100000001753
2905,33.0,"[2256, 2257, 2255]",E100000003638,E100000002192
2926,6.67,[2399],E100000003817,E100000000656
10689,7.32,[6119],E100000123335,E100000124737
3390,60.0,[5593],E100000004037,E100000001078
2946,15.0,"[2577, 2575, 2576, 5921]",E100000003985,E100000000646
2885,4.0,"[2033, 2034, 2035]",E100000003422,E100000001753
7246,51.0,[6119],E100000123412,E100000124309
19220,49.0,[6119],E100000126687,E100000123261
2963,19.9,"[2624, 2625, 2623]",E100000003929,E100000000649
21941,6.53,[10715],E100001011008,E100001011010
2898,40.0,[2184],E100000003558,E100000000887
4561,90.0,[5941],E100001000947,E100001000948
2983,,"[1207, 2740, 2741]",E100000004174,E100000001106
4928,,[],E100000120859,E100000120854
2976,,[2691],E100000004117,E100000001350
3061,10.0,"[1548, 1547, 1546, 1545]",E100000002858,E100000000937
23487,100.0,[100747],E100001014086,E100000000127
17892,100.0,[6119],E100000129425,E100000129713
4610,100.0,[5955],E100001000961,E100000000839
3036,,"[1273, 5694]",E100000002562,E100000001330
17890,0.58,[6119],E100000129810,E100000001753
3621,25.25,"[1105, 5930, 5931]",E100000002416,E100000000675
3003,15.0,[2875],E100000004280,E100000001629
22765,100.0,[75473],E100001011816,E100000131849
3060,18.75,"[1511, 1512]",E100000002832,E100000000586
3064,12.0,[1660],E100000002984,E100000000993
19351,4.16,[6119],E100000126704,E100000001753
2981,25.0,"[2368, 2716, 2717, 1149]",E100000004149,E100000000561
3062,13.0,[],E100000002945,E100000001753
23543,25.0,[101324],E100001014210,E100000000173
23039,,"[78622, 78623]",E100001012649,E100000000781
16544,20.0,[6119],E100000126712,E100000123261
4930,95.0,[],E100000120899,E100000120307
17880,99.0,[6119],E100000129162,E100000123261
4698,51.0,[6026],E100000004013,E100001001014
15347,24.5,[6119],E100000126723,E100000130228
3051,13.7,"[1449, 1450, 1447, 1444]",E100000002607,E100000001317
17889,100.0,[6119],E100000129424,E100000129810
2977,,[2694],E100000004125,E100000000912
17884,100.0,[6119],E100000130002,E100000125776
2982,14.0,[5803],E100000004167,E100000000649
4929,5.0,[],E100000120899,E100001000919
22664,5.0,[75070],E100000000770,E100001011663
3039,2.45,"[1341, 1342]",E100000002663,E100000000083
17888,100.0,[6119],E100000129426,E100000129256
4938,,[],E100000121148,E100000120849
3053,8.67,"[1470, 1469]",E100000002770,E100000001360
17885,100.0,[6119],E100000129163,E100000123261
17893,100.0,[6119],E100000130166,E100000123261
4936,50.0,"[5633, 6237, 6238]",E100000120973,E100000000641
3001,5.0,[5683],E100000004264,E100000000844
18765,100.0,[6119],E100000126708,E100000128112
21797,23.74,[10482],E100000132667,E100001010907
3032,,[1217],E100000002502,E100000001033
2974,12.25,"[2680, 2679]",E100000004096,E100000000404
23519,19.79,[100910],E100001014142,E100001014143
22427,100.0,[61370],E100001011384,E100000000319
4935,,[],E100000120330,E100000120854
22289,100.0,"[11880, 11881]",E100000121570,E100001000923
17445,18.78,[6119],E100000126710,E100000001753
16545,80.0,[6119],E100000126712,E100000127686
4562,100.0,[5941],E100001000948,E100001000554
17895,100.0,[6119],E100000128812,E100000123261
17891,99.42,[6119],E100000129810,E100000130002
17903,30.0,[6119],E100000128564,E100000128810
18658,100.0,[6119],E100000126715,E100000128097
17878,10.0,[6119],E100000129423,E100000129424
16757,70.0,[6119],E100000126711,E100000127849
23178,26.0,"[97975, 97977]",E100001013331,E100001000633
3038,,"[1336, 1334, 1335, 1337, 1333, 1338]",E100000002661,E100000000925
4937,50.0,"[6237, 6238]",E100000120973,E100000001982
17446,81.22,[6119],E100000126710,E100000123261
22552,100.0,[74789],E100000120867,E100000001114
17879,1.0,[6119],E100000129162,E100000001753
15348,51.0,[6119],E100000126723,E100000126400
22062,22.89,[11525],E100000001003,E100001011097
4934,39.0,[],E100000120081,E100000120932
2988,17.5,"[2753, 6319]",E100000004181,E100000001720
3063,54.0,"[1628, 1630, 1629, 1627]",E100000002950,E100000001753
3025,12.0,"[777, 3159, 775, 776]",E100000002429,E100000001753
3037,,[1307],E100000002650,E100000000049
19427,100.0,[6119],E100000128181,E100000123261
3000,50.0,[2825],E100000004237,E100000000387
17875,100.0,[6119],E100000129164,E100000123261
17876,23.0,[6119],E100000129423,E100000129639
2998,,"[2806, 1212, 1210, 2807]",E100000004225,E100000000723
15346,24.5,[6119],E100000126723,E100000130229
2989,20.0,"[2754, 2755, 2756, 2757]",E100000004182,E100000000669
17894,100.0,[6119],E100000129156,E100000128946
3022,9.0,[1056],E100000002389,E100000000722
3034,,"[1226, 1225]",E100000002511,E100000000694
2993,,[2792],E100000004140,E100000000746
3029,,"[1192, 1190, 1191]",E100000002472,E100000000582
3049,10.0,"[1421, 1424, 3463, 1422, 1423]",E100000002735,E100000001333
14611,100.0,[6119],E100000126725,E100000123401
4609,16.13,[5956],E100000000840,E100001000961
17881,100.0,[6119],E100000129016,E100000130359
19353,44.84,[6119],E100000126704,E100000128178
16632,100.0,[6119],E100000126719,E100000127850
22936,15.9,[76816],E100001012214,E100001012215
16756,30.0,[6119],E100000126711,E100000127884
3096,14.1,"[2161, 4205]",E100000003538,E100000001753
4699,100.0,[6028],E100000000520,E100001001015
13183,100.0,[6265],E100001010045,E100000002239
3134,10.0,"[2624, 2625, 2623]",E100000003929,E100000000629
3145,11.1,"[2746, 2747, 6321]",E100000004178,E100000001720
3102,15.0,[2265],E100000003649,E100000000387
17911,51.0,[6119],E100000126364,E100000123583
3133,20.0,[5593],E100000004037,E100000000657
3114,5.0,"[2460, 2459]",E100000003760,E100000000539
4949,,[],E100000120239,E100000001982
11748,6.0,[6119],E100000123498,E100001000399
3113,,[2428],E100000003831,E100000001358
17907,47.41,[6119],E100000126231,E100000128041
7685,100.0,[6119],E100000125470,E100000003253
17912,2.57,[6119],E100000128620,E100000001753
12967,86.81,[6119],E100000123449,E100000125946
470,100.0,"[1291, 1292]",E100000002629,E100000001170
17348,7.22,[6119],E100000126721,E100000127984
8412,100.0,[6119],E100000125481,E100000123558
3098,18.0,[2184],E100000003558,E100000001753
3128,,[2605],E100000004018,E100000001223
7019,100.0,[6119],E100000003041,E100000123356
16767,70.0,[6119],E100000126729,E100000127693
3092,20.0,"[1998, 1996, 1997, 1995]",E100000003385,E100000000883
11657,75.0,[6119],E100000003048,E100000000186
15131,98.0,[6119],E100000126842,E100000123561
15130,2.0,[6119],E100000126842,E100000001753
4948,100.0,[10415],E100000120427,E100000120428
14345,52.0,[6119],E100000126730,E100000123373
3159,,[2875],E100000004280,E100000001726
3086,0.1,[],E100000003359,E100000001753
4945,,[],E100000120790,E100000120854
61,50.0,"[1818, 357, 164, 1819]",E100000001496,E100000000574
3105,16.81,[2270],E100000003659,E100000001213
3117,3.0,[1342],E100000001810,E100000000085
4953,,[],E100000121357,E100000120849
14635,51.0,[6119],E100000126728,E100000126632
10164,100.0,[6119],E100000125483,E100000123956
8075,100.0,[6119],E100000125480,E100000123561
7352,100.0,[6119],E100000125477,E100000000188
11259,51.0,[6119],E100000123489,E100000124395
13209,100.0,[6293],E100001000905,E100001010061
4302,100.0,"[5856, 108315]",E100001000804,E100001000396
22061,27.0,[11525],E100000001003,E100001011096
3149,5.0,"[2754, 2755, 2756, 2757]",E100000004182,E100000000869
4950,,[],E100000121317,E100000120972
8146,100.0,[6119],E100000123575,E100000000483
4951,65.0,[],E100000121354,E100000121353
4946,50.0,"[10415, 10420, 10421]",E100000120429,E100000120428
7512,100.0,[6119],E100000123440,E100000123439
17347,92.78,[6119],E100000126721,E100000126936
11359,15.0,[6119],E100000123452,E100000124820
3109,10.0,[2340],E100000003773,E100000000664
17910,49.0,[6119],E100000126364,E100000123278
4941,,[],E100000121234,E100000000658
4947,50.0,"[10415, 10420, 10421]",E100000120429,E100000120074
4410,50.0,"[5903, 108405]",E100001000884,E100001000879
3097,,[2168],E100000003545,E100000001264
17906,4.18,[6119],E100000126231,E100000001753
4939,,[],E100000121151,E100000120849
6739,8.39,[6119],E100000123584,E100000124443
13243,100.0,[6322],E100001010076,E100001010074
3106,5.0,[2309],E100000003699,E100000001552
3137,,"[2664, 2663, 2665, 2666, 2667]",E100000004086,E100000001187
4952,35.0,[],E100000121354,E100000120927
3108,,"[2257, 2330]",E100000003723,E100000001005
16769,12.0,[6119],E100000126729,E100000127888
3157,20.0,[5683],E100000004264,E100000000650
3142,,[2708],E100000004135,E100000000135
3094,10.53,[5447],E100000003440,E100000000951
3103,,[2268],E100000003651,E100000001689
13146,,[6227],E100001010023,E100001010020
3150,2.0,[1342],E100000004187,E100000000081
21798,58.0,[10510],E100000132912,E100001010908
9584,40.0,[6119],E100000123509,E100000124622
7976,100.0,[6119],E100000123533,E100000124519
3099,,"[2188, 2186, 2187]",E100000003560,E100000001299
3156,50.0,[2825],E100000004237,E100000000382
3143,4.0,"[2368, 2716, 2717, 1149]",E100000004149,E100000001753
3581,100.0,"[5887, 5888]",E100000003505,E100000000552
4940,,[],E100000120946,E100000120945
3085,9.0,[1957],E100000003329,E100000000595
14346,24.0,[6119],E100000126730,E100000000157
14347,24.0,[6119],E100000126730,E100000123374
4943,54.53,[],E100000121237,E100001000096
18968,75.0,[6119],E100000126733,E100000128126
16768,8.0,[6119],E100000126729,E100000125285
16770,5.0,[6119],E100000126729,E100000127889
16766,5.0,[6119],E100000126729,E100000123261
3121,15.0,"[2577, 2575, 2576, 5921]",E100000003985,E100000000648
21646,80.0,"[7976, 7978, 7979]",E100000131269,E100001010820
3199,19.55,[5447],E100000003440,E100000000947
3239,16.0,[1957],E100000003329,E100000000592
4961,,[],E100000121285,E100001000707
8994,100.0,[6119],E100000123651,E100000124571
14634,4.44,[6119],E100000126728,E100000001753
14342,100.0,[6119],E100000127350,E100000127467
17033,51.0,[6119],E100000126743,E100000127798
3205,5.0,[2340],E100000003773,E100000000798
17031,16.45,[6119],E100000126743,E100000127934
3187,8.0,"[1421, 1424, 3463, 1422, 1423]",E100000002735,E100000000695
3244,15.0,[2340],E100000003773,E100000001753
3203,2.77,[2309],E100000003699,E100000000650
21799,9.94,[10513],E100000132828,E100001010909
17921,100.0,[6119],E100000129408,E100000123874
4967,,[],E100000120037,E100001000737
3172,6.99,"[1126, 1130, 777, 3159, 776, 1127, 1128, 775, 1129, 1125]",E100000002428,E100000001753
3222,10.0,"[2820, 2822, 2818, 2823, 2824, 2821, 2819]",E100000004236,E100000000725
17916,35.93,[6119],E100000129971,E100000123748
3257,2.0,[2309],E100000003699,E100000001623
17923,0.24,[6119],E100000127509,E100000001753
12045,20.23,[6119],E100000123666,E100000123329
4963,,[],E100000121285,E100000120823
4962,,[],E100000121285,E100001000131
11597,10.0,[6119],E100000123665,E100000124848
17913,9.87,[6119],E100000128620,E100000123424
3242,2.77,[2309],E100000003699,E100000000651
17920,75.0,[6119],E100000128817,E100000128947
3208,10.0,"[2460, 2459]",E100000003760,E100000000540
3202,16.81,[2270],E100000003659,E100000000387
3236,6.0,"[1421, 1424, 3463, 1422, 1423]",E100000002735,E100000000273
12044,17.34,[6119],E100000123666,E100000001753
13244,100.0,[6322],E100001010077,E100001010074
4965,35.0,[6239],E100000121460,E100000000655
3230,,"[1190, 1191]",E100000002473,E100000001236
8538,49.0,[6119],E100000123649,E100000001366
21647,20.0,"[7976, 7978]",E100000131269,E100001010821
17922,100.0,[6119],E100000129485,E100001000149
4347,,[108823],E100001000852,E100001000404
4960,,[],E100000121449,E100000000652
14487,100.0,[6119],E100000126738,E100000127497
3209,0.9,[1342],E100000001810,E100000001753
3179,,[1307],E100000002650,E100000001301
6906,13.0,[6119],E100000123672,E100000124466
10891,65.0,[6119],E100000123631,E100000123261
3249,10.0,"[2820, 2822, 2818, 2823, 2824, 2821, 2819]",E100000004236,E100000000509
3201,,[2268],E100000003651,E100000001671
12757,27.93,[6119],E100000123668,E100000124982
3235,6.0,[1384],E100000002711,E100000001601
9007,20.0,[6119],E100000125403,E100000125396
3232,,[1307],E100000002650,E100000001317
3253,5.6,[1384],E100000002711,E100000001701
4964,45.0,[5633],E100000121460,E100000000641
3254,2.0,"[1421, 1424, 3463, 1422, 1423]",E100000002735,E100000001753
14423,98.25,[6119],E100000126736,E100000123261
3198,13.0,"[1998, 1996, 1997, 1995]",E100000003385,E100000001191
4958,,[],E100000120921,E100000120922
4959,,[],E100000120921,E100000121559
14422,1.75,[6119],E100000126736,E100000001753
3233,,"[1336, 1334, 1335, 1337, 1333, 1338]",E100000002661,E100000000922
21943,6.77,[10715],E100001011008,E100001011012
3175,,"[1192, 1190, 1191]",E100000002472,E100000000428
3177,,"[1226, 1225]",E100000002511,E100000001173
9006,80.0,[6119],E100000125403,E100000125409
17917,64.07,[6119],E100000129971,E100000125082
3190,8.0,[1660],E100000002984,E100000001753
9544,100.0,[6119],E100000002517,E100000123848
13147,100.0,"[109532, 109533]",E100001010024,E100001010020
14636,44.56,[6119],E100000126728,E100000127534
4957,65.2,"[10415, 10421]",E100000120430,E100000120428
4700,100.0,"[6029, 7847]",E100000001920,E100001001017
3186,6.0,[1384],E100000002711,E100000001544
10449,20.0,[6119],E100000123658,E100000125592
17918,100.0,[6119],E100000129724,E100000129972
4954,10.0,"[7899, 7900, 7901]",E100000121365,E100000000630
17914,87.55,[6119],E100000128620,E100000130317
3231,,"[1192, 1190, 1191]",E100000002472,E100000001753
4303,100.0,"[5856, 108315]",E100001000805,E100001000396
3174,,"[1190, 1191]",E100000002473,E100000000583
3206,,"[2365, 2366, 1962, 2368, 2367, 1965]",E100000003789,E100000000556
4966,20.0,[6240],E100000121460,E100001000932
12725,12.86,[6119],E100000123643,E100000124980
11596,26.0,[6119],E100000123665,E100000121694
6905,12.0,[6119],E100000123672,E100000124467
13184,,[],E100001001350,E100001010046
8995,45.08,[6119],E100000123650,E100000001753
17915,100.0,[6119],E100000128347,E100000128814
3195,9.0,[1957],E100000003329,E100000000593
4978,,[],E100000121095,E100000120878
3343,,"[1190, 1191]",E100000002473,E100000000733
357,100.0,[1183],E100000002467,E100000001262
3319,100.0,[5108],E100001000076,E100001000077
3313,92.09,[5103],E100001000069,E100001000014
4701,51.0,"[6030, 6031, 6032]",E100001001016,E100000001755
4980,,[],E100000121425,E100000000978
4968,,[],E100000121421,E100000121422
915,,"[1744, 1743, 1742]",E100000003069,E100000001056
4537,100.0,[5929],E100001000855,E100001000364
3340,7.56,[2270],E100000003659,E100000000638
4969,,[],E100000121485,E100000121484
3265,2.5,[1384],E100000002711,E100000001754
13275,100.0,[6349],E100001000487,E100001000492
1684,79.0,[2493],E100000003884,E100000001061
4970,90.0,[6241],E100000121554,E100000000641
3252,,"[1190, 1191]",E100000002473,E100000000582
4304,100.0,"[5856, 108315]",E100001000806,E100001000396
3347,100.0,[1779],E100000003096,E100000000834
3299,45.0,[5110],E100001000049,E100001000050
238,5.01,[116381],E100000001551,E100000000825
12505,100.0,[6119],E100000123723,E100000123261
14548,100.0,[6119],E100000126747,E100000122316
8874,6.0,[6119],E100000123717,E100000123424
3311,57.0,"[5099, 5100]",E100001000066,E100001000067
17029,11.99,[6119],E100000126743,E100000123261
3297,50.0,[5090],E100001000046,E100001000047
22428,100.0,[6526],E100001011385,E100000002765
22553,100.0,"[8371, 3686]",E100001010541,E100001011552
21648,7.68,[11710],E100000121235,E100001010822
13257,93.58,"[6109, 6225]",E100000120155,E100001010018
3308,43.91,[5098],E100000001667,E100001000063
10246,26.75,[6119],E100000123715,E100000123978
3268,1.6,[1384],E100000002711,E100000001653
7331,40.0,[6119],E100000002518,E100000123425
3315,7.91,[5103],E100001000069,E100000001753
3322,100.0,"[5112, 6531]",E100000001728,E100001000082
21800,9.56,[10513],E100000132828,E100001000174
13211,100.0,[6294],E100001010061,E100000000380
3326,100.0,"[2877, 2878, 5114]",E100000004258,E100000000372
4976,100.0,[10353],E100000120527,E100000000834
17030,12.48,[6119],E100000126743,E100000127935
3348,100.0,[2422],E100000003824,E100000000834
4348,,[108830],E100001000853,E100001000404
4972,,[],E100000121445,E100000120851
4975,,[],E100000120776,E100000120777
4973,,[],E100000121446,E100000120851
418,,[1252],E100000002541,E100000001175
3327,100.0,"[5115, 107049]",E100000000537,E100001000084
3328,100.0,[5116],E100000000769,E100001000085
22937,15.6,[76816],E100001012214,E100001012216
3314,100.0,[5102],E100001000014,E100000000388
13185,,[],E100001001349,E100001010046
3241,8.33,[2270],E100000003659,E100000000245
7330,60.0,[6119],E100000002518,E100000123272
3298,50.0,[5090],E100001000046,E100001000048
3338,100.0,"[3711, 6305]",E100000002872,E100000000339
2743,17.55,[2939],E100000004388,E100000001062
3330,100.0,[5118],E100000000247,E100001000086
824,100.0,"[1651, 5919]",E100000002974,E100000000382
7307,100.0,[6119],E100000002519,E100000000156
617,100.0,[3481],E100000002751,E100000001155
3332,100.0,[5119],E100000001689,E100000001688
3263,0.92,[2309],E100000003699,E100000001237
3333,100.0,"[2721, 1296]",E100000002328,E100000001642
19914,53.0,[6119],E100000126745,E100000123692
3305,100.0,[5095],E100001000057,E100001000058
19912,30.0,[6119],E100000126745,E100000123281
13263,51.0,[6031],E100001010072,E100000001755
3334,100.0,[1520],E100000002843,E100000001606
3260,,"[1190, 1191]",E100000002473,E100000000428
3264,,"[1190, 1191]",E100000002473,E100000001753
2177,39.62,[2939],E100000004388,E100000001073
4611,32.87,[5956],E100000000840,E100000001753
22063,,[11527],E100001011098,E100000001173
3300,7.0,[5110],E100001000049,E100001000051
3296,27.8,[5089],E100001000044,E100001000045
2580,21.0,[2493],E100000003884,E100000001753
3318,100.0,"[5106, 5107]",E100001000074,E100001000075
11417,6.26,[6119],E100000123738,E100000124834
4974,,[],E100000120789,E100000120854
3320,23.64,[5109],E100000000382,E100001000079
3341,100.0,[5121],E100000000921,E100001000088
3342,,"[1192, 1190, 1191]",E100000002472,E100000000733
3349,100.0,[4737],E100000004097,E100000000401
3261,5.0,[1384],E100000002711,E100000001743
13245,100.0,[6322],E100001010078,E100001010074
8790,100.0,[6119],E100000123708,E100000000281
17925,15.0,[6119],E100000127509,E100000128527
17032,6.36,[6119],E100000126743,E100000127809
17028,1.72,[6119],E100000126743,E100000001753
3331,100.0,[2648],E100000002014,E100001000087
19913,17.0,[6119],E100000126745,E100000124304
1547,100.0,[],E100000003722,E100000001606
17930,15.0,[6119],E100000127784,E100000128529
19426,100.0,[6119],E100000126755,E100000128196
5049,,[],E100000121567,E100000121135
9754,10.0,[6119],E100000123879,E100000125520
4991,,[],E100000120886,E100000001454
5052,,[],E100000120050,E100000001376
3119,10.0,"[5927, 5928]",E100000003917,E100000000649
17932,58.72,[6119],E100000129064,E100000001753
13149,100.0,"[6231, 6232]",E100001010030,E100000123821
9432,70.0,[6119],E100000123814,E100000123653
4612,80.0,[5957],E100001000962,E100000000840
19429,57.75,[6119],E100000126765,E100000122211
17931,100.0,[6119],E100000128708,E100000123261
22292,100.0,[11883],E100000120268,E100001011266
4305,100.0,"[5856, 108315]",E100001000807,E100001000396
9986,99.0,[6119],E100000123924,E100000124659
17928,75.0,[6119],E100000127784,E100000128528
5034,,[],E100000120491,E100000000459
5023,,"[6216, 6224]",E100000121576,E100000000826
5002,100.0,[5919],E100000120367,E100000000382
5008,,"[6222, 6216]",E100000121574,E100000000826
16489,100.0,[6119],E100000126748,E100000127810
5016,,[],E100000120418,E100000120417
5022,,[],E100000120325,E100000000050
5059,,[],E100000120484,E100000120485
4349,,[108831],E100001000854,E100001000404
4990,100.0,[7875],E100000121412,E100000000832
9821,20.0,[6119],E100000123891,E100000124642
5026,,[],E100000120206,E100000001104
19691,54.6,[6119],E100000127351,E100000128219
12948,100.0,[6119],E100000123869,E100000125927
5057,40.0,[],E100000120657,E100000120260
13246,100.0,[6322],E100001010079,E100001010074
5018,,[],E100000120653,E100000120442
5071,73.0,[],E100000120286,E100000001102
19692,20.1,[6119],E100000127351,E100000124958
17929,10.0,[6119],E100000127784,E100000128530
4986,,[],E100000121189,E100000120129
8974,100.0,[6119],E100000002528,E100000000241
5067,,[],E100000120311,E100000000388
16164,51.0,[6119],E100000126753,E100000123261
5078,61.5,[6209],E100000120103,E100000001454
5658,10.0,"[6297, 6311]",E100000121346,E100000120846
5062,,[],E100000121518,E100000001728
5044,75.0,"[6295, 6296, 6383]",E100000121144,E100000120365
5068,,[],E100000120361,E100000002049
4999,100.0,[7134],E100000120380,E100000000602
19428,42.25,[6119],E100000126765,E100000128197
4702,100.0,"[6033, 5844]",E100001001018,E100000000947
5027,,[],E100000120206,E100000120052
21945,60.28,[10717],E100001010758,E100001011014
5047,100.0,[104963],E100000121516,E100000000388
21801,7.4,[10513],E100000132828,E100001010910
4613,20.0,[5957],E100001000962,E100000000387
4538,19.8,"[5931, 5932]",E100000002416,E100000003449
5051,,[6259],E100000120490,E100000004094
5014,,[],E100000120546,E100000001896
4983,,[],E100000120797,E100000000506
5031,,[],E100000120440,E100000000336
5009,,[],E100000120624,E100001000155
5079,,"[6219, 6220]",E100000120984,E100000000826
9272,33.19,[6119],E100000123803,E100000124595
5004,,[],E100000121368,E100000121345
7297,39.97,[6119],E100000002525,E100000123424
5080,,[],E100000120658,E100000002049
22064,,[11530],E100000003609,E100000001270
5032,,[7989],E100000121187,E100000001785
5017,100.0,"[8036, 7195]",E100000120461,E100000000360
4995,,[],E100000121201,E100000001454
5011,,[],E100000121417,E100000120255
9071,7.74,[6119],E100000123773,E100000124579
22429,89.76,[61377],E100000120652,E100001011386
5010,100.0,[],E100000120651,E100000120652
11712,100.0,[6119],E100000123792,E100000124868
5056,60.0,[],E100000120657,E100000120351
2589,6.0,"[5927, 5928]",E100000003917,E100000002157
17936,13.11,[6119],E100000129064,E100000125314
16926,51.0,[6119],E100000126763,E100000124211
5025,100.0,"[8073, 8072]",E100000120343,E100000001104
5070,,[],E100000121378,E100000000095
5072,,[],E100000120394,E100000120552
5053,,[],E100000120734,E100001000400
9252,100.0,[6119],E100000123802,E100000125556
19325,100.0,[6119],E100000126757,E100000123261
5048,,[],E100000121567,E100000121571
4413,100.0,"[5905, 5897]",E100001000888,E100001000402
5019,,[],E100000120739,E100000000442
19694,13.8,[6119],E100000127351,E100000128223
1436,75.33,"[2236, 1169, 5302]",E100000003517,E100000000012
13186,100.0,[6266],E100001001258,E100001000624
6829,100.0,[6119],E100000123763,E100000124454
5036,,[],E100000120519,E100000000407
21649,,[7969],E100001010822,E100000000864
5058,100.0,[74429],E100000120660,E100000000868
4994,,[],E100000121201,E100000000608
9520,28.59,[6119],E100000123835,E100000001542
5045,,"[6217, 6218]",E100000120983,E100000000826
5003,,[],E100000120469,E100000000411
16927,44.1,[6119],E100000126763,E100000130237
16925,4.9,[6119],E100000126763,E100000001753
15213,29.67,[6119],E100000126773,E100000001753
5086,43.75,[840],E100000121418,E100000000968
3360,100.0,[5550],E100000002853,E100000001870
3387,100.0,[3197],E100000004084,E100000001140
4414,100.0,"[5897, 5906]",E100001000889,E100001000402
6762,100.0,[6119],E100000002584,E100000123312
13247,100.0,[6322],E100001010080,E100001010074
3388,40.0,[2642],E100000004061,E100000001078
19693,11.5,[6119],E100000127351,E100000125499
3354,100.0,[5123],E100001000090,E100000000851
3434,100.0,"[2491, 4533]",E100000003881,E100000000713
3361,100.0,"[1342, 2881]",E100000004284,E100000001870
13273,67.79,"[6345, 107491]",E100001000504,E100001010090
15215,51.1,[6119],E100000126773,E100000124168
5089,,[],E100000121376,E100000120530
3358,19.9,[114263],E100000003359,E100001000091
3400,100.0,[5130],E100000003968,E100000000927
3404,100.0,[1103],E100000002383,E100000001173
3389,100.0,[109981],E100000004054,E100000000580
3435,40.0,"[2466, 2467]",E100000003848,E100000001597
3403,100.0,[1271],E100000003913,E100000001173
16237,50.99,[6119],E100000126782,E100000127732
3379,100.0,[1271],E100000004222,E100000001173
3393,54.0,[1166],E100000002930,E100000001078
3428,100.0,[1757],E100000003079,E100000001492
3357,50.0,"[2624, 2625, 2623]",E100000003929,E100000003359
3443,74.52,[6119],E100000002826,E100000001667
3406,100.0,"[1577, 1578]",E100000002924,E100000001173
3371,100.0,[3126],E100000002404,E100000000375
3363,100.0,[5126],E100001000092,E100000001728
3420,,"[1923, 1924]",E100000003305,E100000001492
3365,100.0,[],E100001000093,E100001000092
3385,100.0,[2803],E100000004145,E100000000689
16795,51.0,[6119],E100000126772,E100000127877
3401,100.0,"[2673, 10396]",E100000003938,E100000000689
3432,100.0,"[3197, 5780]",E100000003413,E100000001140
3367,50.0,[2159],E100000003535,E100000000573
21650,20.22,[7981],E100001000522,E100001010823
10037,86.96,[6119],E100000123927,E100000124664
3391,100.0,[1071],E100000002155,E100000001078
3411,100.0,[2128],E100000002272,E100000001173
22766,51.0,[75474],E100001011793,E100001011817
4703,49.0,"[6030, 6032]",E100001001016,E100001001021
4306,,"[108315, 108316, 108317]",E100001000808,E100001000396
3402,,[2530],E100000003919,E100000000958
3422,49.0,[841],E100000001752,E100000001454
3427,100.0,[1756],E100000003078,E100000001492
5081,,[],E100000120654,E100000002049
12651,10.51,[6119],E100000123948,E100000124706
3376,100.0,"[1677, 1679]",E100000004316,E100000001173
5083,,[],E100000120366,E100000000822
3353,49.79,[1560],E100000002909,E100001000090
3417,100.0,[1354],E100000002673,E100000001454
3423,50.0,"[1641, 1640, 6258]",E100000002969,E100000001454
3419,,"[1923, 1924]",E100000003305,E100000001454
3409,100.0,"[1677, 1678, 1679]",E100000003179,E100000001173
3355,100.0,[2635],E100000000852,E100001000090
3415,100.0,[2243],E100000003608,E100000001173
3414,100.0,[2242],E100000003607,E100000001173
3418,100.0,"[3721, 6144]",E100000000739,E100000001454
13274,8.18,"[6345, 107491]",E100001000504,E100001000576
3424,100.0,[1389],E100000002582,E100000001492
5084,,[],E100000120366,E100000000827
3446,100.0,[3986],E100000003312,E100000000965
19358,45.78,[6119],E100000126771,E100000128179
3416,100.0,[2242],E100000003894,E100000001173
5082,,[],E100000120974,E100000120632
5088,,[],E100000120185,E100000120208
3381,,"[2749, 2748]",E100000004179,E100000001533
3370,72.38,"[2651, 2652, 2650]",E100000004069,E100000000612
3368,7.33,"[2519, 5414]",E100000003911,E100000000573
13212,56.25,[840],E100000121418,E100000001718
14444,96.15,[6119],E100000126788,E100000127491
3437,50.0,"[1548, 1547, 1546, 1545]",E100000002858,E100000001533
3421,100.0,[2064],E100000003444,E100000001454
3352,5.0,[1560],E100000002909,E100000001107
15214,19.23,[6119],E100000126773,E100000123261
3351,100.0,[5122],E100000000703,E100000000702
17937,100.0,[6119],E100000128989,E100000129064
16236,49.01,[6119],E100000126782,E100000123261
19357,47.78,[6119],E100000126771,E100000123261
19359,6.44,[6119],E100000126771,E100000127492
3438,50.0,[2041],E100000003428,E100000001533
3373,100.0,[2329],E100000003721,E100000001606
3405,100.0,[1271],E100000002559,E100000001173
3386,60.0,"[2699, 2701, 2700]",E100000004127,E100000001667
3410,100.0,"[1677, 1678, 1679]",E100000003180,E100000001173
3407,100.0,"[1677, 1678, 1679]",E100000002997,E100000001173
3372,100.0,"[1092, 3127]",E100000002405,E100000000375
22862,100.0,[76003],E100000003650,E100000000759
16794,49.0,[6119],E100000126772,E100000127898
3465,51.0,[1110],E100000002421,E100000001332
3519,40.0,[5156],E100001000128,E100001000129
3535,100.0,[5171],E100000002129,E100001000153
3482,25.57,"[1218, 11633]",E100001000101,E100000001487
3542,100.0,[2444],E100000003840,E100000002970
17939,100.0,[6119],E100000129263,E100000124054
3480,100.0,[7746],E100000000039,E100001000100
3546,100.0,"[5183, 5184]",E100001000158,E100001000159
22065,,[11530],E100000003609,E100000002168
3511,100.0,[5151],E100001000117,E100001000118
3469,50.0,"[5132, 5844]",E100000003390,E100000002111
3457,100.0,[3734],E100000002880,E100000000714
3532,100.0,[5166],E100001000147,E100001000148
22554,,[8371],E100001011552,E100000001225
3536,100.0,"[5172, 5173]",E100001000150,E100001000152
5092,,[],E100000120403,E100000000407
22938,6.26,[76816],E100001012214,E100001012217
3459,100.0,[1380],E100000002689,E100000000848
3475,100.0,[1911],E100000003293,E100000000751
3455,75.0,[1667],E100000002871,E100000000339
4704,100.0,"[6030, 6032]",E100001001021,E100000000003
4307,49.0,[5859],E100001000809,E100001000397
3470,100.0,[5133],E100000001294,E100001000097
3460,,"[1336, 1334, 1335, 1337, 1333, 1338]",E100000002661,E100000000740
3547,59.4,[5185],E100001000160,E100001000161
22293,51.08,[11884],E100000120911,E100000120883
22430,10.24,[61377],E100000120652,E100000001753
17940,100.0,[6119],E100000129990,E100000123261
14480,60.09,[6119],E100000126789,E100000123401
3467,80.0,[798],E100000001719,E100000002872
23040,,"[78622, 78623]",E100001012649,E100000000509
22767,28.0,[75474],E100001011793,E100001011818
3466,100.0,[1050],E100000002360,E100000000689
23179,100.0,[97978],E100001013332,E100001013333
3463,49.9,[2953],E100000002448,E100000000958
4351,99.38,"[5890, 108838]",E100001000753,E100001000857
3462,50.0,[1400],E100000002600,E100000000167
3493,100.0,[1574],E100000001760,E100000000009
3479,100.0,"[5771, 5993]",E100000003661,E100000000039
3448,51.0,[1705],E100000003051,E100000002727
22863,20.0,"[2266, 76003]",E100001012007,E100000000610
3451,100.0,[1579],E100000002925,E100000001169
3491,100.0,"[2254, 5140]",E100000003637,E100000002183
3450,50.0,"[1670, 6305]",E100000002994,E100000000339
3544,,[],E100000003006,E100001000155
3468,100.0,[5131],E100000003389,E100000002111
3495,26.37,[110281],E100000000813,E100001000104
3521,10.0,[5156],E100001000128,E100001000130
3500,100.0,"[5144, 5145]",E100001000055,E100001000056
3525,100.0,[5160],E100001000137,E100001000138
3473,100.0,[5136],E100000001180,E100000001179
3478,100.0,"[1174, 1173]",E100000002460,E100000000518
3537,55.0,[1575],E100000001465,E100001000154
3481,51.0,"[1218, 11633]",E100001000101,E100000002504
3501,25.0,[105719],E100000000602,E100001000108
3541,100.0,[5174],E100000002928,E100000000111
3520,40.0,[5156],E100001000128,E100000000630
3496,47.46,[110281],E100000000813,E100001000105
3503,100.0,[5147],E100001000110,E100001000111
3528,94.0,"[5163, 5164]",E100001000143,E100001000144
14443,3.85,[6119],E100000126788,E100000001753
3458,100.0,[1381],E100000002690,E100000000167
3464,0.2,[2953],E100000002448,E100000001753
21651,15.56,[7981],E100001000522,E100001010824
3471,,[5134],E100000002192,E100001000098
4415,100.0,"[5897, 5909, 108504]",E100001000890,E100001000402
3447,100.0,[1832],E100000003067,E100000000516
22665,100.0,[75073],E100001010491,E100001011664
23333,100.0,[98764],E100001013664,E100000131251
3531,100.0,"[5166, 5167]",E100000001860,E100001000147
3512,51.0,[5152],E100001000119,E100000000025
3524,100.0,[5159],E100001000134,E100001000135
3486,49.0,[],E100000002504,E100000001753
3477,,[1886],E100000003215,E100000001384
3533,100.0,"[5166, 5168, 1556]",E100000001861,E100001000147
21802,5.0,[10513],E100000132828,E100001010911
21946,15.0,[10717],E100001010758,E100001011015
3530,100.0,"[5165, 5836]",E100000000354,E100001000146
3476,100.0,"[2426, 2427]",E100000003826,E100000001384
3527,98.2,[5162],E100001000141,E100001000142
3487,51.0,"[5139, 11632]",E100001000102,E100000002504
14482,15.54,[6119],E100000126789,E100000127496
3526,53.74,[5161],E100001000139,E100001000140
14481,9.45,[6119],E100000126789,E100000123362
3534,100.0,[5170],E100000002029,E100001000151
14479,9.36,[6119],E100000126789,E100000127473
3545,100.0,[5175],E100000000409,E100001000155
14478,5.56,[6119],E100000126789,E100000001753
3485,51.0,[1219],E100000002504,E100000001397
3449,19.0,"[1733, 1732, 1731]",E100000003042,E100000000807
3618,100.0,[5268],E100001000207,E100001000208
13188,100.0,[],E100001010047,E100001000636
3559,15.4,[5203],E100001000177,E100001000178
14567,41.0,[6119],E100000126796,E100000127509
3644,100.0,[1364],E100001000216,E100000000480
3582,100.0,"[5323, 5324]",E100000000551,E100001000189
13248,100.0,[6322],E100001010081,E100001010074
14349,63.0,[6119],E100000126794,E100000127456
15323,51.0,[6119],E100000126798,E100000127579
3633,100.0,"[2273, 2274]",E100000001825,E100000001086
3580,100.0,[2154],E100000003504,E100000000552
3594,100.0,"[5232, 7722]",E100000000671,E100001000197
13151,32.0,[6234],E100000120154,E100000001237
3562,50.0,[5216],E100001000183,E100000000369
3577,100.0,[2150],E100000003532,E100000000552
3593,100.0,"[5231, 2393, 5233]",E100000001616,E100000000671
3564,50.0,[5217],E100000001494,E100001000184
3639,100.0,[5275],E100000004094,E100001000214
3645,100.0,[5279],E100000002368,E100001000217
3585,100.0,"[5226, 2248]",E100000003629,E100001000190
3570,100.0,[4115],E100000000949,E100000000947
17943,100.0,[6119],E100000129154,E100000124055
3623,16.67,[1840],E100000000675,E100001000209
23180,69.8,[97869],E100001013334,E100001013279
23041,11.01,[78827],E100000120686,E100001012692
3631,100.0,[2634],E100000004058,E100000001086
5093,,[],E100000121453,E100000120162
3603,100.0,[5237],E100000001358,E100001000198
22555,,[74810],E100000120545,E100001011553
22666,100.0,[75076],E100001011664,E100000001196
17401,100.0,[6119],E100000126795,E100000127989
17483,100.0,[6119],E100000126790,E100000123933
4416,100.0,"[5897, 5910]",E100001000891,E100001000402
21947,11.05,[10675],E100000001016,E100001010778
3606,100.0,[5239],E100000001682,E100001000201
3569,100.0,"[5218, 5844]",E100000000946,E100000000947
5095,,[],E100000121343,E100000121173
3614,99.19,"[1687, 6043]",E100000002882,E100000004303
3573,,"[5220, 114238, 114240]",E100000003471,E100001000186
3578,35.0,"[2153, 2152]",E100000003502,E100000000552
3563,50.0,[5216],E100001000183,E100001000044
3648,100.0,[5283],E100000002387,E100001000220
3558,100.0,[5202],E100001000175,E100001000176
22431,100.0,"[73940, 73941]",E100001011387,E100000120255
3553,100.0,"[5192, 5193]",E100001000167,E100001000071
3607,100.0,"[5196, 5240]",E100001000202,E100001000071
3586,100.0,[5226],E100001000190,E100000001116
14568,50.0,[6119],E100000126796,E100000123407
3641,49.0,[5276],E100000000842,E100000001753
22864,20.0,"[2266, 76003]",E100001012007,E100000000759
3590,100.0,[5229],E100000003775,E100001000194
3601,94.19,"[5235, 77800]",E100000000888,E100001000198
3596,60.0,[2908],E100000004322,E100000000984
3575,100.0,[2089],E100000003477,E100000001922
3649,52.3,[5284],E100001000220,E100000000101
3643,,"[5278, 5795]",E100000001221,E100000001158
4352,99.94,"[5891, 5811]",E100000002078,E100001000404
3549,100.0,[5187],E100001000162,E100001000163
3612,100.0,"[5243, 1687]",E100000004303,E100001000204
17410,100.0,[6119],E100000126785,E100000127990
14348,37.0,[6119],E100000126794,E100000123373
3597,50.0,"[1818, 357, 164, 1819]",E100000001496,E100000000578
3554,51.53,"[5194, 5195]",E100001000054,E100001000053
3611,15.2,[5242],E100000004211,E100001000203
4705,100.0,[6034],E100001000860,E100001001022
3600,100.0,[5234],E100001000196,E100000000657
3629,100.0,"[1356, 2468]",E100000003849,E100000002574
3617,,"[5268, 114467]",E100000002746,E100001000207
3589,100.0,[5228],E100000002179,E100001000193
3555,100.0,"[5196, 5197, 5192]",E100001000168,E100001000071
21803,100.0,[10514],E100000132548,E100001000139
10145,100.0,[6119],E100000123969,E100000124673
3604,50.0,[5238],E100001000199,E100000001096
3584,100.0,[2157],E100000003506,E100000000552
3579,100.0,[2152],E100000003503,E100000000552
3619,100.0,"[1437, 5269]",E100000002745,E100001000207
3622,30.0,[2570],E100000003980,E100000000675
22939,5.54,[76816],E100001012214,E100001012218
3615,100.0,[1298],E100000002642,E100000004303
21652,14.04,[7981],E100001000522,E100001010037
3609,100.0,[2845],E100000004148,E100000004211
22768,5.0,[75474],E100001011793,E100000000565
3608,100.0,[2711],E100000001693,E100000000831
3610,2.7,[5242],E100000004211,E100000001753
3561,100.0,[5215],E100001000181,E100001000182
3551,45.5,[5190],E100001000164,E100000000053
3605,100.0,[2981],E100000001755,E100001000008
14566,9.0,[6119],E100000126796,E100000123261
3548,5.26,[5186],E100001000114,E100000000024
3647,100.0,[5280],E100001000217,E100000001305
22295,100.0,"[11885, 11886]",E100000121473,E100001011267
3704,100.0,[5325],E100000001965,E100000003324
15322,7.0,[6119],E100000126798,E100000127581
3673,54.52,[5303],E100000001627,E100001000241
13944,20.0,[6119],E100000126814,E100000127426
3700,100.0,[5321],E100000000549,E100001000256
21804,99.6,[10515],E100000132633,E100001010912
3671,24.67,[5302],E100000003517,E100000001753
3736,100.0,[5356],E100000003739,E100000003732
3698,20.0,[5319],E100000000421,E100001000254
3710,100.0,"[2872, 5333]",E100000004278,E100000000047
3681,100.0,[5309],E100001000244,E100001000247
14850,49.0,[6119],E100000126809,E100001000398
3697,80.0,[5319],E100000000421,E100001000253
3689,7.64,[5315],E100000000646,E100001000249
13943,80.0,[6119],E100000126814,E100000124032
3695,25.0,"[2325, 2324]",E100000003716,E100001000252
16497,100.0,[6119],E100000126805,E100000127783
3718,100.0,[5340],E100000001045,E100001000265
3739,100.0,[5358],E100001000272,E100001000273
3691,44.17,"[5317, 5318]",E100000000882,E100000001358
3669,100.0,[527],E100001000239,E100000001110
19958,100.0,[6119],E100000126807,E100000123813
3719,100.0,"[2471, 2470]",E100000002114,E100000001647
14576,55.0,[6119],E100000126815,E100000127511
3726,,[],E100000003338,E100001000268
16167,51.0,[6119],E100000126817,E100000126809
23398,,[98384],E100001013787,E100000131973
3731,83.73,"[5350, 105082]",E100000000866,E100001000270
3696,100.0,[5320],E100001000252,E100000000421
3743,100.0,[5362],E100000000048,E100001000274
3742,100.0,[5361],E100000001364,E100000001305
5099,,[],E100000121454,E100000121456
4309,100.0,"[5861, 108350]",E100001000810,E100001000400
14575,45.0,[6119],E100000126815,E100000123420
3740,100.0,[5360],E100001000273,E100001000094
3682,100.0,[5308],E100001000247,E100000001005
3664,100.0,"[1165, 5297]",E100001000235,E100000001385
3721,100.0,[5342],E100000000917,E100001000263
3729,,[],E100000003353,E100001000094
3692,100.0,[5316],E100000000034,E100001000250
3730,100.0,[5349],E100001000270,E100001000094
3746,100.0,[5363],E100000000987,E100001000276
5098,49.62,[6140],E100000120743,E100000003893
22296,,[11898],E100000120770,E100001011269
3674,45.48,[5303],E100000001627,E100000001753
3701,100.0,[5321],E100001000256,E100001000255
3707,100.0,[5326],E100001000259,E100001000258
3715,52.93,[61369],E100000000319,E100001000262
3678,10.8,"[1449, 5307, 1450]",E100000002607,E100001000244
3705,100.0,[105728],E100000000730,E100001000258
3733,100.0,[4909],E100000004270,E100001000271
3683,32.9,[5310],E100000000947,E100001000246
3660,100.0,[5291],E100001000229,E100001000230
3735,100.0,[5355],E100000000392,E100001000267
3680,100.0,[5308],E100001000245,E100000001005
3688,12.82,[5315],E100000000646,E100001000178
15321,42.0,[6119],E100000126798,E100000127580
3675,51.0,[5304],E100000000915,E100001000242
3658,100.0,"[5096, 5230]",E100001000195,E100001000065
3676,49.0,[5304],E100000000915,E100000000339
14851,51.0,[6119],E100000126809,E100000123810
3712,4.04,"[1778, 1147]",E100000003095,E100000001753
3716,100.0,[5338],E100000000916,E100001000263
3702,,[],E100000001966,E100001000257
4417,59.9,"[5907, 1091]",E100000002534,E100001000892
3686,100.0,[5313],E100001000248,E100000000050
3744,50.0,"[848, 2130]",E100000001571,E100001000275
3713,100.0,[5335],E100000001680,E100001000209
3687,51.33,[5314],E100000002350,E100000004303
3656,35.1,[5289],E100000001895,E100000000436
4353,100.0,[108832],E100001000858,E100001000404
3693,22.75,"[5317, 5318]",E100000000882,E100000000893
3734,100.0,[5351],E100001000271,E100000000457
3724,100.0,[5345],E100000003746,E100000000865
3650,47.7,[5284],E100001000220,E100000001753
11506,20.0,[6119],E100000004025,E100000002592
21653,8.84,[7981],E100001000522,E100001010825
3708,100.0,"[5327, 5330, 6048]",E100000001678,E100001000010
16166,43.0,[6119],E100000126817,E100000123261
3727,100.0,[5347],E100000002082,E100001000094
3663,100.0,"[5294, 5295]",E100000002386,E100001000235
3723,100.0,[5344],E100000003747,E100000000865
3706,100.0,[5326],E100000002908,E100001000259
3722,100.0,[5343],E100000000003,E100001000008
3677,100.0,"[5305, 5306]",E100001000242,E100001000243
23544,27.5,[101324],E100001014210,E100000000019
3741,100.0,[5080],E100001000043,E100000003676
3661,100.0,"[5292, 5293]",E100001000231,E100001000232
3738,82.47,"[5358, 5359]",E100000003741,E100001000272
3703,100.0,[5322],E100000002002,E100001000210
3709,100.0,"[5328, 5329]",E100001000010,E100000000339
3714,,[5336],E100000004068,E100001000261
3651,50.0,[5285],E100000003727,E100001000221
3728,100.0,[5348],E100000001075,E100001000269
3760,100.0,[7106],E100000002125,E100001000283
3782,100.0,[5385],E100001000290,E100000000888
3824,69.44,[1789],E100001000308,E100001000305
22667,,"[75077, 75078]",E100000001792,E100000001794
16655,29.99,[6119],E100000126830,E100000127853
3761,100.0,[5374],E100001000283,E100001000282
4354,70.0,[5893],E100001000863,E100001000405
3840,100.0,"[5444, 5445]",E100001000316,E100000000608
21948,9.88,[10675],E100000001016,E100000001015
3825,69.44,[1789],E100001000309,E100000000069
3792,100.0,"[5397, 5398]",E100000001775,E100001000250
16165,6.0,[6119],E100000126817,E100000001753
5101,,[],E100000121202,E100000120462
5102,,[],E100000121202,E100000120073
20494,100.0,[6530],E100001010364,E100000001651
3836,6.9,[5423],E100000000084,E100001000312
3814,100.0,[5418],E100000000724,E100001000107
3803,100.0,[1636],E100000002958,E100001000299
17567,100.0,[6119],E100000126823,E100000127975
3777,14.1,[109015],E100000000639,E100001000178
3838,70.1,[5444],E100000000968,E100001000316
3811,100.0,[5412],E100001000301,E100000000436
17946,80.0,[6119],E100000130132,E100000130174
3812,59.98,"[5414, 5415]",E100000003911,E100001000302
5100,,[],E100000121202,E100000001003
3790,100.0,[5396],E100000002138,E100001000292
3823,100.0,[5419],E100001000307,E100001000306
3797,100.0,[5403],E100000002137,E100001000295
3830,6.9,[5423],E100000001257,E100001000312
3791,100.0,[5396],E100001000292,E100001000293
21654,9.92,[7981],E100001000522,E100001000520
3807,100.0,[5411],E100000004022,E100000000746
3810,20.0,"[5413, 5412]",E100000003211,E100001000301
3822,51.0,[5419],E100000002073,E100001000307
3783,17.0,"[5386, 5387, 114367]",E100000003275,E100001000290
3793,50.0,"[5399, 5400, 114363]",E100000002159,E100000001086
3769,,"[5277, 107194]",E100000000846,E100000000839
3749,18.8,[5364],E100000000890,E100000001753
3758,100.0,"[5372, 8636]",E100000001332,E100001000281
4707,75.0,"[6035, 6036]",E100000003905,E100001001023
3752,100.0,"[5367, 5626]",E100000002005,E100001000279
3816,11.0,[],E100000002733,E100000001753
3833,100.0,[5426],E100001000313,E100001000314
17948,45.0,[6119],E100000130004,E100000130098
19037,100.0,[6119],E100000127352,E100000123335
3835,28.67,[5423],E100000000084,E100001000311
3831,100.0,[5425],E100001000312,E100001000313
3820,10.4,[],E100001000305,E100000001753
19450,64.0,[6119],E100000126828,E100000128202
3841,100.0,[5446],E100000000901,E100000001418
20890,100.0,[],E100000132135,E100000131657
3846,100.0,"[5450, 108522, 108523]",E100000002143,E100001000318
3813,100.0,"[5415, 5416]",E100001000302,E100001000303
3754,1.0,[2487],E100000004201,E100000001753
3818,89.6,[1789],E100001000305,E100000000069
22556,100.0,[74811],E100000120959,E100001011554
16636,100.0,[6119],E100000126819,E100000127850
3828,100.0,"[5421, 5422]",E100001000310,E100000001104
3805,100.0,"[1634, 5408]",E100000002956,E100001000299
22432,100.0,[6526],E100001011389,E100000002765
19418,72.0,[6119],E100000126872,E100000128184
19417,28.0,[6119],E100000126872,E100000123261
3778,9.8,[109015],E100000000639,E100001000289
21805,50.1,[10516],E100000001607,E100001010913
3789,100.0,[5395],E100000002093,E100001000198
3829,28.67,[5423],E100000001257,E100001000311
3757,100.0,"[5371, 7191, 7192]",E100000002347,E100001000281
16656,70.01,[6119],E100000126830,E100000127852
3809,,[],E100000004047,E100000001895
3787,100.0,"[5391, 11611]",E100000004238,E100000000387
3779,8.36,[109015],E100000000639,E100001000290
3821,49.0,[5419],E100000002073,E100001000306
3845,100.0,[5449],E100000000545,E100001000255
3802,100.0,"[5407, 7163]",E100001000299,E100000000481
3755,82.0,[5370],E100000002158,E100001000280
22067,,[11530],E100000003609,E100001011099
11507,20.0,[6119],E100000004025,E100001000029
3804,100.0,[1635],E100000002957,E100001000299
3843,25.01,[5447],E100000003440,E100000001753
3806,100.0,[5410],E100000000794,E100001000300
3796,100.0,[5402],E100000001086,E100001000095
3798,100.0,"[5404, 5405]",E100000001006,E100000000694
3834,100.0,[5426],E100001000314,E100001000311
3770,51.0,[5276],E100000000842,E100000000846
3799,,[5406],E100000000757,E100001000296
3800,,[5406],E100000000757,E100001000297
19449,36.0,[6119],E100000126828,E100000128203
3826,30.66,[],E100001000309,E100000001753
3780,7.37,[109015],E100000000639,E100001000291
3794,50.0,"[5399, 5400, 114363]",E100000002159,E100001000294
3917,,"[1239, 5542]",E100000002530,E100001000342
3942,100.0,[5583],E100000003031,E100001000360
3897,25.0,[1541],E100000003446,E100000004342
3904,100.0,[5534],E100000002579,E100001000340
3936,99.1,[5583],E100001000357,E100001000358
19872,36.0,[6119],E100000126836,E100000128252
19876,25.0,[6119],E100000126836,E100000128253
3946,9.0,[5584],E100000003089,E100001000363
3849,100.0,[5453],E100000000787,E100001000320
3887,40.0,[5488],E100001000334,E100000000552
22433,100.0,[6526],E100001011391,E100000002765
3937,100.0,[5583],E100001000358,E100000000810
3933,100.0,[5583],E100001000354,E100001000355
3890,100.0,[5509],E100000001060,E100000001059
23399,100.0,"[99024, 108656]",E100000132915,E100001001041
3856,100.0,"[5483, 5482]",E100000000566,E100001000321
3894,6.19,[5512],E100000002086,E100000001753
3884,,[5482],E100000000546,E100000001753
3941,40.0,[5583],E100001000359,E100001000355
3930,60.0,[5583],E100000003014,E100001000353
3910,99.98,[5538],E100000001870,E100001000079
3899,100.0,[1541],E100000002900,E100000000697
3952,,[5596],E100000001557,E100000003449
3870,60.2,[5497],E100000001889,E100000000450
3943,100.0,[5583],E100001000360,E100000000810
3911,17.46,[5539],E100000000656,E100001000178
3848,100.0,"[107384, 107385]",E100000000547,E100001000255
3922,9.0,[5547],E100000001104,E100001000346
4708,25.0,"[6035, 6037]",E100000003905,E100001001024
3891,100.0,[5510],E100000003401,E100000003399
3905,100.0,[5536],E100000000480,E100000002691
4593,6.54,"[5949, 109900]",E100000002412,E100001000955
4355,30.0,[5894],E100001000863,E100000001940
3900,100.0,[5530],E100000001117,E100001000338
3878,5.12,[5502],E100000002985,E100001000332
3907,100.0,[2421],E100000003823,E100000000697
3879,1.58,[5502],E100000002985,E100000001753
22769,63.54,[75475],E100000001450,E100001011819
3916,,"[5542, 1239]",E100000002530,E100000000387
3947,100.0,[5588],E100000001055,E100001000364
3944,100.0,"[5585, 5586]",E100000002239,E100000002239
3945,44.59,[5584],E100000003089,E100001000362
4614,,[5959],E100001000960,E100001000008
3923,9.0,[5547],E100000001104,E100001000174
3872,25.2,[1763],E100000003083,E100000001889
3895,75.0,[1541],E100000003446,E100000000697
3950,51.0,[5592],E100001000365,E100001000367
22557,100.0,[74811],E100001011554,E100000149695
3906,100.0,"[3402, 3586]",E100000000697,E100000000480
3902,100.0,[5533],E100000002691,E100000000165
17526,95.0,[6119],E100000126835,E100000123068
3898,100.0,[1541],E100000003780,E100000000697
3881,7.3,[5504],E100000001078,E100001000333
21949,5.21,[10675],E100000001016,E100000001012
3888,100.0,[5506],E100000003402,E100000003399
3850,100.0,[5454],E100000000720,E100001000081
5103,,[],E100000121411,E100000000832
17527,5.0,[6119],E100000126835,E100000123121
3871,39.8,[5497],E100000001889,E100001000203
3918,100.0,"[5544, 5545]",E100000001781,E100001000100
3854,100.0,[5480],E100001000189,E100001000255
19873,18.0,[6119],E100000126836,E100000128254
23545,18.41,[101325],E100000000990,E100001011095
3873,15.6,[1763],E100000003083,E100000003523
4594,5.17,"[5949, 109900]",E100000002412,E100001000956
3885,100.0,[5505],E100001000321,E100001000255
3880,90.03,[5504],E100000001078,E100000001080
3901,100.0,[5531],E100001000338,E100001000339
3940,60.0,[5583],E100001000359,E100000000810
19875,16.0,[6119],E100000126836,E100000128255
3949,49.0,[5591],E100001000365,E100001000366
22066,,[11530],E100000003609,E100001000207
3939,100.0,[5583],E100000003030,E100001000359
21806,5.0,[10516],E100000001607,E100001010914
3882,100.0,[5488],E100000004166,E100000000566
3915,5.8,[5540],E100000000648,E100001000179
3788,100.0,"[5392, 5393, 7194]",E100000001406,E100000000457
3935,100.0,[5583],E100001000356,E100001000357
3914,15.7,[5540],E100000000648,E100001000178
4311,100.0,"[5863, 5864]",E100001000812,E100001000400
3903,100.0,[5532],E100000000165,E100001000086
21655,5.2,[7981],E100001000522,E100001001119
3924,9.0,[5547],E100000001104,E100001000347
19874,5.0,[6119],E100000126836,E100000128256
3892,100.0,[5511],E100000003077,E100000003076
3893,93.81,"[5512, 8030]",E100000002086,E100001000335
3938,100.0,[5583],E100001000353,E100000000810
3886,60.0,[5488],E100001000334,E100000000546
4419,6.05,[5912],E100000000659,E100001000178
3863,100.0,[5487],E100001000327,E100000000921
3951,100.0,[5594],E100000001532,E100000000641
3948,100.0,[3966],E100000000974,E100001000365
4036,16.17,[5685],E100000000651,E100001000178
4026,24.4,[1799],E100000003107,E100001000427
3975,100.0,[5625],E100000000914,E100001000373
5117,,[],E100000121369,E100000120417
15077,51.0,[6119],E100000126838,E100000123206
23546,18.34,[101325],E100000000990,E100001014212
4009,100.0,"[5644, 7038]",E100001000408,E100000000671
23262,60.0,"[98364, 98365]",E100001013495,E100001013496
4050,,[],E100001000458,E100001000456
22558,,[74813],E100000120306,E100001011555
4025,100.0,"[5678, 5679]",E100000002057,E100001000370
14616,44.51,[6119],E100000126845,E100000123261
5115,,"[6261, 6262]",E100000120471,E100000004094
13249,100.0,[6322],E100001010082,E100001010074
4047,100.0,[5692],E100001000447,E100001000448
4016,85.7,[5650],E100000000998,E100001000415
4018,25.62,[5651],E100000004367,E100001000418
3972,80.0,[2492],E100000003883,E100001000329
3956,100.0,[],E100001000300,E100001000370
23822,15.0,[102539],E100001014627,E100001014628
3957,20.0,"[2208, 5601]",E100000003579,E100000000656
4024,100.0,"[5654, 5655]",E100000001224,E100000001246
3955,100.0,[5600],E100000003332,E100000001532
5109,,[],E100000121426,E100000000917
5110,,"[6216, 6221]",E100000120985,E100000000826
22668,,"[75086, 75093]",E100001011665,E100000001092
4046,100.0,[5691],E100001000446,E100001000447
22940,5.49,[76816],E100001012214,E100001012219
4048,100.0,"[5693, 6473]",E100001000449,E100000003676
5112,,[],E100000121208,E100000121207
4044,100.0,[5689],E100001000443,E100001000397
3982,50.0,[5632],E100000002588,E100001000379
21656,5.19,[7981],E100001000522,E100001000516
4007,66.13,"[5856, 108315]",E100001000396,E100001000397
17950,1.0,[6119],E100000128821,E100000001753
3994,95.71,[5640],E100001000013,E100001000388
4045,100.0,[5690],E100000001455,E100001000445
3968,26.8,[2184],E100000003558,E100001000329
23489,100.0,[100754],E100001014088,E100001000094
17952,100.0,[6119],E100000129811,E100000128815
5108,,[],E100000120406,E100000000918
3954,100.0,[5597],E100001000369,E100000001557
22299,10.9,[11899],E100000120801,E100001011272
3990,100.0,"[4777, 5635]",E100000004153,E100000002328
21950,69.8,[7927],E100000000337,E100001000483
3720,100.0,[5341],E100000002329,E100001000266
3973,60.0,"[5377, 2253, 5492]",E100000000841,E100001000329
3970,55.0,[5813],E100000003852,E100001000329
13213,77.0,"[6299, 6300]",E100000121539,E100001010062
13119,75.0,[6223],E100001010011,E100001000782
3976,,"[105825, 105826]",E100000001093,E100001000374
15079,38.0,[6119],E100000126838,E100000127557
5104,100.0,"[10353, 10354]",E100000120356,E100000000834
3999,100.0,[5641],E100001000391,E100000000339
3971,45.0,"[114241, 114242]",E100000003882,E100001000329
4022,,"[5676, 5677]",E100000002966,E100001000422
3959,40.0,"[5377, 5492]",E100000000841,E100001000371
4023,100.0,[],E100001000423,E100000001224
3962,26.0,[1996],E100000003385,E100001000370
4029,100.0,"[5681, 5682]",E100000003850,E100001000320
23042,6.71,[78827],E100000120686,E100001012693
4054,,[108114],E100001000469,E100001000470
4709,23.59,[114259],E100000000608,E100001001025
3986,99.12,"[5013, 10443]",E100000000457,E100001000253
4308,51.0,[5859],E100001000809,E100001000579
4051,100.0,[5695],E100001000461,E100001000462
4043,100.0,[5689],E100001000442,E100001000443
6529,100.0,[6119],E100000124049,E100000123230
10603,19.23,[6119],E100000124027,E100000124723
4010,100.0,"[1142, 1141]",E100000002437,E100000000336
3974,100.0,"[1243, 1244]",E100000002533,E100000001705
23181,100.0,"[97981, 97982]",E100001013336,E100001000488
3961,100.0,[2287],E100000003672,E100000003676
3989,100.0,[5634],E100000001355,E100001000383
4052,100.0,[5696],E100001000011,E100000001728
5111,,"[7990, 7989]",E100000121188,E100000001785
22434,100.0,[74030],E100000120905,E100000133656
3960,100.0,[5602],E100000002572,E100001000372
15078,10.0,[6119],E100000126838,E100000124495
3987,12.08,[109017],E100000000641,E100001000178
3979,100.0,[5629],E100001000376,E100001000233
4312,100.0,"[5865, 108429]",E100001000811,E100001000812
15076,1.0,[6119],E100000126838,E100000001753
3977,100.0,[5628],E100001000374,E100001000375
4017,14.3,[5650],E100000000998,E100001000416
23547,14.03,[101325],E100000000990,E100000152698
4420,54.75,[5912],E100000000659,E100001000894
22865,60.0,"[2266, 76003]",E100001012007,E100001012008
5106,,[],E100000121517,E100000000030
5105,,[],E100000121306,E100000000459
3988,5.0,[5633],E100000000641,E100001000382
2202,21.0,"[1096, 1097]",E100000002411,E100000001753
17953,40.0,[6119],E100000128525,E100000123261
4144,50.0,[5753],E100001000585,E100000003317
4145,50.0,[5753],E100001000585,E100000000171
4078,100.0,"[5702, 6341, 107455]",E100000002454,E100000000687
4156,5.0,[5761],E100000000518,E100000001753
4056,100.0,"[5698, 5699]",E100001000481,E100001000482
4063,100.0,"[6341, 107455]",E100001000492,E100000000687
4064,97.08,"[6341, 107455]",E100001000493,E100000000687
4059,100.0,"[5700, 108602]",E100001000485,E100001000486
17955,62.0,[6119],E100000128815,E100000123261
21807,98.0,"[135, 10520, 10380]",E100000132538,E100001000068
4128,90.0,"[5734, 5940]",E100001000553,E100001000554
4118,100.0,[5728],E100001000540,E100001000318
22669,,"[75086, 75087]",E100001011665,E100000000710
4132,100.0,[5736],E100001000560,E100001000558
4421,100.0,"[5913, 5897, 108504]",E100001000895,E100001000402
4100,7.5,[6390],E100001000516,E100001000519
4109,100.0,"[5721, 6390]",E100001000527,E100001000516
4137,100.0,[5742],E100001000565,E100001000558
4089,,"[5710, 6351, 6352]",E100001000508,E100001000497
16468,35.0,[6119],E100000126846,E100000127801
4083,92.0,"[5708, 6346, 6347]",E100001000505,E100000000687
4110,100.0,"[5722, 6390]",E100001000528,E100001000516
4123,100.0,"[5730, 5732]",E100001000549,E100001000546
3995,4.29,[],E100001000013,E100000001753
4116,99.27,"[5726, 7946, 7947]",E100001000537,E100001000204
4313,100.0,"[5866, 5862, 5864, 108350]",E100001000813,E100001000400
4075,95.13,"[5702, 5706, 6341, 107455]",E100001000500,E100000000687
4122,100.0,"[5730, 5731]",E100001000548,E100001000546
4126,100.0,[5730],E100001000551,E100001000546
4072,40.0,"[5705, 6342]",E100000002455,E100000000652
8700,40.0,[6119],E100000122079,E100000001509
4143,100.0,"[5752, 6146]",E100001000584,E100000002226
4124,100.0,[5730],E100001000550,E100001000546
4136,100.0,[5741],E100001000564,E100001000558
4069,100.0,"[5702, 6341, 107455]",E100000002453,E100000000687
5120,,[],E100000121331,E100001000388
21951,66.0,[10718],E100001011016,E100000121372
4153,100.0,[5759],E100000000811,E100001000601
4107,100.0,"[5719, 6396, 6390]",E100001000525,E100001000526
4066,100.0,"[5702, 6341, 107455]",E100001000494,E100000000687
16466,58.0,[6119],E100000126846,E100000127050
4146,100.0,[5753],E100001000587,E100001000585
4067,100.0,"[5702, 6341, 107455]",E100001000495,E100000000687
4147,50.0,[5756],E100001000593,E100001000594
4076,100.0,"[5702, 6341, 107455]",E100001000501,E100000000687
4108,100.0,[6390],E100001000526,E100001000516
4090,100.0,"[5711, 6341, 107455]",E100001000507,E100001000493
4062,100.0,[5704],E100000001714,E100000001371
4068,100.0,"[6341, 107455]",E100001000496,E100000000687
4057,100.0,[5699],E100001000482,E100001000483
4096,100.0,[5716],E100001000512,E100001000513
8699,60.0,[6119],E100000122079,E100000123237
4106,100.0,"[5718, 6390]",E100001000524,E100001000516
4133,100.0,[5738],E100001000561,E100001000558
4112,98.76,"[5722, 6390]",E100001000530,E100001000516
4158,100.0,"[5762, 10426]",E100001000606,E100001000608
4357,26.0,[5893],E100001000864,E100001000865
4150,36.21,[107816],E100001000589,E100001000590
13120,88.5,"[6223, 108950]",E100001010012,E100001000782
4073,100.0,"[5702, 6341, 107455]",E100001000498,E100000000687
5121,50.0,[6348],E100000120662,E100000000832
4130,100.0,[5735],E100001000555,E100001000554
4080,100.0,"[5702, 6341, 107455]",E100001000503,E100000000687
4131,100.0,[5737],E100001000559,E100001000558
4710,5.02,[114259],E100000000608,E100001000348
4154,100.0,[5760],E100001000601,E100000000813
21657,6.58,[7982],E100000121395,E100001010826
22300,100.0,"[11900, 11901, 11902]",E100000121262,E100001011273
4111,100.0,"[5722, 6390]",E100001000529,E100001000516
4129,100.0,[1775],E100000003091,E100000001381
4152,10.0,[107816],E100001000589,E100001000597
4088,,[5710],E100001000509,E100001000497
4058,100.0,[],E100001000483,E100001000484
4134,100.0,[5739],E100001000562,E100001000558
4149,0.03,[5756],E100001000593,E100000001753
22435,100.0,[74032],E100000120386,E100000120368
4077,100.0,"[5702, 6341, 107455]",E100001000502,E100000000687
4105,100.0,[5718],E100001000523,E100001000516
4155,95.0,[5761],E100000000518,E100001000522
4055,100.0,"[108111, 108113]",E100001000470,E100001000281
4095,100.0,"[5714, 5715]",E100001000511,E100000001533
17158,10.0,[6119],E100000126930,E100000127957
22436,24.8,[74040],E100000120309,E100001011399
4243,100.0,[5828],E100001000766,E100001000765
16909,100.0,[6119],E100000126854,E100000127919
4182,100.0,[5780],E100001000624,E100000001140
4251,100.0,[5828],E100001000770,E100001000764
4205,10.0,[],E100000003998,E100000001753
4206,92.0,"[5788, 5789]",E100000001751,E100000001677
15789,34.63,[6119],E100000126849,E100000127624
13684,92.5,[6119],E100000128090,E100000123261
21952,100.0,[10719],E100000121519,E100000001772
4217,100.0,"[5796, 5797]",E100000001456,E100001000012
15318,49.0,[6119],E100000126847,E100000127578
4176,100.0,[5777],E100001000620,E100000001445
23263,40.0,"[98364, 98365]",E100001013495,E100000132074
4242,90.0,[5828],E100001000765,E100001000764
4356,25.0,[5893],E100001000864,E100001000405
4169,25.79,"[5238, 101315]",E100000001096,E100001000615
19413,100.0,[6119],E100000128183,E100000123261
4178,50.0,"[5779, 5844]",E100001000621,E100000000947
12507,0.63,[6119],E100000122103,E100000001753
22301,100.0,[11903],E100001011273,E100001000100
15984,39.58,[6119],E100000126856,E100000001753
17121,100.0,[6119],E100000126935,E100000127949
5774,6.3,"[6062, 108347]",E100000000433,E100001000348
15985,11.42,[6119],E100000126856,E100000123261
4210,30.9,[5791],E100000000704,E100001000723
13153,100.0,[],E100001001220,E100000002206
4164,100.0,[5765],E100000001085,E100000001086
17858,36.98,[6119],E100000126931,E100000128037
4179,40.0,[5779],E100001000621,E100000000649
19362,100.0,[6119],E100000128182,E100000123261
4248,73.0,[5828],E100001000769,E100001000765
15319,51.0,[6119],E100000126847,E100000127577
4165,100.0,[5766],E100000001087,E100000001086
4161,100.0,[5763],E100001000610,E100001000609
16254,100.0,[6119],E100000127068,E100000127715
4170,100.0,"[5772, 5773]",E100000001815,E100001000616
4207,8.0,[],E100000001751,E100000001753
10760,34.0,[6119],E100000124059,E100000124744
15787,30.92,[6119],E100000126849,E100000127625
21658,6.27,[7982],E100000121395,E100001010827
4235,70.0,"[5817, 10390]",E100001000756,E100001000755
18338,100.0,[6119],E100000127054,E100000123261
5122,50.0,[6348],E100000120662,E100000000687
12508,48.19,[6119],E100000122103,E100000123237
4211,9.07,[5791],E100000000704,E100001000724
4212,8.41,[5791],E100000000704,E100001000725
4422,100.0,"[5914, 5897, 108504]",E100001000896,E100001000402
3913,7.32,[5539],E100000000656,E100001000179
17959,28.57,[6119],E100000129471,E100000129812
4213,7.78,[5791],E100000000704,E100001000726
4034,7.54,"[5684, 108417]",E100000000649,E100001000429
4181,100.0,"[5780, 6169]",E100001000622,E100000001140
23182,100.0,"[97985, 97986]",E100001013337,E100001013338
4204,94.55,[10572],E100000002063,E100000001648
17859,16.64,[6119],E100000126931,E100000128038
14087,100.0,[6119],E100000128187,E100000123261
13683,7.5,[6119],E100000128090,E100000001753
4233,92.2,"[5812, 108778]",E100001000404,E100001000753
4228,100.0,[5805],E100001000744,E100000000095
4190,100.0,[5780],E100001000630,E100001000629
5125,,[10397],E100000120105,E100000120104
10426,48.63,[6119],E100000124067,E100000123261
3312,100.0,[5101],E100001000068,E100000000388
4168,9.31,"[5238, 101315]",E100000001096,E100001000348
4314,100.0,"[5863, 5864]",E100001000814,E100001000812
17957,100.0,[6119],E100000129812,E100000128815
4189,100.0,[5780],E100001000631,E100001000629
10705,100.0,[6119],E100000124053,E100000124739
4262,49.0,[5832],E100001000778,E100001000776
3383,70.0,"[5593, 7132, 7133]",E100000004167,E100000001078
4254,50.0,[5829],E100001000773,E100001000772
4163,100.0,[108439],E100001000614,E100000000656
16268,100.0,[6119],E100000127034,E100000127741
16278,49.0,[6119],E100000126982,E100000123261
4259,100.0,"[5832, 108372]",E100001000776,E100000000651
4225,10.0,[5803],E100000004167,E100000003834
17857,7.44,[6119],E100000126931,E100000128039
17159,80.0,[6119],E100000126930,E100000127956
5127,,[],E100000120102,E100000120760
13930,10.0,[6119],E100000127022,E100000123513
4186,100.0,[5780],E100001000628,E100001000629
4214,14.23,[5791],E100000000704,E100001000727
15790,13.6,[6119],E100000126849,E100000127626
15788,13.6,[6119],E100000126849,E100000127627
15791,7.24,[6119],E100000126849,E100000127628
4209,12.34,[2939],E100000004388,E100001000722
14077,10.72,[6119],E100000127001,E100000001753
4166,100.0,"[5769, 5770]",E100000000040,E100001000100
17151,20.0,[6119],E100000126902,E100000127954
16467,7.0,[6119],E100000126846,E100000127800
4231,100.0,"[5807, 5808, 5809]",E100000001170,E100001000751
13251,100.0,"[6325, 6326]",E100001000828,E100001000084
5198,,[10363],E100000120673,E100001000692
4659,96.0,"[5981, 5982, 5983, 7074]",E100000004325,E100001000978
5152,,[],E100000120557,E100000120364
14111,100.0,[6119],E100000127083,E100000127445
22559,42.56,[74815],E100000000029,E100001011556
5179,,[],E100000120882,E100000120897
5160,,[],E100000120292,E100000120113
5204,,[],E100000120007,E100000001305
5145,100.0,[6108],E100000120159,E100000121133
4258,30.0,[5832],E100001000775,E100001000776
22437,7.2,[74040],E100000120309,E100001000178
5196,,[],E100000120437,E100000120436
5156,,[],E100000120528,E100000121141
14058,34.0,[6119],E100000127088,E100000123322
4540,9.9,[5931],E100000002416,E100000001680
5158,,[],E100000120314,E100000120313
23043,100.0,[78916],E100001012709,E100000132340
5199,100.0,[6233],E100000121339,E100000121514
5167,,[],E100000120328,E100000120593
4615,99.99,[5961],E100000003932,E100001000963
5149,100.0,"[6310, 6308]",E100000120089,E100000001911
13791,44.74,[6119],E100000127114,E100000124412
5155,64.92,"[6233, 7823, 7824]",E100000120561,E100000121514
5150,,[],E100000120088,E100000001911
17112,92.0,[6119],E100000127127,E100000124617
13154,100.0,[],E100001001299,E100000002212
5144,48.99,"[7831, 115941]",E100000120291,E100000120024
5230,,[],E100000120395,E100000120396
22560,31.31,[74815],E100000000029,E100001011557
4712,100.0,"[6040, 114259]",E100000002940,E100001001027
17849,30.0,[6119],E100000127123,E100000124324
5189,25.0,[6069],E100000120075,E100000000520
13788,65.0,[6119],E100000127120,E100000127415
13790,55.26,[6119],E100000127114,E100000127417
17960,51.0,[6119],E100000128422,E100000000261
5175,100.0,[7953],E100000121147,E100000121523
5216,26.0,[6226],E100000120811,E100000120315
5172,49.0,[6248],E100000120925,E100001000485
5165,100.0,[6108],E100000120323,E100000121133
21659,5.0,[7982],E100000121395,E100001010828
14059,33.0,[6119],E100000127088,E100000127434
5197,100.0,[6298],E100000120670,E100001000485
4032,5.0,[5683],E100000004264,E100000000846
5200,,[],E100000120100,E100000120101
764,100.0,"[1571, 1572]",E100000002918,E100000000854
5173,51.0,[6248],E100000120925,E100001000440
5130,,[7938],E100000120131,E100000120695
5159,100.0,[6108],E100000120269,E100000121133
5226,50.0,"[6070, 6078]",E100000120838,E100000001926
5153,,[],E100000120557,E100000120558
4031,60.0,[5683],E100000004264,E100001000329
5218,,[],E100000120071,E100000121108
5157,,[],E100000120090,E100000120076
17961,49.0,[6119],E100000128422,E100000128816
5186,74.0,[7937],E100000120595,E100000120608
4315,100.0,"[5867, 5864]",E100001000816,E100001000400
4268,100.0,[100830],E100001000781,E100001000407
13715,0.18,[6119],E100000127104,E100000001753
5228,,[],E100000121111,E100000120414
4030,10.0,[5683],E100000004264,E100000001533
5188,25.0,[6069],E100000120075,E100001000913
17129,49.0,[6119],E100000127071,E100000127951
5214,,[],E100000120224,E100000120114
5148,50.0,"[6333, 6334]",E100000120172,E100000120315
5215,,[],E100000121100,E100000121099
6558,100.0,[6119],E100000122592,E100000000173
5194,,[],E100000120228,E100000120227
5187,50.0,"[6069, 6070]",E100000120075,E100000001926
17850,28.0,[6119],E100000127123,E100000128035
13215,100.0,[6304],E100001010048,E100001000905
5219,,[],E100000120071,E100000121166
5231,,[],E100000120265,E100000120263
5137,,[],E100000120151,E100000121204
5206,74.5,"[6086, 6070, 108408]",E100000121384,E100000001926
4267,88.0,"[5837, 5830]",E100001000780,E100001000781
17130,51.0,[6119],E100000127071,E100000127950
5166,95.0,[7981],E100000120606,E100001000522
5163,,[],E100000120303,E100001000741
5209,,[],E100000120296,E100000120295
5191,,[],E100000120885,E100001000686
4358,99.98,"[5893, 109564]",E100001000865,E100001000405
5174,100.0,[6108],E100000120500,E100000121133
17847,28.0,[6119],E100000127123,E100000128034
5164,,[],E100000120303,E100001000878
17848,14.0,[6119],E100000127123,E100000128036
13716,99.82,[6119],E100000127104,E100000127409
5154,,[],E100000121211,E100000121210
5162,,[115941],E100000120445,E100000120024
5190,,[],E100000121303,E100000121302
5161,,[],E100000121224,E100000121330
4270,88.0,"[5837, 108363, 100830]",E100001000779,E100001000781
5177,,[],E100000121125,E100000120607
5203,,[6301],E100000121540,E100000121541
14060,33.0,[6119],E100000127088,E100000127433
5222,,[],E100000120816,E100000120114
5132,,[],E100000120135,E100000120794
5176,100.0,[6108],E100000120267,E100000121133
17113,8.0,[6119],E100000127127,E100000127948
23548,13.98,[101325],E100000000990,E100001014213
19009,4.8,[6119],E100000127098,E100000001753
5468,,[7736],E100000120008,E100000001305
18082,51.0,[6119],E100000127161,E100000126505
15831,100.0,[6119],E100000127221,E100000126851
13703,74.68,[6119],E100000128251,E100000128286
5405,,[],E100000121029,E100000000902
19180,6.6,[6119],E100000127194,E100000128150
5474,,[],E100000120160,E100000120217
5437,5.0,[],E100000121055,E100000121050
18081,49.0,[6119],E100000127161,E100000123261
5365,59.75,[6122],E100000121001,E100001000746
5382,,[],E100000121061,E100000121139
18993,0.4,[6119],E100000128214,E100000001753
5425,,[],E100000121051,E100000120086
13704,25.29,[6119],E100000128251,E100000130262
16036,60.0,[6119],E100000127206,E100000123299
5421,,[],E100000121039,E100000120029
5460,,[],E100000120203,E100000121327
16381,29.71,[6119],E100000127192,E100000127776
5432,,[],E100000121036,E100000128088
5401,15.0,"[7999, 8000]",E100000121032,E100000121003
19838,22.59,[6119],E100000128245,E100000001753
5400,50.0,"[7999, 8000]",E100000121032,E100000000436
8753,100.0,[6119],E100000121986,E100000121990
5473,,[],E100000120664,E100001000738
22866,100.0,"[76022, 76023]",E100001012014,E100001012015
14100,95.26,[6119],E100000127182,E100000123261
5457,99.0,[7734],E100000120009,E100000001305
5449,,[],E100000120411,E100001000654
5475,,[],E100000120160,E100000120216
16175,100.0,[6119],E100000128249,E100000128302
18998,100.0,[6119],E100000128330,E100000128860
15992,2.0,[6119],E100000128287,E100000001753
15993,98.0,[6119],E100000128287,E100000123261
5450,,[],E100000120276,E100000000066
21809,100.0,[10522],E100000132681,E100001010915
13764,100.0,[6119],E100000127233,E100000127414
5413,,[],E100000120618,E100000120439
5387,,[],E100000121013,E100001000920
5369,70.0,"[7818, 7819, 7820, 7821]",E100000121420,E100000000247
5390,2.3,[],E100000120163,E100001000921
13155,100.0,[6133],E100001001310,E100000002213
5377,,"[109100, 109101]",E100000121024,E100000120031
5391,72.7,[],E100000120163,E100000120503
5355,,[7890],E100000120996,E100000000657
5398,17.5,[7999],E100000121032,E100000000649
22561,26.13,[74815],E100000000029,E100001011558
5452,10.0,[6977],E100000120283,E100000121181
5462,,[],E100000121252,E100001000262
19664,3.63,[6119],E100000128297,E100000001753
5470,,[],E100000120966,E100000001234
5480,50.0,"[7724, 8017]",E100000120656,E100000000671
5476,,[],E100000120496,E100000120232
17964,100.0,[6119],E100000126498,E100000123261
5461,,[],E100000120277,E100000120923
5436,15.0,[],E100000121055,E100000120942
15036,11.29,[6119],E100000128250,E100001000465
5472,100.0,"[7753, 7754]",E100000120603,E100000000975
16323,95.0,[6119],E100000127235,E100000127754
5422,,"[7891, 7892, 7894]",E100000121007,E100000000657
17062,51.0,[6119],E100000127228,E100000127937
5445,85.0,[],E100000121081,E100000120950
19882,100.0,[6119],E100000128270,E100000128657
14098,100.0,[6119],E100000127168,E100000127442
5466,,[],E100000120360,E100000001240
5412,,[],E100000120616,E100000120439
5375,,[],E100000121004,E100000120669
5467,,[],E100000120355,E100000120289
5416,60.0,[],E100000121017,E100000121447
5404,,[],E100000121000,E100000120173
14368,10.0,[6119],E100000127229,E100000122242
16094,6.0,[6119],E100000127188,E100000123261
16322,5.0,[6119],E100000127235,E100000123261
5443,,[],E100000120994,E100000120997
5374,51.0,[10370],E100000121048,E100000121550
18994,99.6,[6119],E100000128214,E100000128611
5356,,[],E100000120581,E100000128088
15873,5.0,[6119],E100000127219,E100000001753
5392,25.0,[],E100000120163,E100000121138
14099,4.74,[6119],E100000127182,E100000001753
5451,54.0,[6977],E100000120283,E100001000636
23264,100.0,[98367],E100001013497,E100000131986
13252,77.49,"[6327, 6329, 108644]",E100001010083,E100001010084
16037,25.72,[6119],E100000127206,E100000127684
16038,14.28,[6119],E100000127206,E100000127685
22438,5.7,[74040],E100000120309,E100001011400
16071,100.0,[6119],E100000127218,E100000127690
5411,,[],E100000120614,E100000120521
5442,,[],E100000120994,E100000120119
5456,,[],E100000120383,E100000120205
5471,,[],E100000120290,E100000121359
19665,87.72,[6119],E100000128297,E100000128873
5370,30.0,"[7818, 7819, 7820, 7821]",E100000121420,E100000121030
13216,56.0,[6305],E100000000339,E100001010063
5420,65.0,"[6100, 6102]",E100000121078,E100000120029
5357,,[],E100000120581,E100000121578
5384,75.0,[],E100000120331,E100000120317
5446,10.0,[],E100000121081,E100000121065
5444,5.0,[],E100000121081,E100000000483
5447,,[],E100000120590,E100000120589
5601,,[],E100000120451,E100000120452
14024,78.91,[6119],E100000128370,E100000128700
5562,18.16,"[7796, 7797]",E100000121115,E100000000815
23400,,"[99026, 99027]",E100001013788,E100001013789
14983,30.2,[6119],E100000128355,E100000001753
5503,,[],E100000120193,E100000120199
5507,,[],E100000121295,E100000120199
21955,,[10720],E100000001772,E100001011018
22562,100.0,[74815],E100001011558,E100000000022
5586,,[],E100000120492,E100000000794
5593,,[],E100000121193,E100000121264
18305,85.0,[6119],E100000128345,E100000128837
22670,21.0,"[75086, 75090]",E100001011665,E100000000723
5585,,[],E100000120934,E100000120936
5520,,[],E100000120752,E100000120329
14987,12.1,[6119],E100000128355,E100000128732
14012,15.0,[6119],E100000128372,E100000128692
5515,,[],E100000121256,E100000002011
5506,,[],E100000120202,E100000120237
21661,100.0,"[7983, 7984]",E100000131713,E100000132113
15032,98.0,[6119],E100000128340,E100000127537
5590,,[],E100000120180,E100000120179
16022,98.0,[6119],E100000128356,E100000123261
5547,,[],E100000120474,E100000000814
5533,,[],E100000121336,E100000120301
22304,,[9111],E100000001812,E100000000971
5493,,[],E100000120938,E100001000845
5606,,[],E100000120580,E100000000171
5495,70.0,[],E100000120551,E100000120550
18306,15.0,[6119],E100000128345,E100000128838
22777,92.5,"[75478, 75479]",E100000003173,E100001011822
23265,77.94,"[98374, 98377, 109022]",E100001013499,E100000131731
21810,49.18,"[10523, 114203]",E100000132697,E100001010916
5555,,[],E100000120448,E100000120454
17618,14.95,[6119],E100000128368,E100000128796
5485,100.0,[10393],E100000120057,E100000000689
4346,100.0,[5886],E100000003990,E100001000851
5603,46.0,[],E100000120249,E100000002054
5496,,[],E100000120174,E100000121186
23334,45.0,[98772],E100001013666,E100001013667
23008,10.4,"[78089, 78090]",E100001012537,E100000001959
15031,2.0,[6119],E100000128340,E100000001753
23007,16.4,"[78089, 78090]",E100001012537,E100001011682
5584,,[],E100000121149,E100000121150
5580,,[],E100000121241,E100000120046
5504,,[],E100000120193,E100000120431
22942,100.0,"[76837, 76838, 76839]",E100001012230,E100000131050
5486,100.0,"[11757, 11758]",E100000121105,E100000120219
23044,50.0,[78917],E100001012710,E100001012711
5492,,[],E100000121367,E100001000571
5613,,[],E100000121437,E100000000255
17965,100.0,[6119],E100000128483,E100000124400
5502,,[],E100000120200,E100000120766
5608,10.0,[],E100000121435,E100000120245
5612,1.0,[],E100000121435,E100000120324
5614,50.1,[],E100000120421,E100000000785
5516,60.0,[7887],E100000120711,E100000000706
5611,26.0,[],E100000121435,E100000120940
5522,,[],E100000120752,E100000121134
5519,,[10452],E100000120717,E100000120087
5600,,[],E100000120453,E100000000786
14023,13.86,[6119],E100000128370,E100000001753
5551,,[7878],E100000120084,E100000120460
17617,14.86,[6119],E100000128368,E100000128797
17615,14.53,[6119],E100000128368,E100000001753
17619,10.3,[6119],E100000128368,E100000128798
17621,7.68,[6119],E100000128368,E100000128799
17622,7.44,[6119],E100000128368,E100000128800
17616,5.67,[6119],E100000128368,E100000128801
5513,70.0,"[7881, 7882, 7885]",E100000120678,E100000000706
17620,5.54,[6119],E100000128368,E100000128802
14011,20.0,[6119],E100000128372,E100000000249
5598,,[],E100000120819,E100000120818
5521,,[],E100000120752,E100000120502
5532,,[],E100000120939,E100000121329
5501,,[],E100000120201,E100000120766
14988,11.06,[6119],E100000128355,E100000128733
14984,9.29,[6119],E100000128355,E100000128734
14986,9.24,[6119],E100000128355,E100000125663
14989,7.08,[6119],E100000128355,E100000130310
14985,5.2,[6119],E100000128355,E100000128735
5505,,[],E100000120577,E100000120199
5589,30.0,[],E100000120935,E100000120936
14025,7.23,[6119],E100000128370,E100000128701
19523,12.09,[6119],E100000124937,E100000128981
19525,6.07,[6119],E100000124937,E100000128983
19524,5.65,[6119],E100000124937,E100000128984
5604,51.0,"[7816, 7817]",E100000121132,E100000000247
16021,2.0,[6119],E100000128356,E100000001753
5497,40.0,[],E100000120952,E100001000912
5610,26.0,[],E100000121435,E100000121434
14008,12.5,[6119],E100000128372,E100000128693
5607,,[],E100000120580,E100000121272
14016,11.34,[6119],E100000128372,E100000128694
5599,,[],E100000120780,E100000120779
14010,10.42,[6119],E100000128372,E100000128695
14015,8.51,[6119],E100000128372,E100000128696
23183,100.0,[80566],E100001013340,E100001012973
5537,,[],E100000120302,E100000120301
5667,,[],E100000120108,E100001000847
5726,,[],E100000120032,E100000121253
5639,99.9,[5811],E100000121381,E100001000404
22672,97.5,[75091],E100000002488,E100001011666
5621,,[],E100000121300,E100000120513
5733,,[],E100000121259,E100000000909
5731,,[],E100000120063,E100000120064
18292,100.0,[6119],E100000128388,E100001000030
5724,,[],E100000121565,E100001000241
5698,,[],E100000121250,E100001000241
5696,,[],E100000120066,E100000120381
5742,,[],E100000121465,E100000121466
5661,,[],E100000120298,E100000120340
15510,8.68,[6119],E100000128404,E100000001753
5710,,[],E100000120143,E100000121413
5640,90.0,[10541],E100000120747,E100000120746
5671,,[],E100000121585,E100000121586
5734,,[7949],E100000121526,E100001000537
5720,,[],E100000121463,E100001000709
5697,,[],E100000121399,E100000121328
5683,,[],E100000120299,E100000120321
5703,,[],E100000120183,E100000120949
5685,,[],E100000120821,E100000121598
5663,,[],E100000120140,E100001000462
5660,,[7996],E100000120033,E100000121593
14658,22.79,[6119],E100000128367,E100000128714
5630,100.0,"[10539, 10540]",E100000120077,E100000121580
5700,,[],E100000120820,E100000120726
5628,100.0,"[7968, 7969, 11386]",E100000120254,E100000000864
5638,100.0,[5811],E100000120720,E100001000404
5747,100.0,[6197],E100000120373,E100000004303
5631,,[],E100000120875,E100000120123
5738,,[],E100000120768,E100000120767
5699,,[],E100000120094,E100000120148
5745,51.0,"[7739, 7740]",E100000120012,E100000001305
5675,,[],E100000120732,E100000120731
16457,100.0,[6119],E100000128386,E100000128776
14051,60.0,[6119],E100000128392,E100000001753
5718,9.6,[],E100000121296,E100000120477
22563,,[74816],E100000001835,E100001011559
5701,,[8092],E100000120455,E100001000241
5620,,[],E100000121291,E100000121292
5739,,[],E100000120422,E100000000639
22305,100.0,[11910],E100000120668,E100000003527
5736,,[],E100000121432,E100000121431
5619,75.5,[],E100000120192,E100000120242
5728,,[],E100000120062,E100000000185
5678,50.0,[],E100000120218,E100000120043
5679,,[],E100000121414,E100000121413
5684,,"[7933, 7934]",E100000120862,E100000120433
5732,,[],E100000120345,E100000120346
5643,,[],E100000121382,E100000120962
5717,90.4,[],E100000121296,E100000001052
5626,50.0,[11384],E100000120054,E100000120053
5704,,[7932],E100000120432,E100000120433
5668,,[],E100000121112,E100000121113
5737,100.0,[6198],E100000120374,E100000004303
18480,100.0,[6119],E100000128401,E100000128852
20261,19.88,[6119],E100000128404,E100000130522
5656,,[],E100000121392,E100000120621
5691,,[],E100000120736,E100000121097
22440,,[74046],E100001001054,E100001011401
5674,,[],E100000120732,E100000121593
5648,,[],E100000120274,E100000000185
5682,,[],E100000120397,E100000120020
5659,,[6719],E100000120332,E100000120333
5741,,[],E100000120305,E100001000841
17970,5.0,[6119],E100000128046,E100000130290
5735,,[],E100000120574,E100000120460
5633,100.0,[5811],E100000120137,E100001000404
5748,,[],E100000120586,E100000120460
5652,,[],E100000120507,E100000001029
5650,100.0,[7126],E100000121564,E100000000860
5680,,[],E100000120839,E100000120772
5664,,[],E100000120072,E100000121586
17967,22.22,[6119],E100000128048,E100000128532
5719,,[],E100000120556,E100000120731
5692,,[],E100000120184,E100000121122
5688,70.0,[6338],E100000121383,E100000000868
5672,,[],E100000120001,E100000121566
5644,100.0,[11509],E100000120701,E100000121185
5727,,"[7933, 11702]",E100000120861,E100000120433
14659,18.96,[6119],E100000128367,E100000128715
5715,,[],E100000120039,E100000120038
5721,,[],E100000120693,E100000120731
21662,100.0,[7991],E100001000913,E100001010831
5722,,[],E100000121555,E100000120393
22778,100.0,[75492],E100000150173,E100001010999
14013,6.95,[6119],E100000128372,E100000128698
5708,,[],E100000121242,E100000121243
5740,,[],E100000121401,E100000121402
14009,6.95,[6119],E100000128372,E100000128697
14660,17.82,[6119],E100000128367,E100000128716
14657,14.09,[6119],E100000128367,E100000123511
14654,12.05,[6119],E100000128367,E100000001753
19575,100.0,[6119],E100000128395,E100000123261
14656,9.13,[6119],E100000128367,E100000128717
14655,5.17,[6119],E100000128367,E100000123244
5615,35.0,[],E100000120421,E100000120245
5711,,[],E100000121257,E100000120146
21811,100.0,"[10525, 10528]",E100001010918,E100000132195
21956,,[11171],E100000132616,E100001010185
5716,,[],E100000120481,E100000120506
14014,6.95,[6119],E100000128372,E100000128699
14007,1.39,[6119],E100000128372,E100000001753
5686,,[],E100000120497,E100000120067
17969,25.0,[6119],E100000126392,E100000128042
3852,100.0,"[5455, 5456, 6070]",E100000001930,E100000001926
19522,0.11,[6119],E100000124937,E100000001753
5770,,[],E100000121333,E100000001939
9844,31.25,[6119],E100000124148,E100000124645
5771,,[],E100000121501,E100000001939
16420,100.0,[6119],E100000128444,E100000128775
5765,,[],E100000121533,E100000121238
5800,50.0,"[6079, 6070]",E100000120889,E100000004157
19626,40.0,[6119],E100000128424,E100000128870
12435,26.09,[6119],E100000124108,E100000124953
17972,100.0,[6119],E100000129945,E100000130099
13940,80.0,[6119],E100000128419,E100000128685
23045,52.0,[79057],E100001012752,E100001012753
22867,,"[76046, 76050]",E100001012022,E100000000003
4180,10.0,[5779],E100001000621,E100000000658
5864,27.5,"[6098, 5844, 6099]",E100000121008,E100000003442
21663,44.34,[8002],E100000000707,E100001010832
22943,100.0,[76729],E100000120858,E100001012233
16149,8.16,[6119],E100000128431,E100000128767
11266,10.0,[6119],E100000124120,E100000000287
17973,100.0,[6119],E100000129469,E100000123261
5784,14.18,[6065],E100000120388,E100001001039
5798,78.13,[102071],E100000000630,E100000001753
13156,100.0,[6133],E100001001326,E100000002216
5865,35.0,"[6100, 6102]",E100000121078,E100001001045
5758,,[],E100000120644,E100000000641
5785,8.19,[6065],E100000120388,E100001001040
5868,100.0,[6040],E100001001028,E100001001046
10866,0.25,[6119],E100000124090,E100000001753
7397,100.0,[6119],E100000124173,E100000123261
16152,8.12,[6119],E100000128431,E100000128768
5752,15.0,"[6210, 6211]",E100000121154,E100001000537
5465,42.52,[6104],E100000120404,E100000000324
15979,70.0,[6119],E100000128421,E100000125551
17852,3.54,[6119],E100000128523,E100000001753
13941,10.0,[6119],E100000128419,E100000128687
17853,96.46,[6119],E100000128523,E100000124706
16706,10.0,[6119],E100000128440,E100000123994
11737,10.0,[6119],E100000124104,E100000124877
12829,94.35,[6119],E100000124092,E100000125808
5861,29.0,"[6087, 6088]",E100000120482,E100000002110
2802,35.0,"[1503, 6039]",E100000002814,E100000001035
5786,5.0,[6065],E100000120388,E100001001041
11452,1.0,[6119],E100000124151,E100000001753
5867,100.0,"[5776, 6103]",E100001000619,E100000003705
23335,85.0,[98773],E100001013668,E100001013669
21957,,[11173],E100000132471,E100001001437
4645,38.0,[5980],E100000000463,E100000000417
5866,99.99,"[6101, 6102]",E100001001045,E100000000946
4644,57.9,[5980],E100000000463,E100000001454
5869,82.27,[6040],E100001001046,E100000000608
5760,,[],E100000120539,E100000120489
8022,60.41,[6119],E100000124191,E100000124527
5857,20.0,"[5927, 5928]",E100000003917,E100001000905
5730,,[],E100000120062,E100000120248
11313,100.0,[6119],E100000124127,E100000123261
3965,100.0,"[5608, 109045]",E100001000330,E100000000845
5767,95.62,"[6050, 6051, 6052, 7101]",E100000001408,E100001001032
5783,17.38,[6065],E100000120388,E100001001038
5729,,[],E100000120062,E100000001667
5873,56.44,"[6105, 6106]",E100001000859,E100000000869
4871,50.0,"[6071, 6070]",E100000120132,E100000001926
5582,50.0,[6070],E100000121472,E100000001926
5772,100.0,[6055],E100000120352,E100000000742
5782,46.01,[6065],E100000120388,E100001001037
5791,51.1,[6067],E100000001926,E100001000397
5759,100.0,"[7948, 7949]",E100000120762,E100001000537
5844,100.0,[6082],E100000001102,E100000001247
19625,60.0,[6119],E100000128424,E100000123261
15513,6.09,[6119],E100000128404,E100000128754
5769,,[],E100000121334,E100000001939
5762,29.0,"[6212, 6213]",E100000121530,E100000004303
5855,100.0,"[6083, 6084]",E100000001844,E100001001044
15978,20.0,[6119],E100000128421,E100000124585
15980,10.0,[6119],E100000128421,E100000124453
5872,57.34,"[6040, 6104]",E100000120404,E100001001046
5751,80.0,"[6210, 6211]",E100000121154,E100000004303
5863,29.0,"[5844, 6091]",E100000120509,E100000002110
5860,,[],E100000121591,E100000001058
5870,100.0,[6040],E100001001027,E100000000608
5790,100.0,[6066],E100000002069,E100000000851
23184,100.0,[5864],E100001013342,E100001000400
4885,19.0,"[6091, 6092]",E100000120509,E100000000955
13939,10.0,[6119],E100000128419,E100000128686
16151,8.1,[6119],E100000128431,E100000128769
16154,8.09,[6119],E100000128431,E100000128770
16150,8.05,[6119],E100000128431,E100000128771
5754,99.99,"[6276, 6277, 6278]",E100000120358,E100000002129
5583,50.0,[6070],E100000121472,E100000000984
5775,9.1,"[6062, 108347]",E100000000433,E100001000330
5871,64.93,[109873],E100001001026,E100000000608
5766,100.0,[6049],E100000002851,E100001000899
16299,72.23,[6119],E100000128446,E100000123261
5908,100.0,[6132],E100001001087,E100000000426
5915,25.0,"[6138, 6139]",E100000121350,E100001001093
13254,97.2,[6327],E100001010085,E100001010086
5932,,[],E100001001290,E100001001053
943,100.0,[3143],E100000003093,E100000001309
5899,37.79,[6124],E100000120611,E100001001084
7609,100.0,[6119],E100000124308,E100000000170
5907,28.0,[6131],E100000120519,E100001001087
5896,11.1,[6122],E100000121001,E100001001082
12363,40.99,[6119],E100000124286,E100000124946
16447,16.0,[6119],E100000128453,E100000001753
5960,100.0,[6133],E100001001430,E100001001421
5971,,[],E100001001318,E100000001329
12326,100.0,[6119],E100000124278,E100000125509
5903,99.09,"[6128, 6129]",E100000121050,E100000121057
13067,100.0,[6119],E100000124304,E100000126046
5918,77.12,[6141],E100000120744,E100000003873
11864,100.0,[6119],E100000124198,E100000123261
22306,7.46,[11911],E100000120645,E100001011276
13972,75.32,[6119],E100000128462,E100000124611
5966,,[],E100001001415,E100001001201
16900,1.0,[6119],E100000128459,E100000001753
21813,100.0,"[10530, 10529]",E100000132331,E100001000683
17974,100.0,[6119],E100000129705,E100000130004
22069,38.5,"[11534, 11535]",E100001011100,E100000001597
13157,100.0,[6133],E100001001431,E100000002217
5901,34.0,"[6126, 6127]",E100000121043,E100000121050
21664,5.25,[8002],E100000000707,E100001000412
16448,84.0,[6119],E100000128453,E100000123261
13961,94.44,[6119],E100000128461,E100000128688
19593,1.0,[6119],E100000128442,E100000001753
5916,10.0,"[6138, 6139]",E100000121350,E100001001094
13962,5.56,[6119],E100000128461,E100000128689
7992,83.33,[6119],E100000124195,E100000124520
13971,11.84,[6119],E100000128462,E100000128690
5917,50.38,[6140],E100000120743,E100000000407
5904,100.0,[6130],E100000004251,E100001001086
5954,100.0,[6133],E100001001301,E100000001286
5952,100.0,[6133],E100001001214,E100000002328
5880,31.9,"[6110, 108436]",E100000000530,E100000121405
2127,100.0,[4970],E100000004336,E100000001324
5877,8.66,[6108],E100000121133,E100001001048
22673,,[75092],E100001011666,E100001011665
2054,100.0,"[4904, 11579]",E100000004265,E100000001139
5936,100.0,"[6267, 114201, 114202]",E100001001274,E100000001194
5882,5.97,"[6110, 108436]",E100000000530,E100001001049
5961,,[],E100001001225,E100000001222
5889,69.0,[7061],E100001001050,E100000000339
5914,55.0,"[6138, 6139]",E100000121350,E100001001092
5876,55.99,[6108],E100000121133,E100001000397
5957,40.0,[6133],E100001001226,E100000001147
5913,10.0,"[6038, 6138, 6139]",E100000121350,E100001001091
5878,5.0,[6108],E100000121133,E100001000520
19594,99.0,[6119],E100000128442,E100000128869
5921,,[],E100001001189,E100000001143
5934,100.0,[6133],E100001001277,E100000001322
5905,100.0,[2876],E100001001086,E100000000114
5926,,[],E100001001193,E100000001305
5906,40.0,[6131],E100000120519,E100000003873
11957,100.0,[6119],E100000124217,E100000125625
5897,72.97,[6123],E100001001082,E100000003764
5951,,[],E100001001209,E100000001223
1658,99.99,"[2462, 6038]",E100000003764,E100000000537
5950,,[],E100001001209,E100000000641
5959,,[],E100001001293,E100000001534
22441,85.0,[74055],E100001000441,E100001011402
5925,100.0,[6133],E100001001190,E100000001305
3431,100.0,"[3197, 5780]",E100000002449,E100000001140
5900,62.0,"[6126, 6127]",E100000121043,E100001001085
5958,,[],E100001001293,E100000001146
21958,65.0,"[11175, 11177, 11178]",E100000132516,E100000132515
5953,,[],E100001001275,E100000001322
5898,28.08,[6124],E100000120611,E100001001083
17975,4.74,[6119],E100000128533,E100000001753
5894,71.16,"[6120, 6121]",E100001000794,E100001001080
5875,5.54,[6106],E100001000859,E100001001047
5891,100.0,[6116],E100000004269,E100001000271
23046,48.0,[79057],E100001012752,E100001012754
5883,68.51,[108433],E100001001049,E100000121405
5956,60.0,[6133],E100001001226,E100001001282
5940,,[],E100001001378,E100001001256
3670,100.0,"[5301, 1968]",E100000001243,E100001000240
5927,100.0,[6133],E100001001194,E100000001305
16300,10.95,[6119],E100000128446,E100000127858
5931,,[],E100001001291,E100001001053
14030,100.0,[6119],E100000128455,E100000123261
5939,,[],E100001001378,E100001001224
13969,6.92,[6119],E100000128462,E100000001753
13970,5.92,[6119],E100000128462,E100000123261
5969,100.0,[6133],E100000002308,E100001001379
16298,16.82,[6119],E100000128446,E100000001753
5935,100.0,[6133],E100001001376,E100001001435
5970,100.0,[6133],E100001001328,E100001001302
9352,10.0,[6119],E100000124257,E100000125528
9413,74.83,[6119],E100000124214,E100000123261
12600,100.0,[6119],E100000124329,E100000125637
6015,,[],E100001001230,E100000001262
6604,20.0,[6119],E100000124427,E100000124426
5990,100.0,[6133],E100001001325,E100000001322
6031,100.0,[6133],E100001001213,E100001001348
5993,,[],E100001001283,E100001001205
20225,100.0,[6119],E100000128709,E100000130486
20021,51.0,[6119],E100000128661,E100000125277
14797,5.0,[6119],E100000128687,E100000001753
6056,,[],E100001001257,E100001000208
17990,81.49,[6119],E100000128714,E100000000225
13158,51.0,[6242],E100001010032,E100001000479
13122,75.0,"[5854, 108950]",E100001010013,E100001000782
14918,29.0,[6119],E100000128730,E100000128910
6065,,[],E100001001297,E100000000382
14756,99.8,[6119],E100000128726,E100000128907
4,75.0,"[117, 1113, 1112]",E100000001375,E100000000470
14923,0.17,[6119],E100000128536,E100000001753
6006,,[],E100001001199,E100000001139
13219,50.0,[6306],E100000120740,E100000000405
13757,90.0,[6119],E100000128680,E100000128893
13570,20.5,[6119],E100000128675,E100000128877
6072,,[],E100001001210,E100000001157
6078,,[],E100001001195,E100000001305
9559,77.96,[6119],E100000124505,E100000125680
6086,,[],E100001001223,E100001001371
5997,100.0,[6133],E100000002175,E100000002176
6064,,[],E100001001428,E100000001262
6087,,[],E100001001191,E100000001305
6044,100.0,[6133],E100000002273,E100001001338
6578,12.0,[6119],E100000124489,E100000125006
17010,87.68,[6119],E100000128475,E100000123261
6094,70.0,"[6142, 110090, 110091]",E100000120892,E100001001097
6051,,[],E100001001410,E100000001262
6005,,[],E100001001319,E100000001262
16122,17.0,[6119],E100000128476,E100000001753
19990,6.3,[6119],E100000128698,E100001000465
13255,59.9,"[6329, 108642]",E100001010084,E100001010085
6011,100.0,[6133],E100001001303,E100001001390
8882,21.22,[6119],E100000124393,E100000123261
6088,,[],E100001001192,E100000001305
6020,,[],E100001001344,E100001001341
6092,100.0,[6133],E100001001398,E100000001149
6306,36.81,[6119],E100000124339,E100000124399
10756,68.3,[6119],E100000124383,E100000123261
5995,,[],E100001001200,E100001001201
6059,,[],E100001001425,E100000001705
5977,,[],E100001001228,E100000001262
7037,100.0,[6119],E100000124476,E100000125653
6041,100.0,[6133],E100001001400,E100000001309
6057,,[],E100001001419,E100001000208
7401,100.0,[6119],E100000124450,E100000124535
16123,83.0,[6119],E100000128476,E100000123261
6058,,[],E100001000623,E100001001259
17902,20.0,[6119],E100000128564,E100000128811
6055,,[],E100001001418,E100001000655
12926,6.59,[6119],E100000124507,E100000125905
6052,100.0,[6133],E100000001284,E100001001339
5975,,[],E100001001261,E100000001262
14798,95.0,[6119],E100000128687,E100000123261
14755,0.2,[6119],E100000128726,E100000001753
23823,15.0,[102539],E100001014627,E100001014629
7299,100.0,[6119],E100000124446,E100000123261
17991,10.91,[6119],E100000128714,E100000125295
6076,,[],E100001001352,E100000002239
6471,16.0,[6119],E100000124417,E100000125512
6016,100.0,[6263],E100001001268,E100000001305
6013,,[],E100001001336,E100000001262
6874,92.0,[6119],E100000124463,E100000123741
14917,70.0,[6119],E100000128730,E100000128909
6029,100.0,[6133],E100000002236,E100000002236
6027,100.0,[6133],E100001001424,E100000002328
6030,,[],E100001001292,E100000000382
6043,,[],E100001001443,E100001000478
6024,100.0,[6133],E100001001309,E100000002265
17901,10.0,[6119],E100000128564,E100000128812
17900,6.67,[6119],E100000128564,E100000128813
6034,100.0,[6133],E100001001280,E100001001374
6035,100.0,[6133],E100001001380,E100001001417
9219,100.0,[6119],E100000122787,E100000123785
5976,,[],E100001001260,E100000001262
5981,,[],E100001001215,E100000001150
6054,,[],E100001001273,E100000001193
17682,100.0,[6119],E100000128717,E100000123261
6002,,[],E100001001314,E100000002184
6077,100.0,[6133],E100001001211,E100001001389
5987,100.0,[6133],E100000002257,E100001001216
12812,100.0,[6119],E100000124596,E100000123261
17989,7.6,[6119],E100000128714,E100000001753
6017,100.0,[6133],E100001001276,E100000001322
316,87.6,"[1122, 1124, 1123]",E100000002427,E100000000585
14916,1.0,[6119],E100000128730,E100000001753
12255,100.0,[6119],E100000124481,E100000123261
6042,100.0,[6230],E100001001323,E100001001322
17981,40.0,[6119],E100000128648,E100000128816
6074,100.0,[6133],E100001001278,E100000001322
6038,100.0,[6133],E100001001285,E100001001281
17899,33.33,[6119],E100000128564,E100000128809
6018,,[],E100001001342,E100001001227
12552,45.9,[6119],E100000124313,E100000125511
6004,,[],E100001001307,E100000001262
17883,99.8,[6119],E100000128737,E100000128945
6107,100.0,[6151],E100001001100,E100000000111
6163,54.76,"[6199, 6200, 6201]",E100000120929,E100000002882
6172,100.0,[6204],E100001001137,E100001001138
18482,100.0,[6119],E100000128811,E100000128962
13220,100.0,"[6307, 6305]",E100000120741,E100001010065
18203,100.0,[6119],E100000128829,E100000123261
476,100.0,"[1291, 1292, 6162]",E100000002635,E100000001170
6129,99.99,"[6178, 109126]",E100001001109,E100001001106
23522,100.0,"[100942, 100943]",E100001014153,E100001014155
13256,7.0,[108645],E100001010087,E100001010083
18485,100.0,[6119],E100000128846,E100000123261
23336,99.13,[98773],E100001013669,E100001013670
6165,29.45,[6202],E100000120929,E100001001129
14806,100.0,[6119],E100000128803,E100000123261
22442,100.0,"[6671, 107677]",E100000001935,E100001011403
19420,10.0,[6119],E100000128867,E100000128979
22070,61.5,"[11533, 11534, 11535]",E100001011100,E100000000103
17668,100.0,[6119],E100000128805,E100000130340
6161,6.91,[6195],E100000001937,E100001001128
6152,100.0,[6191],E100000120264,E100001000083
6164,24.1,[6202],E100000121116,E100001001129
21814,97.87,"[6996, 10524, 10531]",E100001010425,E100001010919
6106,100.0,[6150],E100001001420,E100001001100
17887,100.0,[6119],E100000128813,E100000128946
6116,100.0,[6160],E100001000390,E100000000340
18375,95.95,[6119],E100000128744,E100000123261
6103,51.4,"[6144, 6375]",E100000121504,E100000001454
6111,97.44,[6157],E100001001101,E100001001102
6151,100.0,"[108611, 6190]",E100001001124,E100001000774
21665,100.0,"[8003, 8004, 8005]",E100000121324,E100001010833
6171,100.0,"[6204, 107676]",E100001001136,E100001001130
17980,15.79,[6119],E100000128533,E100000122410
966,,"[1810, 1811, 6158, 109984]",E100000003111,E100000001175
13652,48.02,[6119],E100000128877,E100000129010
18235,7.15,[6119],E100000128741,E100000128951
18483,100.0,[6119],E100000128848,E100000123261
6142,15.1,[78827],E100000120686,E100001001118
6105,100.0,[4320],E100000004158,E100001001420
6139,95.24,[109126],E100001001115,E100001001106
2488,50.0,"[2099, 6153]",E100000003485,E100000001158
13891,30.0,[6119],E100000128773,E100000128896
18655,20.0,[6119],E100000128937,E100000129074
17951,99.0,[6119],E100000128821,E100000123261
6154,24.9,[6191],E100001000083,E100000001937
6101,100.0,[6133],E100001001312,E100001001241
6122,100.0,"[6163, 6164, 6165]",E100000003752,E100001001104
6124,100.0,"[1853, 1276, 1296]",E100000003165,E100000002328
13809,100.0,[6119],E100000128985,E100000000151
6150,100.0,"[6157, 6188, 6189]",E100000121298,E100000120684
6156,100.0,[6191],E100000121521,E100001000083
18459,100.0,[6119],E100000128798,E100000128956
6155,50.0,"[6192, 6193]",E100001001126,E100001001125
21959,35.0,"[11175, 11177, 11178, 11176]",E100000132516,E100001011020
6098,100.0,"[6144, 6145]",E100000121162,E100000001454
18374,4.05,[6119],E100000128744,E100000001753
6108,80.0,"[5641, 6160]",E100001000389,E100001000390
6181,50.0,[6204],E100001001144,E100001001136
6118,50.0,[6160],E100000000340,E100001001103
6146,,[6182],E100000120860,E100001001120
6100,33.3,[6147],E100000121265,E100001000739
17744,100.0,[6119],E100000128850,E100000128941
6096,100.0,[6061],E100001001098,E100000000433
6102,100.0,[],E100001001351,E100001001243
6153,100.0,[6190],E100001001125,E100001001124
6109,100.0,[6154],E100000002564,E100000002328
6115,100.0,[6160],E100001001103,E100001000391
6180,50.0,[6204],E100001001144,E100001001145
6160,18.45,[6195],E100000001937,E100001001127
6112,100.0,[6157],E100001001102,E100001000439
6110,100.0,"[6155, 6156]",E100000120191,E100001001101
6099,66.7,"[6147, 6148]",E100000121265,E100000000113
18653,2.01,[6119],E100000128937,E100000001753
17882,0.2,[6119],E100000128737,E100000001753
6173,100.0,[6204],E100001001138,E100001001131
18233,23.77,[6119],E100000128741,E100000128949
6162,51.0,"[2503, 6196]",E100000003890,E100001000083
18234,5.15,[6119],E100000128741,E100000128952
22307,,[11915],E100000002346,E100001011277
6145,70.0,[6157],E100000120687,E100001000439
6167,100.0,[6204],E100001001133,E100001001131
18318,100.0,[6119],E100000128839,E100001000030
18457,100.0,[6119],E100000128796,E100000128955
1143,100.0,"[3965, 1913]",E100000003294,E100000001235
6119,50.0,[3709],E100000000340,E100001000392
18984,95.59,[6119],E100000128751,E100000130343
17736,100.0,[6119],E100000128756,E100000123261
18403,100.0,[6119],E100000128844,E100000130341
18469,100.0,[6119],E100000128799,E100000128960
6597,20.5,[6119],E100001000881,E100000125515
6200,25.52,[6208],E100000000336,E100001010007
6217,14.0,[6119],E100000123140,E100000123232
6201,15.0,[6209],E100000001454,E100000000433
7075,100.0,[6119],E100000121719,E100000123318
6232,30.0,[6119],E100000125227,E100000125234
6208,68.55,[108955],E100001000791,E100001000782
13159,10.24,[6243],E100001000519,E100001010033
6204,60.86,[6215],E100000000826,E100001001041
13730,19.04,[6119],E100000128892,E100000123261
7785,100.0,[6119],E100000121728,E100000123464
6252,23.19,[6119],E100000124102,E100000124390
6220,40.0,[6119],E100000122852,E100000123233
6255,16.61,[6119],E100000123720,E100000124393
6231,32.03,[6119],E100000123760,E100000124379
6236,30.0,[6119],E100000125234,E100000125329
14872,61.22,[6119],E100000128908,E100000000171
6245,27.04,[6119],E100000124055,E100000124381
13737,35.23,[6119],E100000128888,E100000001753
6192,66.0,"[6040, 6207]",E100000121308,E100001001154
6256,90.0,[6119],E100000124394,E100000125642
6254,25.19,[6119],E100000123720,E100000124392
13739,33.2,[6119],E100000128888,E100000128892
17283,40.0,[6119],E100000128899,E100000123261
6227,100.0,[6119],E100000123761,E100000123760
6219,60.0,[6119],E100000122852,E100000123231
13738,31.57,[6119],E100000128888,E100000123261
7906,56.0,[6119],E100000121712,E100000001645
14875,15.0,[6119],E100000128908,E100000129030
6196,34.0,[6207],E100000121308,E100001010004
6213,0.59,[6119],E100000125233,E100000001753
6253,58.2,[6119],E100000123720,E100000124391
6240,30.0,[6119],E100000125234,E100000125330
6237,10.0,[6119],E100000125234,E100000001427
6259,60.0,[6119],E100000122064,E100000123235
6214,100.0,[6119],E100000124990,E100000125233
6235,10.0,[6119],E100000125234,E100000125331
6238,10.0,[6119],E100000125234,E100000000307
6239,10.0,[6119],E100000125234,E100000125332
9914,100.0,[6119],E100000123700,E100000124652
6211,25.0,[6119],E100000124238,E100000124377
6229,48.21,[6119],E100000123760,E100000123261
6202,5.02,[6209],E100000001454,E100001000089
6241,35.0,[6119],E100000004210,E100000123234
6225,80.0,[6119],E100000123676,E100000123231
6186,100.0,[6204],E100001001149,E100001001143
6209,40.0,[6119],E100000124238,E100000124375
6257,10.0,[6119],E100000124394,E100001000032
13221,100.0,"[6307, 6305]",E100001010065,E100000000339
75,50.0,"[1970, 1969, 5853]",E100000001533,E100000000659
6221,9.01,[6119],E100000124793,E100000001753
6258,100.0,[6119],E100000124103,E100000124394
17983,30.0,[6119],E100000128648,E100000128822
6199,56.88,[6208],E100000000336,E100000001471
8100,10.0,[6119],E100000004043,E100000123457
8101,5.0,[6119],E100000004043,E100000123568
6222,76.5,[6119],E100000124793,E100000124991
6216,51.0,[6119],E100000123140,E100000123231
8103,75.0,[6119],E100000004043,E100000123566
13655,100.0,[6119],E100000128882,E100000123261
17284,60.0,[6119],E100000128899,E100000129052
6230,13.04,[6119],E100000123760,E100000124380
14807,91.63,[6119],E100000128886,E100000129028
6195,50.0,[6206],E100001001156,E100000000336
6233,70.0,[6119],E100000125227,E100000001427
6224,5.65,[6119],E100000124092,E100000125512
10519,55.29,[6119],E100000004353,E100000123446
6228,6.72,[6119],E100000123760,E100000001753
21666,100.0,[8007],E100001010830,E100000131854
6194,50.0,[6206],E100001001156,E100001000408
14808,8.38,[6119],E100000128886,E100000129029
13651,0.98,[6119],E100000128877,E100000001753
21960,94.5,[11179],E100000132515,E100001011021
14873,10.0,[6119],E100000128908,E100000129031
6212,100.0,[6119],E100000124375,E100000124990
12950,45.0,[6119],E100000121757,E100000125929
17982,30.0,[6119],E100000128648,E100000128821
8102,10.0,[6119],E100000004043,E100000123567
8670,100.0,[6119],E100000122622,E100000123691
6210,35.0,[6119],E100000124238,E100000124376
13682,100.0,[6119],E100000128879,E100000123261
6234,100.0,[6119],E100000125331,E100000125329
6218,35.0,[6119],E100000123140,E100000000241
13724,100.0,[6119],E100000128894,E100000129011
6242,65.0,[6119],E100000004210,E100000000218
6203,49.0,"[6214, 6212, 6213]",E100000121530,E100000003705
6215,100.0,[6119],E100000123462,E100000123231
6226,20.0,[6119],E100000123676,E100000124378
6223,14.49,[6119],E100000124793,E100000124992
6243,14.44,[6119],E100000124055,E100000124382
6251,10.61,[6119],E100000124055,E100000124383
6247,9.81,[6119],E100000124055,E100000124384
6351,80.03,[6119],E100000123246,E100000123248
23488,33.03,[100754],E100001014087,E100001014088
6288,45.0,[6119],E100000124041,E100000123261
6357,63.43,[6119],E100000122105,E100000123247
6317,9.14,[6119],E100000122373,E100000123242
6329,100.0,[6119],E100000004003,E100000000262
6280,100.0,[6119],E100000123239,E100000123446
6270,2.0,[6119],E100000124422,E100000001753
6293,30.0,[6119],E100000122579,E100000000188
6324,65.0,[6119],E100000004004,E100000000262
23337,51.0,"[98776, 98777]",E100001013672,E100001013673
6304,19.84,[6119],E100000124339,E100000123427
6302,100.0,[6119],E100000124833,E100000124994
6261,5.0,[6119],E100000122026,E100000123238
6339,90.0,[6119],E100000123290,E100000124403
6340,10.0,[6119],E100000123290,E100000124404
6286,49.0,[6119],E100000122581,E100000000255
6260,40.0,[6119],E100000122064,E100000123236
6295,20.0,[6119],E100000122578,E100000000255
23185,,[97733],E100001013343,E100001000537
6330,100.0,[6119],E100000003499,E100000000255
6292,30.0,[6119],E100000122579,E100000000255
6305,24.54,[6119],E100000124339,E100000124400
6333,100.0,[6119],E100000125413,E100000125411
6272,1.0,[6119],E100000000260,E100000001753
6348,100.0,[6119],E100000125377,E100000123261
6282,100.0,[6119],E100000004002,E100000121694
6281,100.0,[6119],E100000122391,E100000123239
6264,100.0,[6119],E100000123238,E100000124395
6294,40.0,[6119],E100000122579,E100000000262
6309,98.68,[6119],E100000124423,E100000123261
6336,80.0,[6119],E100000123330,E100000124401
6300,20.0,[6119],E100000004001,E100000123241
6346,30.0,[6119],E100000002886,E100000000294
6268,100.0,[6119],E100000125372,E100000125391
6338,80.0,[6119],E100000125060,E100000125236
6334,100.0,[6119],E100000125074,E100000123261
23549,12.5,[101325],E100000000990,E100001014214
6301,80.0,[6119],E100000004001,E100000001418
6350,19.97,[6119],E100000123246,E100000123330
6323,35.0,[6119],E100000004004,E100000000255
6358,36.57,[6119],E100000122105,E100000123248
21815,10.0,[10541],E100000120747,E100001010920
6273,99.0,[6119],E100000000260,E100000123261
6359,100.0,[6119],E100000123390,E100000124202
6278,100.0,[6119],E100000124994,E100000125235
6318,77.04,[6119],E100000122373,E100000122571
20432,100.0,[6489],E100001010297,E100001010299
6335,20.0,[6119],E100000123330,E100000124402
6271,98.0,[6119],E100000124422,E100000124993
6342,2.48,[6119],E100000125089,E100000001753
6308,1.32,[6119],E100000124423,E100000001753
6313,100.0,[6119],E100000000257,E100000125513
6265,90.0,[6119],E100000124395,E100000125643
22443,,[74063],E100000120176,E100001011404
6345,70.0,[6119],E100000002886,E100000001620
6331,100.0,[6119],E100000004000,E100000000255
6337,20.0,[6119],E100000125060,E100000125237
23401,,"[99026, 99027]",E100001013788,E100001013791
6315,7.02,[6119],E100000122373,E100000123243
6366,4.48,[6119],E100000002829,E100000001753
6362,100.0,[6119],E100000123778,E100000124406
6277,100.0,[6119],E100000000258,E100000123261
6296,40.0,[6119],E100000122578,E100000123240
6297,40.0,[6119],E100000122578,E100000000262
6356,20.0,[6119],E100000123248,E100000124401
6322,30.0,[6119],E100000003999,E100000000911
6347,100.0,[6119],E100000002888,E100000001620
6269,100.0,[6119],E100000123247,E100000124397
6328,51.0,[6119],E100000004005,E100000000262
6283,100.0,[6119],E100000123381,E100001000028
6314,100.0,[6119],E100000123241,E100000000259
6289,55.0,[6119],E100000124041,E100000000260
6266,10.0,[6119],E100000124395,E100000125512
6360,3.21,[6119],E100000123556,E100000001753
6275,100.0,[6119],E100000125072,E100000123261
6262,55.0,[6119],E100000122026,E100000123237
6263,40.0,[6119],E100000122026,E100000001509
6361,96.79,[6119],E100000123556,E100000124405
6287,51.0,[6119],E100000122581,E100000000262
6307,18.81,[6119],E100000124339,E100000123948
6353,1.0,[6119],E100000124396,E100000001753
6343,97.52,[6119],E100000125089,E100000123261
6311,100.0,[6119],E100000124111,E100000123261
6267,100.0,[6119],E100000123938,E100000124396
6344,100.0,[6119],E100000002887,E100000001620
6303,100.0,[6119],E100000125344,E100000125372
6276,100.0,[6119],E100000123350,E100000123261
23523,100.0,[100946],E100001014156,E100001010066
21667,91.0,"[8008, 8009]",E100001010834,E100000131802
6320,36.0,[6119],E100000003999,E100000000255
6332,100.0,[6119],E100000125006,E100001000028
6349,100.0,[6119],E100000124402,E100000123261
21961,,[11179],E100001011021,E100000001247
6274,100.0,[6119],E100000124174,E100000124398
6352,100.0,[6119],E100000125428,E100000123246
22946,100.0,"[76729, 76849]",E100001012233,E100000000339
6462,8.11,[6119],E100000124412,E100000001753
6376,55.0,[6119],E100000002822,E100000123255
6386,30.0,[6119],E100000125000,E100000123261
6384,100.0,[6119],E100000125239,E100000123261
17659,100.0,[6119],E100000128944,E100000123682
6383,69.72,[6119],E100000124995,E100000123261
6391,100.0,[6119],E100000124997,E100000123261
6387,20.0,[6119],E100000125000,E100000125239
6451,100.0,[6119],E100000125426,E100000123269
6427,95.39,[6119],E100000002825,E100000000265
6371,10.1,[6119],E100000002830,E100000001348
18995,100.0,[6119],E100000128947,E100000123261
6401,100.0,[6119],E100000123254,E100000124015
6455,20.0,[6119],E100000122863,E100000123271
17675,100.0,[6119],E100000128939,E100000123261
6454,80.0,[6119],E100000122863,E100000123270
6443,100.0,[6119],E100000124409,E100000125644
6469,50.0,[6119],E100000124417,E100000001509
6399,0.99,[6119],E100000125103,E100000001753
6465,9.12,[6119],E100000123276,E100000124414
6433,42.19,[6119],E100000000184,E100000123263
6424,23.2,[6119],E100000121752,E100000123262
6439,78.64,[6119],E100000124408,E100000123262
17986,100.0,[6119],E100000127108,E100000128043
6442,100.0,[6119],E100000123762,E100000124409
6385,100.0,[6119],E100000125238,E100000123261
6464,58.97,[6119],E100000123276,E100000001509
6390,99.0,[6119],E100000125351,E100000123261
6407,20.59,[6119],E100000124407,E100000124996
6415,66.0,[6119],E100000123260,E100000000183
6392,100.0,[6119],E100000125240,E100000123261
6400,99.01,[6119],E100000125103,E100000123261
6414,66.0,[6119],E100000002827,E100000123259
14927,100.0,[6119],E100000128910,E100000129033
6377,45.0,[6119],E100000002822,E100000123256
6404,22.35,[6119],E100000124407,E100000124995
6445,100.0,[6119],E100000122724,E100000123267
6426,4.61,[6119],E100000002825,E100000001753
14871,6.12,[6119],E100000128908,E100000001753
15464,100.0,[6119],E100000128924,E100000129046
6411,23.0,[6119],E100000002828,E100000123258
6453,60.0,[6119],E100000123270,E100000124411
6417,100.0,[6119],E100000124998,E100000123261
6420,22.5,[6119],E100000123259,E100000124408
6403,15.29,[6119],E100000124407,E100000001753
6398,100.0,[6119],E100000123262,E100000001518
6418,100.0,[6119],E100000125104,E100000125242
6406,12.35,[6119],E100000124407,E100000124997
6441,100.0,[6119],E100000123266,E100000123261
6408,9.41,[6119],E100000124407,E100000124998
6448,100.0,[6119],E100000122714,E100000123268
6422,100.0,[6119],E100000001838,E100000123261
6409,8.24,[6119],E100000124407,E100000124999
6449,100.0,[6119],E100000123268,E100000124410
6470,9.17,[6119],E100000124417,E100000125002
6473,7.5,[6119],E100000124417,E100000125003
6405,5.88,[6119],E100000124407,E100000125000
6410,5.88,[6119],E100000124407,E100000125001
6370,40.0,[6119],E100000002830,E100000001519
6388,50.0,[6119],E100000125000,E100000125238
6458,72.54,[6119],E100000125222,E100000125243
18675,28.12,[6119],E100000128905,E100000129075
6380,53.0,[6119],E100000000183,E100000123261
14874,7.65,[6119],E100000128908,E100000129032
6378,100.0,[6119],E100000121753,E100000000183
6472,5.0,[6119],E100000124417,E100000001392
15447,32.4,[6119],E100000128916,E100000129043
6447,100.0,[6119],E100000124410,E100000123261
6444,100.0,[6119],E100000122713,E100000123266
6446,100.0,[6119],E100000122716,E100000123261
6393,100.0,[6119],E100000124629,E100000001447
6423,100.0,[6119],E100000124999,E100000123261
6461,100.0,[6119],E100000124180,E100000124412
6468,12.33,[6119],E100000124417,E100000001753
6466,100.0,[6119],E100000124764,E100000123261
6435,46.92,[6119],E100000002823,E100000123264
6434,4.08,[6119],E100000002823,E100000001753
18172,100.0,[6119],E100000128951,E100000129066
6419,22.5,[6119],E100000123259,E100000121752
6460,100.0,[6119],E100000125243,E100000125333
6438,19.22,[6119],E100000124408,E100000001518
18676,71.88,[6119],E100000128905,E100000125681
17985,100.0,[6119],E100000129465,E100000129589
6416,34.0,[6119],E100000123260,E100000124407
6425,76.8,[6119],E100000121752,E100000000489
6369,40.0,[6119],E100000002830,E100000001349
6450,100.0,[6119],E100000125425,E100000123269
6402,100.0,[6119],E100000123263,E100000125514
6467,100.0,[6119],E100000123235,E100000123261
16888,49.0,[6119],E100000128926,E100000129049
6421,55.0,[6119],E100000123259,E100000123257
15445,12.01,[6119],E100000128916,E100000129044
15446,6.77,[6119],E100000128916,E100000129045
15443,3.6,[6119],E100000128916,E100000001753
6436,49.0,[6119],E100000002823,E100000001503
6382,30.28,[6119],E100000124995,E100000001753
6397,100.0,[6119],E100000125241,E100000123261
6412,77.0,[6119],E100000002828,E100000123257
19494,100.0,[6119],E100000128984,E100000129084
6548,100.0,[6119],E100000123278,E100000000173
18497,100.0,[6119],E100000128961,E100000123261
6565,100.0,[6119],E100000121983,E100000000245
6519,100.0,[6119],E100000125126,E100000124420
6563,100.0,[6119],E100000121790,E100000000173
14941,100.0,[6119],E100000128973,E100000129038
6514,65.15,[6119],E100000122090,E100000125490
6533,5.64,[6119],E100000125382,E100000125392
6520,70.0,[6119],E100000125008,E100000001753
6525,40.79,[6119],E100000124419,E100000001753
6531,12.7,[6119],E100000125382,E100000001753
6572,100.0,[6119],E100000122300,E100000123281
18410,100.0,[6119],E100000128971,E100000129067
6540,23.14,[6119],E100000124443,E100000125005
6566,100.0,[6119],E100000122583,E100000000245
14154,100.0,[6119],E100000128965,E100000123261
6573,100.0,[6119],E100000003266,E100000000175
6509,100.0,[6119],E100000125665,E100000000220
6567,100.0,[6119],E100000003808,E100000000245
6508,100.0,[6119],E100000122273,E100000000163
17721,19.99,[6119],E100000128953,E100000129057
6496,9.02,[6119],E100000125269,E100000124309
6538,100.0,[6119],E100000124589,E100000000247
6522,80.86,[6119],E100000124444,E100000000247
6504,100.0,[6119],E100000003268,E100000000171
6528,100.0,[6119],E100000124125,E100001000398
6551,100.0,[6119],E100000123279,E100000001421
6488,12.35,[6119],E100000123272,E100000123940
6492,8.03,[6119],E100000125269,E100000001753
6489,12.35,[6119],E100000123272,E100000123427
6499,83.96,[6119],E100000125268,E100000000170
6553,100.0,[6119],E100000123277,E100000001421
6484,100.0,[6119],E100000125139,E100000125246
6490,100.0,[6119],E100000121721,E100000000170
6577,26.67,[6119],E100000124361,E100001000514
6574,4.44,[6119],E100000124361,E100000001753
6569,100.0,[6119],E100000122510,E100000000245
19636,100.0,[6119],E100000128995,E100000123261
6485,100.0,[6119],E100000125376,E100001000086
6521,30.0,[6119],E100000125008,E100000125247
6580,8.15,[6119],E100000124489,E100000124191
6530,100.0,[6119],E100000123457,E100000123230
6560,100.0,[6119],E100000121768,E100000000173
6527,5.02,[6119],E100000124419,E100000125004
6481,100.0,[6119],E100000123424,E100000000152
17719,67.98,[6119],E100000128953,E100000129056
6523,13.37,[6119],E100000124444,E100000123940
6495,14.85,[6119],E100000125269,E100000000213
6557,100.0,[6119],E100000123106,E100000123280
6564,100.0,[6119],E100000122776,E100000000173
6524,5.77,[6119],E100000124444,E100000123948
6550,99.0,[6119],E100000121915,E100000123278
6568,100.0,[6119],E100000125484,E100000000245
6554,100.0,[6119],E100000121647,E100000123277
6482,74.0,[6119],E100000123922,E100000124415
19018,95.7,[6119],E100000128975,E100000130353
6571,100.0,[6119],E100000123281,E100000000239
6542,28.96,[6119],E100000124440,E100000124187
6507,100.0,[6119],E100001000474,E100001000086
6534,100.0,[6119],E100000124439,E100000000247
6532,81.66,[6119],E100000125382,E100000125374
6549,1.0,[6119],E100000121915,E100000001753
6544,45.0,[6119],E100000122572,E100000123277
6497,100.0,[6119],E100000121833,E100000123272
6539,76.86,[6119],E100000124443,E100000000247
6541,71.04,[6119],E100000124440,E100000000247
6494,21.24,[6119],E100000125269,E100000125268
6475,79.57,[6119],E100000124991,E100000123261
6576,41.11,[6119],E100000124361,E100001000473
6474,0.43,[6119],E100000124991,E100000001753
6487,62.28,[6119],E100000123272,E100000000170
6537,100.0,[6119],E100000124441,E100000000247
14405,1.0,[6119],E100000128977,E100000001753
6535,100.0,[6119],E100000124442,E100000000247
6510,12.13,[6119],E100000122090,E100000001753
6501,100.0,[6119],E100000004040,E100000000171
6476,20.0,[6119],E100000124991,E100000125245
6486,13.01,[6119],E100000123272,E100000124417
6526,54.2,[6119],E100000124419,E100000124420
6579,8.15,[6119],E100000124489,E100000124405
18492,100.0,[6119],E100000128959,E100000123261
6561,100.0,[6119],E100000122151,E100000000173
6477,100.0,[6119],E100000125036,E100000125246
6575,27.78,[6119],E100000124361,E100001000475
19017,4.3,[6119],E100000128975,E100000001753
6502,100.0,[6119],E100000125459,E100000000171
6552,100.0,[6119],E100000122814,E100000123279
6545,55.0,[6119],E100000122572,E100000000173
6483,26.0,[6119],E100000123922,E100000124416
6512,11.62,[6119],E100000122090,E100000123212
6491,100.0,[6119],E100000002706,E100000000170
6516,46.63,[6119],E100000122537,E100000123261
6518,38.15,[6119],E100000122537,E100000123275
6517,9.83,[6119],E100000122537,E100000123276
6515,5.39,[6119],E100000122537,E100000001753
6628,22.3,[6119],E100000004383,E100000123286
6634,100.0,[6119],E100000125102,E100000124015
6611,21.98,[6119],E100000125016,E100000000307
13744,8.13,[6119],E100000129011,E100000124453
6589,100.0,[6119],E100000121867,E100000000185
23491,100.0,[100754],E100001014089,E100001014090
6662,100.0,[6119],E100000123967,E100000124433
20022,100.0,[6119],E100000129001,E100000129090
6593,100.0,[6119],E100000123230,E100000000185
6607,20.0,[6119],E100000124427,E100000125516
6608,20.0,[6119],E100000124427,E100000125518
6633,75.0,[6119],E100000004384,E100000123287
6585,20.0,[6119],E100000123289,E100000124420
6642,35.0,[6119],E100000123395,E100000000163
6625,50.0,[6119],E100000121657,E100001000451
23524,50.0,[100949],E100001014157,E100000000671
6598,18.75,[6119],E100001000881,E100000124425
6613,100.0,[6119],E100000125415,E100000125411
6657,15.98,[6119],E100000121888,E100000123291
6623,100.0,[6119],E100000123217,E100000123285
6595,50.0,[6119],E100000124425,E100000125516
6666,29.97,[6119],E100000125390,E100000125394
6612,100.0,[6119],E100000123681,E100000124428
6605,20.0,[6119],E100000124427,E100000125515
6584,20.0,[6119],E100000123289,E100000124421
6656,64.12,[6119],E100000121888,E100000123289
23490,25.0,[100754],E100001014087,E100001014089
6658,24.0,[6119],E100000125249,E100000123261
6582,18.0,[6119],E100000123289,E100000124422
6583,12.0,[6119],E100000123289,E100000124423
6683,100.0,[6119],E100000123293,E100000002592
6648,30.12,[6119],E100000123470,E100000000275
6661,100.0,[6119],E100000124433,E100000125008
6676,100.0,[6119],E100000123160,E100000002592
6626,90.0,[6119],E100000000313,E100000125519
6647,16.13,[6119],E100000123470,E100000124432
6639,20.18,[6119],E100000121762,E100000000313
6645,3.75,[6119],E100000123470,E100000001753
6660,100.0,[6119],E100000125204,E100000125249
6624,50.0,[6119],E100000121657,E100000123278
6651,92.14,[6119],E100000123930,E100000121888
6650,7.86,[6119],E100000123930,E100000123289
6622,74.8,[6119],E100000123285,E100000123261
6590,100.0,[6119],E100000123096,E100000123230
13743,91.87,[6119],E100000129011,E100000130357
6596,14.58,[6119],E100001000881,E100000124426
6599,11.67,[6119],E100001000881,E100000124427
6667,31.57,[6119],E100000125390,E100000125393
23824,8.0,[102539],E100001014627,E100001014354
6630,25.0,[6119],E100000004383,E100000001659
6682,100.0,[6119],E100000002592,E100000000172
6601,20.5,[6119],E100001000881,E100000125516
6671,100.0,[6119],E100000125335,E100000123261
6587,100.0,[6119],E100000125248,E100000000185
6640,100.0,[6119],E100000123165,E100000123288
6586,30.0,[6119],E100000123289,E100000124419
6673,100.0,[6119],E100000002595,E100000002592
6677,51.0,[6119],E100000002591,E100000123293
6591,100.0,[6119],E100000124424,E100000000185
6643,30.0,[6119],E100000123395,E100000124431
6609,4.71,[6119],E100000125016,E100000001753
23550,12.25,[101325],E100000000990,E100001014215
14718,13.67,[6119],E100000129027,E100000123261
21668,51.0,[6451],E100001010835,E100000131997
14803,45.68,[6119],E100000129029,E100000129098
6674,75.0,[6119],E100000002597,E100000002592
6672,100.0,[6119],E100000123158,E100000002592
18425,10.0,[6119],E100000129023,E100000129125
6686,20.0,[6119],E100000002590,E100000000187
6581,71.7,[6119],E100000124489,E100000000273
6684,55.0,[6119],E100000002590,E100000002592
18396,100.0,[6119],E100000129020,E100000123261
6627,10.0,[6119],E100000000313,E100000125520
6635,92.0,[6119],E100000124193,E100000123505
6629,52.7,[6119],E100000004383,E100000002592
18424,90.0,[6119],E100000129023,E100000129124
6685,25.0,[6119],E100000002590,E100000121694
14802,54.32,[6119],E100000129029,E100000129028
6646,50.0,[6119],E100000123470,E100000000179
6655,19.9,[6119],E100000121888,E100000123290
6594,50.0,[6119],E100000124425,E100000125515
6606,20.0,[6119],E100000124427,E100000125517
6592,100.0,[6119],E100000123308,E100000124424
6637,100.0,[6119],E100000001750,E100000125762
6663,100.0,[6119],E100000001843,E100000125491
6659,76.0,[6119],E100000125249,E100000125335
6610,73.31,[6119],E100000125016,E100000121720
6680,5.0,[6119],E100000002593,E100000001753
6631,100.0,[6119],E100000123286,E100000000313
6681,95.0,[6119],E100000002593,E100000002592
6649,100.0,[6119],E100000123218,E100000123261
6636,8.0,[6119],E100000124193,E100000000242
6621,25.2,[6119],E100000123285,E100000001753
6664,100.0,[6119],E100000124982,E100000123261
6654,80.0,[6119],E100000124945,E100000125007
6638,100.0,[6119],E100000124536,E100000001750
6603,100.0,[6119],E100000125412,E100000125411
6653,16.0,[6119],E100000124945,E100000123289
6794,70.82,[6119],E100000123316,E100000123318
17237,43.69,[6119],E100000129051,E100000129114
6793,51.0,[6119],E100000123304,E100000124450
6691,51.0,[6119],E100000123297,E100001000398
6714,100.0,[6119],E100000123284,E100001000398
6786,73.73,[6119],E100000124733,E100000125009
6787,26.27,[6119],E100000124733,E100000000274
6701,100.0,[6119],E100000123301,E100001000398
6741,10.0,[6119],E100000121717,E100000123308
6735,40.2,[6119],E100000123584,E100000000247
6765,100.0,[6119],E100000002694,E100000000483
15417,47.0,[6119],E100000129045,E100000129107
15397,100.0,[6119],E100000129039,E100000123261
6695,95.0,[6119],E100000122892,E100000123299
6772,90.3,[6119],E100000121818,E100000000173
6776,100.0,[6119],E100000121827,E100000123230
6736,10.85,[6119],E100000123584,E100000124439
6702,100.0,[6119],E100000123010,E100001000399
6707,60.0,[6119],E100000123302,E100000124434
6760,100.0,[6119],E100000002695,E100000001392
6725,100.0,[6119],E100000123298,E100001000399
6699,51.0,[6119],E100000122899,E100000123301
6751,35.0,[6119],E100000124264,E100000124445
6753,100.0,[6119],E100000123312,E100000001422
6769,15.0,[6119],E100000123151,E100000123315
6690,100.0,[6119],E100000122931,E100000123297
14178,100.0,[6119],E100000129031,E100000000307
6763,95.0,[6119],E100000121892,E100000000483
6782,5.91,[6119],E100000125221,E100000001753
6696,5.0,[6119],E100000122892,E100000123300
6754,20.0,[6119],E100000122945,E100000123301
6789,100.0,[6119],E100000123513,E100000123261
6708,30.0,[6119],E100000123302,E100000124435
6713,40.0,[6119],E100000123946,E100000124437
6709,10.0,[6119],E100000123302,E100000124436
6705,55.0,[6119],E100000121637,E100000121636
6766,100.0,[6119],E100000002585,E100000000483
6790,100.0,[6119],E100000125010,E100000125253
6779,68.75,[6119],E100000125009,E100000001416
6785,100.0,[6119],E100000124137,E100000001416
6771,100.0,[6119],E100000124551,E100000123261
6756,40.0,[6119],E100000122945,E100000122877
6710,100.0,[6119],E100000122888,E100000123302
15452,100.0,[6119],E100000129043,E100000125542
18620,90.15,[6119],E100000129047,E100000130342
6697,49.0,[6119],E100000121616,E100000121636
6740,9.84,[6119],E100000123584,E100000124440
6738,9.49,[6119],E100000123584,E100000124441
6717,35.0,[6119],E100000122185,E100000123304
6737,8.54,[6119],E100000123584,E100000124442
6770,100.0,[6119],E100000123234,E100000000490
6780,20.83,[6119],E100000125009,E100000125250
6733,7.46,[6119],E100000123584,E100000001753
6734,5.23,[6119],E100000123584,E100000124444
6720,100.0,[6119],E100000122685,E100001000398
6744,92.0,[6119],E100000121718,E100000123306
6758,100.0,[6119],E100000125356,E100000125374
6781,10.42,[6119],E100000125009,E100000125251
6731,100.0,[6119],E100000122087,E100000122108
6729,6.06,[6119],E100000123252,E100000001753
17418,33.08,[6119],E100000129053,E100000129118
17417,53.95,[6119],E100000129053,E100000129117
15416,53.0,[6119],E100000129045,E100000129106
6752,65.0,[6119],E100000124264,E100000000273
6703,55.0,[6119],E100000121639,E100000121636
17234,19.85,[6119],E100000129051,E100000001753
6759,100.0,[6119],E100000122097,E100000000483
6706,45.0,[6119],E100000121637,E100000001366
6728,51.0,[6119],E100000122669,E100000000175
6749,100.0,[6119],E100000121781,E100000001422
6715,100.0,[6119],E100000123299,E100001000399
15488,100.0,[6119],E100000129599,E100000129639
6712,60.0,[6119],E100000123946,E100001000398
6783,94.09,[6119],E100000125221,E100000125252
6716,65.0,[6119],E100000122185,E100000123303
6768,85.0,[6119],E100000123151,E100000000173
6693,51.0,[6119],E100000123083,E100000122058
17235,14.14,[6119],E100000129051,E100000129115
18619,9.86,[6119],E100000129047,E100000124453
13813,100.0,[6119],E100000129104,E100001000475
6730,100.0,[6119],E100000002586,E100000000483
6743,15.0,[6119],E100000121717,E100000123307
6726,100.0,[6119],E100000121716,E100000122058
6748,100.0,[6119],E100000125455,E100000123310
17238,8.92,[6119],E100000129051,E100000123564
17239,8.18,[6119],E100000129051,E100000129116
17236,5.22,[6119],E100000129051,E100000125764
14692,100.0,[6119],E100000129040,E100000123261
6704,45.0,[6119],E100000121639,E100000001366
6689,100.0,[6119],E100000123303,E100001000399
19115,88.75,[6119],E100000129036,E100000129130
6724,100.0,[6119],E100000124434,E100001000399
6742,75.0,[6119],E100000121717,E100000123306
6788,100.0,[6119],E100000123793,E100000123261
6755,40.0,[6119],E100000122945,E100000123311
6791,100.0,[6119],E100000124570,E100000125010
6700,49.0,[6119],E100000122899,E100000122058
6764,5.0,[6119],E100000121892,E100000123313
6692,49.0,[6119],E100000123297,E100000123833
6862,80.0,[6119],E100000122056,E100000123330
14190,99.76,[6119],E100000129059,E100000129096
15591,13.76,[6119],E100000129049,E100000129111
6889,73.09,[6119],E100000122600,E100000123336
6870,90.0,[6119],E100000122755,E100000123333
6801,85.98,[6119],E100000122911,E100000123318
6805,4.48,[6119],E100000122045,E100000001753
6901,80.0,[6119],E100000124464,E100000125017
6821,60.0,[6119],E100000125011,E100000125254
6803,100.0,[6119],E100000123892,E100000123318
6880,74.63,[6119],E100000124798,E100000123261
15587,3.67,[6119],E100000129049,E100000001753
6856,60.0,[6119],E100000002776,E100000123328
6869,10.0,[6119],E100000124807,E100001000032
6848,100.0,[6119],E100000123325,E100000124460
6809,100.0,[6119],E100000124187,E100000124428
6824,60.0,[6119],E100000122760,E100000123320
6881,25.0,[6119],E100000124798,E100000125013
6827,90.0,[6119],E100000000234,E100000125522
6838,36.39,[6119],E100000124204,E100000124455
6846,49.0,[6119],E100000121629,E100000123324
6850,0.67,[6119],E100000122758,E100000001753
14189,0.24,[6119],E100000129059,E100000001753
21054,100.0,[6949],E100000002245,E100000132421
6804,100.0,[6119],E100000123317,E100000123318
6806,86.84,[6119],E100000122045,E100000121720
6883,80.51,[6119],E100000124461,E100000125014
6830,100.0,[6119],E100000123697,E100000000252
6854,100.0,[6119],E100000122485,E100000123327
6899,62.0,[6119],E100000122564,E100000123338
6828,10.0,[6119],E100000000234,E100000124453
6855,40.0,[6119],E100000002776,E100000003373
6849,100.0,[6119],E100000122757,E100000122819
6797,5.56,[6119],E100000123316,E100000123644
6867,99.96,[6119],E100000122997,E100000123332
6896,100.0,[6119],E100000122598,E100000123338
6818,90.0,[6119],E100000123320,E100000125522
6807,8.68,[6119],E100000122045,E100000123319
6871,10.0,[6119],E100000122755,E100000123334
6840,0.69,[6119],E100000123322,E100000001753
6861,100.0,[6119],E100000122111,E100000122095
6858,23.23,[6119],E100000122095,E100000123329
6841,27.54,[6119],E100000123322,E100000124459
6833,1.0,[6119],E100000124796,E100000001753
6839,24.26,[6119],E100000124204,E100000124457
6875,0.18,[6119],E100000125014,E100000001753
6863,20.0,[6119],E100000122056,E100000122105
6836,14.39,[6119],E100000124204,E100000124458
17728,59.58,[6119],E100000129060,E100000123261
6884,10.66,[6119],E100000124461,E100000125015
6882,8.82,[6119],E100000124461,E100000124463
6876,99.82,[6119],E100000125014,E100000123261
6811,93.0,[6119],E100000123825,E100000123261
6895,65.0,[6119],E100000122605,E100000123338
6851,47.46,[6119],E100000122758,E100000123326
6832,10.42,[6119],E100000125255,E100000125336
6879,0.37,[6119],E100000124798,E100000001753
6868,90.0,[6119],E100000124807,E100000125646
17934,9.78,[6119],E100000129064,E100000125142
6878,99.69,[6119],E100000124797,E100000123261
6894,35.0,[6119],E100000122605,E100000123339
6886,40.11,[6119],E100000123742,E100000124461
6857,3.86,[6119],E100000122095,E100000001753
6900,20.0,[6119],E100000124464,E100000123261
15589,35.18,[6119],E100000129049,E100000129108
6826,100.0,[6119],E100000124459,E100000000234
6796,17.96,[6119],E100000123316,E100000124452
6820,100.0,[6119],E100000123321,E100000000234
6798,100.0,[6119],E100000122556,E100000123316
6813,96.82,[6119],E100000125012,E100000123261
6834,99.0,[6119],E100000124796,E100000123261
6853,100.0,[6119],E100000123323,E100000123261
6865,100.0,[6119],E100000123030,E100000123331
6844,20.0,[6119],E100000123184,E100000123323
6892,100.0,[6119],E100000124467,E100000124418
6822,40.0,[6119],E100000125011,E100000125255
6852,51.86,[6119],E100000122758,E100000123325
6837,24.96,[6119],E100000124204,E100000124456
15400,19.39,[6119],E100000129066,E100000129039
6817,73.12,[6119],E100000124454,E100000123768
6795,5.66,[6119],E100000123316,E100001000436
6890,13.04,[6119],E100000122600,E100000000307
6888,3.96,[6119],E100000122600,E100000001753
17935,11.4,[6119],E100000129064,E100000123274
6847,100.0,[6119],E100000124460,E100000125645
6799,100.0,[6119],E100000125457,E100000123316
6831,89.58,[6119],E100000125255,E100000125795
6859,7.81,[6119],E100000122095,E100000123273
6845,51.0,[6119],E100000121629,E100000001366
6819,10.0,[6119],E100000123320,E100000124453
17933,6.99,[6119],E100000129064,E100000124709
15399,77.59,[6119],E100000129066,E100000128949
6802,14.02,[6119],E100000122911,E100000122885
6842,55.1,[6119],E100000123322,E100000000234
6835,100.0,[6119],E100000124455,E100000123261
6877,0.31,[6119],E100000124797,E100000001753
6887,27.57,[6119],E100000123742,E100000124462
6885,15.22,[6119],E100000123742,E100000124463
6977,100.0,[6119],E100000124608,E100000125024
6944,69.63,[6119],E100000000307,E100000124473
6983,100.0,[6119],E100000124688,E100000123261
7003,45.0,[6119],E100000123087,E100000123351
6903,4.0,[6119],E100000123341,E100000001753
21962,100.0,[11191],E100000132499,E100000120035
7006,100.0,[6119],E100000124095,E100000122110
6974,100.0,[6119],E100000122013,E100000123261
6992,100.0,[6119],E100000125404,E100000125405
6904,96.0,[6119],E100000123341,E100000124464
17993,100.0,[6119],E100000128123,E100000128533
17726,23.91,[6119],E100000129062,E100000123261
6916,44.86,[6119],E100000123336,E100000124470
18667,100.0,[6119],E100000129075,E100000125508
20827,,[],E100000121036,E100000125333
6926,15.87,[6119],E100000124471,E100000125018
6943,16.19,[6119],E100000000307,E100000125523
6939,9.11,[6119],E100000123339,E100000123672
6941,5.61,[6119],E100000123339,E100000124472
6991,100.0,[6119],E100000003384,E100000123346
6989,70.0,[6119],E100000122201,E100000000157
7000,100.0,[6119],E100000001741,E100000125650
6996,74.29,[6119],E100000125090,E100000123261
6999,100.0,[6119],E100000124021,E100000001741
6908,100.0,[6119],E100000123340,E100000124468
6968,10.0,[6119],E100000124475,E100000125520
21087,91.1,[6949],E100000002252,E100000001155
6965,100.0,[6119],E100000125380,E100000125763
6935,90.0,[6119],E100000124473,E100000125647
6940,74.06,[6119],E100000123339,E100000000307
6954,100.0,[6119],E100000124469,E100000125649
6920,8.78,[6119],E100000125019,E100001000465
6932,91.64,[6119],E100000125020,E100000125647
6921,100.0,[6119],E100000124470,E100000125647
6957,7.31,[6119],E100000125021,E100000125648
17725,76.09,[6119],E100000129062,E100000001753
6933,2.65,[6119],E100000125018,E100000001753
6902,100.0,[6119],E100000125017,E100000123261
7007,100.0,[6119],E100000122326,E100000123353
6937,100.0,[6119],E100000125022,E100000125018
6938,11.23,[6119],E100000123339,E100000124441
6984,60.0,[6119],E100000122147,E100000000157
6910,100.0,[6119],E100000123343,E100000124469
6975,100.0,[6119],E100000125257,E100000125337
6922,14.14,[6119],E100000124471,E100000001753
6923,11.05,[6119],E100000124471,E100000125019
6970,100.0,[6119],E100000124849,E100000123261
6945,8.51,[6119],E100000000307,E100000124472
17995,92.46,[6119],E100000128613,E100000128612
6995,25.71,[6119],E100000125090,E100000001753
17992,100.0,[6119],E100000127989,E100000125295
6982,100.0,[6119],E100000125005,E100000125004
15453,100.0,[6119],E100000129107,E100000129152
6915,40.01,[6119],E100000123336,E100000001753
6917,15.14,[6119],E100000123336,E100000124471
7005,100.0,[6119],E100000123061,E100000123352
6934,97.35,[6119],E100000125018,E100000125647
6907,75.0,[6119],E100000123672,E100000124465
15398,3.02,[6119],E100000129066,E100000001753
6976,100.0,[6119],E100000125024,E100000125257
6911,100.0,[6119],E100000125523,E100000124473
6987,5.3,[6119],E100000122200,E100000123345
6985,40.0,[6119],E100000122147,E100001000436
6969,100.0,[6119],E100000123865,E100000124475
7004,55.0,[6119],E100000123087,E100001000030
18411,100.0,[6119],E100000129067,E100000130360
6981,100.0,[6119],E100000125052,E100000125004
6931,8.36,[6119],E100000125020,E100000001753
6994,15.0,[6119],E100000121779,E100000123348
6990,30.0,[6119],E100000122201,E100000122607
7008,2.0,[6119],E100000125258,E100000001753
6993,85.0,[6119],E100000121779,E100000123347
21669,50.0,"[8010, 8011]",E100001010836,E100001010790
6918,82.1,[6119],E100000125019,E100000125647
17996,7.54,[6119],E100000128613,E100000128823
7001,100.0,[6119],E100000123086,E100000123349
6924,16.6,[6119],E100000124471,E100000125647
21816,100.0,"[10550, 10551]",E100000132118,E100000000898
21060,7.9,[6949],E100000002252,E100000132494
18486,100.0,[6119],E100000129068,E100000123261
6966,100.0,[6119],E100000001742,E100000125763
6956,65.81,[6119],E100000125021,E100000125647
7002,100.0,[6119],E100000122110,E100000123350
6986,100.0,[6119],E100000121955,E100000000157
6909,100.0,[6119],E100000122596,E100000123340
17997,100.0,[6119],E100000128049,E100000123261
6967,90.0,[6119],E100000124475,E100000001742
18643,90.21,[6119],E100000129074,E100000130361
18642,9.79,[6119],E100000129074,E100000125520
6973,100.0,[6119],E100000123975,E100000123261
7013,100.0,[6119],E100000001749,E100000123261
7030,30.0,[6119],E100000121806,E100000123360
7114,51.0,[6119],E100000122193,E100000000157
7041,100.0,[6119],E100000123759,E100000123758
19136,4.29,[6119],E100000129080,E100000001753
7038,100.0,[6119],E100000123684,E100000124476
7097,30.0,[6119],E100000122952,E100000123371
14804,83.22,[6119],E100000129098,E100000123261
7016,58.5,[6119],E100000003035,E100000003121
7047,4.64,[6119],E100000124477,E100000001753
7070,100.0,[6119],E100000122434,E100000123261
14805,16.78,[6119],E100000129098,E100000129028
7108,100.0,[6119],E100000123178,E100000123261
7023,90.0,[6119],E100000121793,E100000121792
17998,10.0,[6119],E100000126228,E100000128046
7072,100.0,[6119],E100000123696,E100000125524
7053,100.0,[6119],E100000124093,E100000124478
7091,50.0,[6119],E100000121976,E100000123369
7051,8.25,[6119],E100000000295,E100000124477
7020,100.0,[6119],E100000125379,E100000125652
7055,46.43,[6119],E100000124803,E100000125026
7039,8.7,[6119],E100000122874,E100000123362
7022,97.0,[6119],E100000123347,E100000123261
7098,51.0,[6119],E100000122952,E100000123370
7044,100.0,[6119],E100000000297,E100000123261
7048,95.36,[6119],E100000124477,E100000123261
7046,100.0,[6119],E100000122102,E100000123363
7071,100.0,[6119],E100000122435,E100000123261
18295,15.0,[6119],E100000129102,E100000129159
18296,15.0,[6119],E100000129102,E100000129160
7067,56.84,[6119],E100000124669,E100000122320
7054,47.82,[6119],E100000124803,E100000001753
15437,79.2,[6119],E100000129152,E100000129106
7033,50.0,[6119],E100000121797,E100000123361
7096,19.0,[6119],E100000122952,E100000123372
21061,1.0,[6949],E100000002252,E100000132390
14155,24.98,[6119],E100000129093,E100000129146
7073,80.26,[6119],E100000124234,E100000125525
7090,100.0,[6119],E100000123405,E100000123368
7035,100.0,[6119],E100000123356,E100000001482
7050,49.0,[6119],E100000000295,E100000000297
7062,33.25,[6119],E100000122853,E100000123365
7059,27.0,[6119],E100000124542,E100000123261
7086,2.48,[6119],E100000123941,E100000001753
7094,78.53,[6119],E100000123369,E100000123368
7040,91.3,[6119],E100000122874,E100000123240
7029,70.0,[6119],E100000003040,E100000001343
7049,42.75,[6119],E100000000295,E100000123261
7061,66.75,[6119],E100000122853,E100000123261
7010,100.0,[6119],E100000125205,E100000125258
7032,50.0,[6119],E100000121797,E100000123358
18516,99.0,[6119],E100000129127,E100000123261
18000,2.5,[6119],E100000127415,E100000001753
7109,100.0,[6119],E100000122191,E100000000157
7076,100.0,[6119],E100000125028,E100000125259
18515,1.0,[6119],E100000129127,E100000001753
7082,100.0,[6119],E100000121896,E100000123367
7095,100.0,[6119],E100000123368,E100000125502
7021,3.0,[6119],E100000123347,E100000001753
7065,98.33,[6119],E100000122733,E100000123366
7064,1.67,[6119],E100000122733,E100000001753
7017,14.0,[6119],E100000003035,E100000123355
7014,4.0,[6119],E100000003035,E100000001753
7045,100.0,[6119],E100000000296,E100000125025
7107,100.0,[6119],E100000123411,E100000124480
7026,91.23,[6119],E100000001484,E100000125652
7015,23.5,[6119],E100000003035,E100000123354
7027,8.77,[6119],E100000001484,E100000125520
15434,5.5,[6119],E100000129152,E100000129176
7081,100.0,[6119],E100000124989,E100000125028
14156,74.94,[6119],E100000129093,E100000129145
7063,100.0,[6119],E100000122690,E100000123366
7068,75.0,[6119],E100000122773,E100000000252
7058,3.0,[6119],E100000124542,E100000001753
7078,73.0,[6119],E100000125259,E100000125338
7031,70.0,[6119],E100000121806,E100000123359
7028,30.0,[6119],E100000003040,E100000123358
7069,100.0,[6119],E100000122850,E100000123366
7083,100.0,[6119],E100000121868,E100000123261
7018,100.0,[6119],E100000124630,E100000125651
7066,43.16,[6119],E100000124669,E100000000252
7043,92.7,[6119],E100000123363,E100000000295
18297,15.0,[6119],E100000129102,E100000129161
7036,100.0,[6119],E100000122001,E100000123261
14191,100.0,[6119],E100000129096,E100000129147
7034,100.0,[6119],E100000123358,E100000001484
7009,98.0,[6119],E100000125258,E100000123261
7025,100.0,[6119],E100000123510,E100000001500
19137,16.46,[6119],E100000129080,E100000129132
7060,70.0,[6119],E100000124542,E100000125027
7093,10.77,[6119],E100000123369,E100000123273
7092,10.7,[6119],E100000123369,E100000123329
7087,97.52,[6119],E100000123941,E100000123942
7074,19.74,[6119],E100000124234,E100000124479
7077,10.17,[6119],E100000125259,E100000001753
7080,8.42,[6119],E100000125259,E100000125339
7182,99.99,[6119],E100000122260,E100000123397
7157,26.32,[6119],E100000124928,E100000125030
7194,42.25,[6119],E100000123409,E100000124483
7197,45.0,[6119],E100000122189,E100000123400
7128,100.0,[6119],E100000122194,E100000000157
7206,46.36,[6119],E100000122244,E100000122242
7162,30.0,[6119],E100000123386,E100000124481
7200,29.74,[6119],E100000123401,E100000124484
7204,100.0,[6119],E100000123410,E100000123261
7145,49.0,[6119],E100000122227,E100000123382
7216,67.69,[6119],E100000123362,E100000001753
7140,24.5,[6119],E100000122245,E100000123386
14801,100.0,[6119],E100000129140,E100000123261
7175,51.0,[6119],E100000122274,E100000123393
7180,60.0,[6119],E100000122277,E100000000181
18974,51.0,[6119],E100000129111,E100000129167
18326,100.0,[6119],E100000129142,E100000123261
7167,30.0,[6119],E100000122296,E100000122242
7156,57.11,[6119],E100000124928,E100000125029
7181,100.0,[6119],E100000122279,E100000123395
7186,49.0,[6119],E100000122195,E100000122242
7139,100.0,[6119],E100000122215,E100000123384
7122,51.0,[6119],E100000122196,E100000000157
13816,20.29,[6119],E100000129134,E100000129139
7178,15.0,[6119],E100000122277,E100000122242
7147,100.0,[6119],E100000122287,E100000121813
7166,19.0,[6119],E100000122259,E100000123391
18304,27.04,[6119],E100000129153,E100000129181
7127,30.0,[6119],E100000122247,E100000000157
7199,34.61,[6119],E100000123401,E100000123261
7198,35.65,[6119],E100000123401,E100000001753
7168,5.0,[6119],E100000122296,E100000122293
7188,100.0,[6119],E100000123406,E100000123261
18455,37.8,[6119],E100000129125,E100000001753
18302,12.76,[6119],E100000129153,E100000001753
19209,100.0,[6119],E100000129132,E100000125641
7132,90.33,[6119],E100000123382,E100000001753
7171,10.0,[6119],E100000123383,E100000001530
7169,65.0,[6119],E100000122296,E100000123392
18456,62.2,[6119],E100000129125,E100000123261
7126,40.0,[6119],E100000122247,E100000122242
7158,6.59,[6119],E100000124928,E100000125031
7155,5.0,[6119],E100000124928,E100000123273
7154,4.98,[6119],E100000124928,E100000001753
7187,51.0,[6119],E100000122195,E100000000157
7142,24.5,[6119],E100000122245,E100000123385
14696,100.0,[6119],E100000129130,E100000123261
7217,11.93,[6119],E100000123362,E100000123261
7189,100.0,[6119],E100000123345,E100000000239
7214,25.0,[6119],E100000122221,E100000123405
7222,100.0,[6119],E100000122304,E100000001529
7164,100.0,[6119],E100000124929,E100000122257
13817,29.89,[6119],E100000129134,E100000129138
7190,75.0,[6119],E100000123375,E100000123261
7202,70.0,[6119],E100000122284,E100000123401
7207,27.37,[6119],E100000122244,E100000122251
18294,10.0,[6119],E100000129102,E100000000310
7163,100.0,[6119],E100000122209,E100000123376
7184,100.0,[6119],E100000123388,E100000123744
7218,20.39,[6119],E100000123362,E100000124485
7205,1.32,[6119],E100000122244,E100000001753
13818,19.93,[6119],E100000129134,E100000129140
7146,51.0,[6119],E100000122227,E100000123387
18009,10.0,[6119],E100000129116,E100000124734
7195,57.75,[6119],E100000123409,E100000124069
18303,60.21,[6119],E100000129153,E100000123261
18298,15.0,[6119],E100000129102,E100000129158
7193,100.0,[6119],E100000123398,E100000122537
18008,90.0,[6119],E100000129116,E100000130365
7165,81.0,[6119],E100000122259,E100000123261
14816,11.67,[6119],E100000129109,E100000129148
14817,9.34,[6119],E100000129109,E100000129149
14815,7.94,[6119],E100000129109,E100000123261
7212,51.0,[6119],E100000122211,E100000123366
7192,100.0,[6119],E100000122281,E100000123398
7209,92.5,[6119],E100000123376,E100000123261
7191,25.0,[6119],E100000123375,E100000124482
13819,19.93,[6119],E100000129134,E100000129141
13820,9.96,[6119],E100000129134,E100000129142
15281,100.0,[6119],E100000129119,E100000123261
7161,70.0,[6119],E100000123386,E100000123261
7125,30.0,[6119],E100000122247,E100000000175
7185,100.0,[6119],E100000123422,E100000123261
18975,49.0,[6119],E100000129111,E100000129168
7143,50.0,[6119],E100000122188,E100000121720
7141,51.0,[6119],E100000122245,E100000122235
14814,71.05,[6119],E100000129109,E100000001753
7208,7.5,[6119],E100000123376,E100000001753
7133,9.67,[6119],E100000123382,E100000123261
7179,25.0,[6119],E100000122277,E100000000157
7215,75.0,[6119],E100000122221,E100000123404
17886,100.0,[6119],E100000129128,E100000129156
7144,50.0,[6119],E100000122188,E100000122187
7152,40.0,[6119],E100000122223,E100000123387
7151,27.0,[6119],E100000122223,E100000123388
7153,23.0,[6119],E100000122223,E100000123389
7150,10.0,[6119],E100000122223,E100000123390
7159,92.37,[6119],E100000125029,E100000123386
7287,2.0,[6119],E100000122217,E100000001753
7284,75.0,[6119],E100000122224,E100000123387
7293,69.15,[6119],E100000122218,E100000123423
13806,100.0,[6119],E100000129137,E100000129172
14252,49.0,[6119],E100000129319,E100000129690
7305,100.0,[6119],E100000123283,E100000123261
14279,25.0,[6119],E100000129259,E100000129704
7243,49.0,[6119],E100000122243,E100000123411
7310,100.0,[6119],E100000002521,E100000000156
7322,100.0,[6119],E100000123430,E100000123261
7282,100.0,[6119],E100000123955,E100000124487
15431,6.21,[6119],E100000129149,E100000001753
18444,100.0,[6119],E100000129265,E100000129256
7304,73.5,[6119],E100000124448,E100000125032
14170,10.0,[6119],E100000129145,E100000125648
7242,97.46,[6119],E100000122299,E100000122150
7249,52.49,[6119],E100000123620,E100000123261
7257,77.97,[6119],E100000122316,E100000123413
4597,14.3,[5951],E100000002415,E100001000821
15432,93.79,[6119],E100000129149,E100000123261
20303,10.62,[6119],E100000129287,E100000130564
18002,100.0,[6119],E100000130162,E100000125501
7303,26.5,[6119],E100000124448,E100000125033
7238,100.0,[6119],E100000124451,E100000125654
7318,30.0,[6119],E100000124415,E100000125036
14309,14.2,[6119],E100000129317,E100000001753
7239,100.0,[6119],E100000003315,E100000123400
7244,51.0,[6119],E100000122243,E100000123410
7319,40.0,[6119],E100000124415,E100000125034
7278,97.0,[6119],E100000122436,E100000123261
7320,30.0,[6119],E100000124415,E100000125035
7324,40.0,[6119],E100000124347,E100000124491
7301,100.0,[6119],E100000125047,E100000125260
7240,99.99,[6119],E100000124265,E100000124486
7327,98.0,[6119],E100000125216,E100000123261
7313,100.0,[6119],E100000002522,E100000000156
7260,100.0,[6119],E100000122213,E100000123414
7251,100.0,[6119],E100000122232,E100000122242
7300,100.0,[6119],E100000124228,E100000123261
7288,98.0,[6119],E100000122217,E100000123261
7302,100.0,[6119],E100000124582,E100000125656
7247,100.0,[6119],E100000125429,E100000123412
7277,3.0,[6119],E100000122436,E100000001753
7295,90.0,[6119],E100000124753,E100000001749
18335,60.84,[6119],E100000129161,E100000125547
7283,25.0,[6119],E100000122224,E100000122242
7253,53.0,[6119],E100000122248,E100000122242
7275,70.0,[6119],E100000123402,E100000123261
7329,71.45,[6119],E100000123815,E100000124492
7230,49.0,[6119],E100000122308,E100000123407
7291,15.0,[6119],E100000122218,E100000123273
7315,100.0,[6119],E100000124502,E100000123261
7272,51.0,[6119],E100000122266,E100000123420
7296,10.0,[6119],E100000124753,E100000001405
7229,51.0,[6119],E100000122308,E100000001529
7325,60.0,[6119],E100000124347,E100000124490
7262,90.0,[6119],E100000122288,E100000123415
7286,90.0,[6119],E100000122216,E100000123422
14133,0.22,[6119],E100000129146,E100000001753
14904,100.0,[6119],E100000129150,E100000129174
14169,90.0,[6119],E100000129145,E100000130366
18328,90.0,[6119],E100000129159,E100001000031
7321,100.0,[6119],E100000123394,E100000124488
7271,100.0,[6119],E100000124445,E100000125655
19483,100.0,[6119],E100000129242,E100000129850
14134,99.78,[6119],E100000129146,E100000129173
7280,100.0,[6119],E100000123253,E100000001415
7254,47.0,[6119],E100000122248,E100000000157
18329,10.0,[6119],E100000129159,E100001000032
7316,100.0,[6119],E100000001405,E100000123261
13579,99.66,[6119],E100000129148,E100000123261
7326,2.0,[6119],E100000125216,E100000001753
7276,100.0,[6119],E100000125336,E100000000152
7274,13.3,[6119],E100000122266,E100000123421
7314,100.0,[6119],E100000002524,E100000000156
7279,100.0,[6119],E100000123940,E100000000151
7306,100.0,[6119],E100000125055,E100000123261
7250,100.0,[6119],E100000125430,E100000122242
7281,100.0,[6119],E100000124801,E100000000500
7317,100.0,[6119],E100000001403,E100000123261
7231,60.0,[6119],E100000122309,E100000001529
7328,28.55,[6119],E100000123815,E100000124493
18299,100.0,[6119],E100000129157,E100000129180
7309,100.0,[6119],E100000002523,E100000000156
7252,100.0,[6119],E100000125433,E100000122242
7312,100.0,[6119],E100000125460,E100000000157
7245,49.0,[6119],E100000123412,E100000123620
7235,100.0,[6119],E100000123400,E100000001529
7285,10.0,[6119],E100000122216,E100000123261
7259,100.0,[6119],E100000122318,E100000122316
7298,60.03,[6119],E100000002525,E100000000156
17773,65.0,[6119],E100000129285,E100000129639
7308,100.0,[6119],E100000123594,E100000124411
18334,11.57,[6119],E100000129161,E100000001753
7311,100.0,[6119],E100000002520,E100000000156
7261,10.0,[6119],E100000122288,E100000123416
7294,100.0,[6119],E100000122187,E100000123318
15086,100.0,[6119],E100000129304,E100000129732
7227,100.0,[6119],E100000125439,E100000001529
7341,100.0,[6119],E100000124645,E100000123261
7411,100.0,[6119],E100000125039,E100000123261
7380,23.97,[6119],E100000124255,E100000001753
7382,7.77,[6119],E100000124255,E100000124496
7381,5.47,[6119],E100000124255,E100000123261
7430,100.0,[6119],E100000122237,E100000122235
7354,100.0,[6119],E100000125438,E100000122301
7377,95.1,[6119],E100000000155,E100000123261
7366,26.0,[6119],E100000002526,E100000000188
7399,100.0,[6119],E100000123727,E100000124499
7421,70.24,[6119],E100000122509,E100001000845
7379,94.0,[6119],E100000125059,E100000000155
15196,1.0,[6119],E100000129361,E100000001753
14240,100.0,[6119],E100000129368,E100000129688
7389,100.0,[6119],E100000124438,E100000123261
7357,14.29,[6119],E100000125402,E100000000173
7355,8.3,[6119],E100000125402,E100000001753
20101,90.0,[6119],E100000129381,E100000129719
7364,100.0,[6119],E100000125261,E100000125342
7368,70.48,[6119],E100000125076,E100000123261
7394,100.0,[6119],E100000123426,E100000000158
7332,100.0,[6119],E100000124447,E100000123261
7338,40.0,[6119],E100000124500,E100000125037
7413,100.0,[6119],E100000125038,E100000123261
7428,100.0,[6119],E100000122233,E100000122235
7415,100.0,[6119],E100000125040,E100000125764
7369,100.0,[6119],E100000001402,E100000123261
7400,100.0,[6119],E100000123974,E100000123261
7414,100.0,[6119],E100000124501,E100000125040
14268,100.0,[6119],E100000129376,E100000129701
15678,50.0,[6119],E100000129429,E100000129766
7408,100.0,[6119],E100000124431,E100001000473
7375,100.0,[6119],E100000123425,E100000000479
7409,100.0,[6119],E100000125367,E100000125366
7360,15.32,[6119],E100000125402,E100000125407
7363,100.0,[6119],E100000125046,E100000125261
15742,100.0,[6119],E100000129374,E100000129405
7417,100.0,[6119],E100000124370,E100000124501
7422,20.71,[6119],E100000122509,E100000123427
7388,100.0,[6119],E100000002527,E100000123426
7391,100.0,[6119],E100000123976,E100000124498
15667,9.19,[6119],E100000129382,E100000129764
7345,10.0,[6119],E100000123812,E100000123261
7376,4.9,[6119],E100000000155,E100000001753
7396,40.0,[6119],E100000125037,E100000125263
7351,100.0,[6119],E100000125437,E100000122301
7427,100.0,[6119],E100000125431,E100000122235
7383,62.79,[6119],E100000124255,E100000124495
7361,50.0,[6119],E100000125342,E100000123261
7340,97.6,[6119],E100000124651,E100000123261
7435,100.0,[6119],E100000122251,E100000122242
7407,100.0,[6119],E100000125054,E100001000473
7402,100.0,[6119],E100001000436,E100000000158
7410,5.0,[6119],E100000125387,E100000125397
7386,100.0,[6119],E100000124537,E100000000239
7434,100.0,[6119],E100000122249,E100000122235
7420,100.0,[6119],E100000124215,E100000123261
7372,2.0,[6119],E100000125262,E100000001753
7343,85.0,[6119],E100000124494,E100000123261
7404,89.2,[6119],E100000124207,E100000124500
7362,50.0,[6119],E100000125342,E100000125375
7337,60.0,[6119],E100000124500,E100000123261
7333,100.0,[6119],E100000125033,E100000123261
7384,100.0,[6119],E100000123703,E100000124497
7429,100.0,[6119],E100000122236,E100000122235
7398,100.0,[6119],E100000124178,E100000123261
15378,5.4,[6119],E100000129405,E100000123261
7390,100.0,[6119],E100000125320,E100000123261
7419,40.0,[6119],E100000124254,E100000124503
7353,100.0,[6119],E100000122480,E100000000188
7336,99.92,[6119],E100000001404,E100000123261
7373,98.0,[6119],E100000125262,E100000000155
7433,100.0,[6119],E100000125432,E100000122235
7431,100.0,[6119],E100000122238,E100000122242
7350,57.47,[6119],E100000123240,E100000000188
7436,49.0,[6119],E100000123309,E100000124504
7393,72.0,[6119],E100000124411,E100000125038
7365,74.0,[6119],E100000002526,E100000000156
7403,10.8,[6119],E100000124207,E100000001753
7367,29.52,[6119],E100000125076,E100000001753
7358,34.3,[6119],E100000125402,E100000125406
19134,100.0,[6119],E100000129415,E100001000064
7418,60.0,[6119],E100000124254,E100000124502
7405,100.0,[6119],E100000125263,E100000123261
7349,42.53,[6119],E100000123240,E100000000175
15250,100.0,[6119],E100000129411,E100000129738
7392,28.0,[6119],E100000124411,E100000125039
7385,100.0,[6119],E100000125213,E100000123261
7412,100.0,[6119],E100000124356,E100000124355
7432,100.0,[6119],E100000122241,E100000122235
15677,25.0,[6119],E100000129429,E100000129767
7374,100.0,[6119],E100000125406,E100000125410
7395,60.0,[6119],E100000125037,E100000123261
7416,100.0,[6119],E100000125326,E100000125040
15666,1.53,[6119],E100000129382,E100000001753
7387,100.0,[6119],E100000124491,E100000123261
17877,67.0,[6119],E100000129423,E100000129809
7378,6.0,[6119],E100000125059,E100000125262
7342,100.0,[6119],E100000125247,E100000125341
7530,51.0,[6119],E100000121852,E100000000170
7525,100.0,[6119],E100000122754,E100000000213
7440,100.0,[6119],E100000123365,E100000123261
7495,100.0,[6119],E100000002703,E100000001425
7469,50.0,[6119],E100000122914,E100000123371
7542,100.0,[6119],E100000123035,E100000123439
7507,100.0,[6119],E100000122225,E100000123387
7468,50.0,[6119],E100000122914,E100000122607
7498,100.0,[6119],E100000125265,E100000125343
7537,100.0,[6119],E100000122962,E100000123441
7516,100.0,[6119],E100000125474,E100000000213
7478,100.0,[6119],E100000121937,E100000122607
7449,54.0,[6119],E100000125218,E100000125265
7464,100.0,[6119],E100000121755,E100000122607
15018,13.0,[6119],E100000129450,E100000129728
7483,100.0,[6119],E100000002704,E100000122607
19092,2.0,[6119],E100000129544,E100000001753
7540,67.94,[6119],E100000123108,E100000123439
7521,100.0,[6119],E100000122917,E100000000213
7472,100.0,[6119],E100000122330,E100000122607
7439,99.99,[6119],E100000125152,E100000125264
7447,49.0,[6119],E100000002700,E100000000293
7497,100.0,[6119],E100000125343,E100000125376
7534,90.0,[6119],E100000122490,E100000121999
7519,100.0,[6119],E100000125417,E100000000213
7506,100.0,[6119],E100000123387,E100000000170
7526,100.0,[6119],E100000125476,E100000000213
7488,51.0,[6119],E100000121864,E100000122607
7463,100.0,[6119],E100000122124,E100000122607
7471,100.0,[6119],E100000002701,E100000122607
7513,100.0,[6119],E100000125482,E100000123440
7454,100.0,[6119],E100000123404,E100000000174
7458,100.0,[6119],E100000122145,E100000122607
7480,10.0,[6119],E100000123126,E100000000310
19036,80.65,[6119],E100000129547,E100000129721
7473,100.0,[6119],E100000123501,E100000123404
7459,100.0,[6119],E100000122034,E100000000174
7481,5.0,[6119],E100000123126,E100000123436
18064,35.0,[6119],E100000129528,E100000129815
7515,100.0,[6119],E100000122991,E100000003235
7453,100.0,[6119],E100000123503,E100000001424
7517,100.0,[6119],E100000003231,E100000000213
7444,51.0,[6119],E100000124020,E100000122377
18007,60.0,[6119],E100000129482,E100000129813
15676,5.0,[6119],E100000129429,E100000129768
7510,55.0,[6119],E100000003233,E100000121694
18006,40.0,[6119],E100000129482,E100000129639
7496,100.0,[6119],E100000125151,E100000125267
7503,5.96,[6119],E100000123338,E100000123427
17690,100.0,[6119],E100000129517,E100000129795
18689,100.0,[6119],E100000129526,E100000129854
7541,32.06,[6119],E100000123108,E100000123080
7479,55.0,[6119],E100000123126,E100000000174
7448,51.0,[6119],E100000002700,E100000123431
7438,41.0,[6119],E100000123309,E100000123465
14261,66.08,[6119],E100000129463,E100000129697
7482,20.0,[6119],E100000123126,E100000000186
7462,100.0,[6119],E100000002702,E100000122607
7528,100.0,[6119],E100000123441,E100000000170
15261,100.0,[6119],E100000129500,E100000129738
17958,57.14,[6119],E100000129471,E100000129811
15230,100.0,[6119],E100000129461,E100000129738
15233,100.0,[6119],E100000129491,E100000129738
7499,100.0,[6119],E100000124506,E100000122377
7437,10.0,[6119],E100000123309,E100000124505
7522,100.0,[6119],E100000122062,E100000000213
7505,100.0,[6119],E100000123089,E100000123439
7543,100.0,[6119],E100000123041,E100000123439
7457,100.0,[6119],E100000123175,E100000122607
7533,10.56,[6119],E100000123065,E100000123442
7523,100.0,[6119],E100000003230,E100000000213
7514,100.0,[6119],E100000003235,E100000000170
7455,100.0,[6119],E100000122607,E100000000174
7456,100.0,[6119],E100000125452,E100000122607
7529,49.0,[6119],E100000121852,E100000123272
20442,100.0,[6490],E100001010308,E100001010300
7531,84.17,[6119],E100000123065,E100000123439
7524,100.0,[6119],E100000003229,E100000000213
13861,5.0,[6119],E100000129486,E100000129664
7527,100.0,[6119],E100000122903,E100000123441
7441,95.0,[6119],E100000123084,E100000123429
13810,100.0,[6119],E100000128990,E100000000151
7511,100.0,[6119],E100000123052,E100000123439
7501,88.07,[6119],E100000123338,E100000000170
7504,100.0,[6119],E100000123025,E100000123439
15675,20.0,[6119],E100000129429,E100000129639
7443,49.0,[6119],E100000124020,E100000124506
7518,100.0,[6119],E100000122589,E100000000213
7493,50.0,[6119],E100000122500,E100000122607
18062,9.91,[6119],E100000129528,E100000129818
18066,5.45,[6119],E100000129528,E100000129820
7446,54.84,[6119],E100000123765,E100000123261
7484,100.0,[6119],E100000122513,E100000122607
7500,100.0,[6119],E100000125057,E100000123261
7442,5.0,[6119],E100000123084,E100000123430
7502,5.96,[6119],E100000123338,E100000124187
7490,100.0,[6119],E100000122468,E100000122607
7445,5.16,[6119],E100000123765,E100000001753
7600,75.0,[6119],E100000122735,E100000000213
7622,80.0,[6119],E100000003242,E100000003239
7544,100.0,[6119],E100000123439,E100000000170
7639,15.0,[6119],E100000122371,E100000123467
7613,100.0,[6119],E100000122324,E100000123456
7648,100.0,[6119],E100000122440,E100000003247
7566,17.44,[6119],E100000123450,E100000001753
13581,0.45,[6119],E100000129594,E100000001753
7640,15.0,[6119],E100000122371,E100000123468
18323,51.0,[6119],E100000129621,E100000123553
7575,15.0,[6119],E100000122074,E100000123453
7578,35.71,[6119],E100000122736,E100000123455
13656,100.0,[6119],E100000129636,E100000129650
7599,100.0,[6119],E100000125421,E100000121999
7614,100.0,[6119],E100000003222,E100000123272
7557,100.0,[6119],E100000122364,E100000123446
7589,70.0,[6119],E100000003225,E100000121694
13582,99.55,[6119],E100000129594,E100000129641
7628,100.0,[6119],E100000121989,E100000123463
17771,100.0,[6119],E100000129586,E100000129805
7594,6.0,[6119],E100000122861,E100000123458
7546,100.0,[6119],E100000125486,E100000123439
7616,100.0,[6119],E100000123768,E100000123261
7587,55.0,[6119],E100000003224,E100000121694
7623,25.0,[6119],E100000003250,E100000000234
7596,100.0,[6119],E100000125422,E100000121999
7608,100.0,[6119],E100000123013,E100000123439
7637,41.0,[6119],E100000003240,E100000000217
7588,30.0,[6119],E100000003225,E100000000199
7560,70.0,[6119],E100000003232,E100000000213
7590,100.0,[6119],E100000003226,E100000121694
7601,25.0,[6119],E100000122735,E100000123460
7585,20.0,[6119],E100000003224,E100000123234
15573,100.0,[6119],E100000129625,E100000129756
20196,70.0,[6119],E100000129631,E100000130456
7591,100.0,[6119],E100000003223,E100000121694
7612,100.0,[6119],E100000122734,E100000000213
7576,10.0,[6119],E100000122074,E100000123454
7618,50.0,[6119],E100000122749,E100000003253
7579,10.17,[6119],E100000124309,E100000001753
7644,70.0,[6119],E100000122355,E100000123466
13627,100.0,[6119],E100000129644,E100000129641
20833,100.0,[6953],E100001010382,E100001010381
15220,100.0,[6119],E100000129604,E100000129738
7565,10.0,[6119],E100000122099,E100000123449
7574,75.0,[6119],E100000122074,E100000000213
17775,100.0,[6119],E100000129675,E100000129666
7584,10.0,[6119],E100000003224,E100000121867
7629,100.0,[6119],E100000121722,E100000123464
7569,65.0,[6119],E100000121784,E100000000213
7621,20.0,[6119],E100000003242,E100000123234
7586,10.0,[6119],E100000003224,E100000000204
7607,100.0,[6119],E100000123098,E100000123439
7562,100.0,[6119],E100000003236,E100000000213
19083,35.0,[6119],E100000129545,E100000129870
7583,5.0,[6119],E100000003224,E100000123457
7602,100.0,[6119],E100000123063,E100000123439
7548,50.0,[6119],E100000123043,E100000000298
7555,80.0,[6119],E100000123446,E100000000170
7559,70.0,[6119],E100000003227,E100000123447
7564,90.0,[6119],E100000122099,E100000000213
7645,30.0,[6119],E100000122355,E100000000226
7597,100.0,[6119],E100000125423,E100000121999
7581,11.82,[6119],E100000124309,E100000000213
7592,6.5,[6119],E100000122861,E100000001753
7563,100.0,[6119],E100000003237,E100000000213
7627,100.0,[6119],E100000122253,E100000122255
7646,100.0,[6119],E100000003247,E100000000217
7610,55.0,[6119],E100000003234,E100000000213
7636,34.0,[6119],E100000003240,E100000000157
19082,65.0,[6119],E100000129545,E100000129869
7638,70.0,[6119],E100000122371,E100000123466
7549,67.94,[6119],E100000123081,E100000123439
7611,45.0,[6119],E100000003234,E100000123461
7635,25.0,[6119],E100000003240,E100000001419
13623,100.0,[6119],E100000129643,E100000129901
7624,75.0,[6119],E100000003250,E100000003253
7573,5.79,[6119],E100000122823,E100000123452
7582,100.0,[6119],E100000121748,E100000123456
7547,50.0,[6119],E100000123043,E100000123439
7572,93.26,[6119],E100000122823,E100000000213
7603,100.0,[6119],E100000123249,E100000000170
7650,51.0,[6119],E100000123848,E100000000171
7649,100.0,[6119],E100000122739,E100000123469
20353,100.0,[6119],E100000129588,E100000130614
19035,19.35,[6119],E100000129547,E100000000252
13998,10.0,[6119],E100000129609,E100000129672
7617,50.0,[6119],E100000122749,E100000123462
7556,20.0,[6119],E100000123446,E100000000245
7580,78.0,[6119],E100000124309,E100000000170
7567,82.56,[6119],E100000123450,E100000000213
7593,87.5,[6119],E100000122861,E100000000213
7577,64.29,[6119],E100000122736,E100000000213
7625,100.0,[6119],E100000003249,E100000000217
14260,20.0,[6119],E100000129631,E100000129695
14259,10.0,[6119],E100000129631,E100000129696
18576,100.0,[6119],E100000129551,E100000129842
7561,30.0,[6119],E100000003232,E100000123448
7615,100.0,[6119],E100000121714,E100000121694
7666,100.0,[6119],E100000125489,E100000000217
7700,30.0,[6119],E100000122015,E100000123475
7681,49.0,[6119],E100000122083,E100000123472
7726,30.0,[6119],E100000122520,E100000123485
7674,10.0,[6119],E100000122347,E100000123328
19045,100.0,[6119],E100000129651,E100000123261
7712,75.0,[6119],E100000122154,E100000000217
7664,100.0,[6119],E100000121799,E100000000217
7755,100.0,[6119],E100000123464,E100000000171
7679,100.0,[6119],E100000122412,E100000000217
7757,100.0,[6119],E100000121730,E100000123464
7740,8.2,[6119],E100000003244,E100000001753
13844,10.34,[6119],E100000129667,E100000124049
7692,60.0,[6119],E100000121619,E100000000217
7737,1.65,[6119],E100000122858,E100000001753
7756,100.0,[6119],E100000121729,E100000123464
7746,10.0,[6119],E100000122346,E100000000224
13604,28.34,[6119],E100000129639,E100000129899
7683,80.0,[6119],E100000003253,E100000000217
7738,98.35,[6119],E100000122858,E100000003253
7654,100.0,[6119],E100000125440,E100000123466
7743,100.0,[6119],E100000125461,E100000003244
13865,100.0,[6119],E100000129661,E100000129910
7671,6.0,[6119],E100000122347,E100000123470
7673,5.0,[6119],E100000122347,E100000000226
7670,4.0,[6119],E100000122347,E100000001753
7719,51.0,[6119],E100000003246,E100000123466
7668,100.0,[6119],E100000125488,E100000000217
7702,100.0,[6119],E100000123012,E100000123476
7745,63.64,[6119],E100000122346,E100000123466
7686,100.0,[6119],E100000125469,E100000003253
7653,100.0,[6119],E100000123466,E100000000217
7747,26.36,[6119],E100000122346,E100000000226
7704,100.0,[6119],E100000121727,E100000123464
7657,100.0,[6119],E100000125453,E100000000217
7675,18.0,[6119],E100000003256,E100000123234
7662,100.0,[6119],E100000122738,E100000000217
7672,75.0,[6119],E100000122347,E100000123466
13852,96.72,[6119],E100000129668,E100000129909
7661,100.0,[6119],E100000125427,E100000000217
13849,35.33,[6119],E100000129667,E100000121867
7660,100.0,[6119],E100000122910,E100000000217
7696,65.0,[6119],E100000121726,E100000000217
7676,82.0,[6119],E100000003256,E100000000217
7678,40.0,[6119],E100000122794,E100000123471
7709,95.0,[6119],E100000003257,E100000000217
7739,100.0,[6119],E100000122740,E100000123469
7689,49.0,[6119],E100000122898,E100000123473
7705,100.0,[6119],E100000122745,E100000123469
7707,80.0,[6119],E100000003243,E100000000217
7699,70.0,[6119],E100000122015,E100000123463
7718,20.0,[6119],E100000121773,E100000123481
7732,10.0,[6119],E100000003259,E100000000206
7736,10.0,[6119],E100000003248,E100000123371
7720,49.0,[6119],E100000003246,E100000123482
7690,51.0,[6119],E100000122898,E100000000217
7659,100.0,[6119],E100000122497,E100000000217
7688,50.0,[6119],E100000123469,E100000124507
7741,91.8,[6119],E100000003244,E100000000217
7730,100.0,[6119],E100000122747,E100000000217
7754,100.0,[6119],E100000124504,E100000000171
13851,3.28,[6119],E100000129668,E100000001753
7733,80.0,[6119],E100000122039,E100000000217
7711,100.0,[6119],E100000122982,E100000000217
7665,100.0,[6119],E100000122742,E100000000217
7687,50.0,[6119],E100000123469,E100000003253
7652,75.0,[6119],E100000123476,E100000000171
20166,13.65,[6119],E100000129666,E100001010234
13580,100.0,[6119],E100000129650,E100000129897
20167,5.98,[6119],E100000129666,E100001010242
7717,80.0,[6119],E100000121773,E100000003239
7684,100.0,[6119],E100000125472,E100000003253
7677,60.0,[6119],E100000122794,E100000000217
7701,100.0,[6119],E100000123944,E100000124508
7680,51.0,[6119],E100000122083,E100000000217
7713,25.0,[6119],E100000122154,E100000123477
7695,20.0,[6119],E100000122897,E100000123474
7734,20.0,[6119],E100000122039,E100000123488
7728,90.0,[6119],E100000003245,E100000000217
7729,10.0,[6119],E100000003245,E100000123487
13857,100.0,[6119],E100000129659,E100000000185
13602,28.01,[6119],E100000129639,E100000001753
7735,90.0,[6119],E100000003248,E100000003253
7703,100.0,[6119],E100000125485,E100000123012
13845,10.34,[6119],E100000129667,E100000129907
13846,10.34,[6119],E100000129667,E100000129908
13843,10.34,[6119],E100000129667,E100000129669
13847,10.34,[6119],E100000129667,E100000129906
13848,10.34,[6119],E100000129667,E100000123457
13842,2.61,[6119],E100000129667,E100000001753
7706,100.0,[6119],E100000122438,E100000000171
7651,49.0,[6119],E100000123848,E100000000217
7658,100.0,[6119],E100000122420,E100000000217
7697,35.0,[6119],E100000121726,E100000123465
7710,5.0,[6119],E100000003257,E100000000286
13605,23.84,[6119],E100000129639,E100000129900
13606,13.71,[6119],E100000129639,E100000125066
13603,6.1,[6119],E100000129639,E100000123261
7727,30.0,[6119],E100000122520,E100000123486
7693,30.0,[6119],E100000121619,E100000121611
7779,15.0,[6119],E100000003241,E100000123234
7776,7.47,[6119],E100000121731,E100000001753
7805,89.34,[6119],E100000125095,E100000001663
7836,100.0,[6119],E100000122374,E100000123505
13838,100.0,[6119],E100000129671,E100000001416
7863,100.0,[6119],E100000125289,E100000123261
7860,100.0,[6119],E100000123468,E100000123244
7788,100.0,[6119],E100000122616,E100000123476
7816,100.0,[6119],E100000123245,E100000124509
7768,100.0,[6119],E100000003255,E100000122384
7806,9.84,[6119],E100000125095,E100000125528
7859,100.0,[6119],E100000123244,E100000000238
23551,7.88,[101325],E100000000990,E100001014216
7832,10.0,[6119],E100000122372,E100000123468
7774,95.0,[6119],E100000003258,E100000000217
7830,1.0,[6119],E100000122372,E100000001753
7759,40.0,[6119],E100000122439,E100000123490
7800,100.0,[6119],E100000003239,E100000000217
7798,11.82,[6119],E100000122586,E100000000217
7796,4.48,[6119],E100000122586,E100000001753
7780,75.0,[6119],E100000003241,E100000000217
14258,10.0,[6119],E100000129610,E100000129694
7817,30.0,[6119],E100000123508,E100000001448
7822,100.0,[6119],E100000004012,E100000001667
7853,97.33,[6119],E100000123507,E100000000238
7784,100.0,[6119],E100000122672,E100000123478
14886,100.0,[6119],E100000129665,E100000129939
7797,70.28,[6119],E100000122586,E100000000171
7821,100.0,[6119],E100000003054,E100000123245
14738,1.0,[6119],E100000129680,E100000001753
7855,2.38,[6119],E100000123502,E100000001753
7825,17.68,[6119],E100000125386,E100000125398
7835,30.0,[6119],E100000003622,E100000123504
7815,100.0,[6119],E100000123505,E100000123224
7773,100.0,[6119],E100000122522,E100000000217
7801,50.0,[6119],E100000121704,E100000121703
23825,35.0,[102542],E100001014630,E100001014631
7762,100.0,[6119],E100000121705,E100000121703
7766,16.24,[6119],E100000122384,E100000123493
7760,50.0,[6119],E100000122422,E100000000217
7820,100.0,[6119],E100000123875,E100000123505
7848,9.63,[6119],E100000000238,E100000125562
7786,100.0,[6119],E100000123478,E100000000171
7799,13.43,[6119],E100000122586,E100000123498
7838,30.0,[6119],E100000001594,E100000123261
7819,100.0,[6119],E100000124509,E100000123505
7823,3.08,[6119],E100000125386,E100000001753
14238,72.6,[6119],E100000129686,E100000129925
14306,33.86,[6119],E100000129664,E100000129926
7840,10.0,[6119],E100000001594,E100000001539
7795,100.0,[6119],E100000122469,E100000000217
7770,92.9,[6119],E100000122743,E100000003253
7761,50.0,[6119],E100000122422,E100000123491
7826,100.0,[6119],E100000123467,E100000123502
7783,40.0,[6119],E100000121673,E100000123496
7782,60.0,[6119],E100000121673,E100000000217
7854,100.0,[6119],E100000124510,E100000125658
7834,70.0,[6119],E100000003622,E100000123503
7857,9.33,[6119],E100000123502,E100000123427
7802,50.0,[6119],E100000121704,E100000123499
7841,1.0,[6119],E100000125041,E100000001753
7846,49.85,[6119],E100000003623,E100000000293
7804,0.82,[6119],E100000125095,E100000001753
7808,76.25,[6119],E100000125031,E100000125268
7842,50.0,[6119],E100000125041,E100000001539
7781,10.0,[6119],E100000003241,E100000000180
7818,70.0,[6119],E100000123508,E100000123505
21179,90.0,[6119],E100000129610,E100000130448
7843,49.0,[6119],E100000125041,E100000124631
7864,49.0,[6119],E100000123769,E100000123261
7858,100.0,[6119],E100000122375,E100000123507
7787,100.0,[6119],E100000122709,E100000000217
7803,100.0,[6119],E100000121703,E100000000217
7839,60.0,[6119],E100000001594,E100000125041
7809,50.0,[6119],E100000122968,E100000123500
7849,100.0,[6119],E100000123504,E100000000236
7851,9.17,[6119],E100000125398,E100000125562
7828,65.0,[6119],E100000122370,E100000123501
13839,100.0,[6119],E100000129669,E100000123230
14304,56.0,[6119],E100000129664,E100000001753
7847,90.37,[6119],E100000000238,E100000125657
7794,100.0,[6119],E100000123463,E100000000217
7772,100.0,[6119],E100000122525,E100000000217
23525,50.0,[100949],E100001014157,E100001014158
7844,1.35,[6119],E100000003623,E100000001753
18967,100.0,[6119],E100000129673,E100000123261
7831,79.0,[6119],E100000122372,E100000123501
7758,60.0,[6119],E100000122439,E100000000171
7769,100.0,[6119],E100000122133,E100000000217
7845,48.8,[6119],E100000003623,E100000123505
7833,10.0,[6119],E100000122372,E100000000224
14305,10.14,[6119],E100000129664,E100000123261
7778,100.0,[6119],E100000121732,E100000123464
20835,100.0,"[6953, 108562]",E100001010384,E100001010381
7856,88.29,[6119],E100000123502,E100000124510
7807,23.75,[6119],E100000125031,E100000125269
7824,79.24,[6119],E100000125386,E100000125382
7767,30.31,[6119],E100000122384,E100000000276
7932,100.0,[6119],E100000124517,E100000123261
7917,100.0,[6119],E100000125044,E100000123261
7920,100.0,[6119],E100000124514,E100000125660
7965,100.0,[6119],E100000122448,E100000122447
7957,100.0,[6119],E100000124518,E100000125048
7889,20.98,[6119],E100000123516,E100000124512
7898,12.19,[6119],E100000122020,E100000123517
7897,2.81,[6119],E100000122020,E100000001753
7928,100.0,[6119],E100000121624,E100000123526
7916,100.0,[6119],E100000124513,E100000125044
7900,55.0,[6119],E100000122020,E100000123483
7971,99.27,[6119],E100000125049,E100000123261
7876,7.65,[6119],E100000122389,E100000001753
7903,39.97,[6119],E100000124864,E100000001753
7896,100.0,[6119],E100000123627,E100000125532
20205,100.0,[6119],E100000129580,E100000130465
7930,75.0,[6119],E100000121853,E100000123527
7970,0.73,[6119],E100000125049,E100000001753
20146,49.5,[6119],E100000129708,E100000123261
7891,5.0,[6119],E100000124512,E100000125043
7940,29.0,[6119],E100000124520,E100000125045
7902,80.0,[6119],E100000123029,E100000123518
7943,98.0,[6119],E100000123530,E100000124518
7953,94.6,[6119],E100000125045,E100000125271
7926,100.0,[6119],E100000124515,E100000125661
7934,44.7,[6119],E100000123527,E100000124517
7893,5.0,[6119],E100000125043,E100000125270
7878,31.08,[6119],E100000122389,E100000123511
7925,100.0,[6119],E100000123073,E100000123525
7950,100.0,[6119],E100000122443,E100000122444
7964,100.0,[6119],E100000125446,E100000122447
7963,100.0,[6119],E100000122446,E100000122447
7894,15.0,[6119],E100000122091,E100000123516
7927,100.0,[6119],E100000123526,E100000124515
7966,100.0,[6119],E100000122449,E100000122447
7892,70.0,[6119],E100000124512,E100000125042
7911,100.0,[6119],E100000124576,E100000123261
7887,6.43,[6119],E100000123516,E100000001753
19049,100.0,[6119],E100000129698,E100000130028
7967,100.0,[6119],E100000122451,E100000122447
7949,29.41,[6119],E100000122441,E100000123530
7874,100.0,[6119],E100000123512,E100000124511
7935,55.0,[6119],E100000123527,E100000124516
14911,10.91,[6119],E100000129722,E100000001753
7877,29.98,[6119],E100000122389,E100000123512
7933,0.3,[6119],E100000123527,E100000001753
20836,100.0,"[6953, 108562]",E100001010385,E100001010381
14913,83.99,[6119],E100000129722,E100000129941
7924,72.5,[6119],E100000122895,E100000123524
7904,60.03,[6119],E100000124864,E100000123261
7968,100.0,[6119],E100000122453,E100000122447
7879,100.0,[6119],E100000125148,E100000125146
7958,100.0,[6119],E100000122445,E100000123376
7880,100.0,[6119],E100000124039,E100000125530
7895,15.0,[6119],E100000122091,E100000122047
17190,100.0,[6119],E100000129704,E100000129979
7947,2.29,[6119],E100000122441,E100000001753
7937,100.0,[6119],E100000123024,E100000123529
7870,68.13,[6119],E100000003621,E100000123510
7960,99.0,[6119],E100000123532,E100000123261
7936,100.0,[6119],E100000122433,E100000123280
7931,25.0,[6119],E100000121853,E100000123528
7938,25.0,[6119],E100000124520,E100000125047
7951,100.0,[6119],E100000122444,E100000123532
7901,20.0,[6119],E100000123029,E100000123261
7923,25.0,[6119],E100000122895,E100000123261
14920,100.0,[6119],E100000129730,E100000123261
7910,100.0,[6119],E100000123342,E100000124513
7941,20.0,[6119],E100000124520,E100000124518
7888,72.59,[6119],E100000123516,E100000123517
7899,30.0,[6119],E100000122020,E100000122047
7962,100.0,[6119],E100000123154,E100000122447
7918,100.0,[6119],E100000124865,E100000123261
7939,26.0,[6119],E100000124520,E100000125046
7959,1.0,[6119],E100000123532,E100000001753
7908,100.0,[6119],E100000124777,E100000123261
7909,100.0,[6119],E100000125309,E100000123261
7945,67.29,[6119],E100000124521,E100000123261
7912,40.0,[6119],E100000121711,E100000123520
20148,25.5,[6119],E100000129708,E100000130054
7914,15.0,[6119],E100000121711,E100000123522
7942,2.0,[6119],E100000123530,E100000001753
7913,5.0,[6119],E100000121711,E100000123523
7969,100.0,[6119],E100000125273,E100000123261
7922,2.5,[6119],E100000122895,E100000001753
7921,100.0,[6119],E100000123520,E100000123261
20147,25.0,[6119],E100000129708,E100000130055
7915,40.0,[6119],E100000121711,E100000123521
7929,100.0,[6119],E100000003202,E100000001366
7865,51.0,[6119],E100000123769,E100000125529
7868,40.0,[6119],E100000121792,E100000121782
20176,26.67,[6119],E100000129686,E100000130436
14237,0.73,[6119],E100000129686,E100000001753
14912,5.1,[6119],E100000129722,E100000129942
7885,100.0,[6119],E100000123517,E100000125531
7875,100.0,[6119],E100000124511,E100000125659
7952,100.0,[6119],E100000125271,E100000125048
7954,5.4,[6119],E100000125045,E100001000465
7919,100.0,[6119],E100000123519,E100000124514
8071,10.0,[6119],E100000000270,E100000125537
8025,4.17,[6119],E100000123219,E100000001753
20122,100.0,[6119],E100000129746,E100000123261
8010,55.19,[6119],E100000124334,E100000125533
7991,60.03,[6119],E100000123181,E100000123534
13880,69.51,[6119],E100000129733,E100000001753
8073,100.0,[6119],E100000123847,E100000000161
8054,100.0,[6119],E100000122059,E100000123552
8039,15.37,[6119],E100000121945,E100000123549
8004,100.0,[6119],E100000123536,E100000122255
8035,100.0,[6119],E100000124528,E100000125664
7975,100.0,[6119],E100000122442,E100000123533
7985,10.0,[6119],E100000124923,E100000125663
19135,100.0,[6119],E100000129737,E100000123261
7981,17.81,[6119],E100000122463,E100000001753
8031,80.0,[6119],E100000121936,E100000122607
8026,95.83,[6119],E100000123219,E100000123261
7999,75.0,[6119],E100000123614,E100000124522
7984,90.0,[6119],E100000124923,E100000125662
8065,10.0,[6119],E100000122995,E100000123557
8002,100.0,[6119],E100000125274,E100000123261
7982,82.19,[6119],E100000122463,E100000123261
8076,80.0,[6119],E100000122993,E100000000213
8029,94.02,[6119],E100000123210,E100000123544
8016,10.0,[6119],E100000123540,E100000125535
8018,53.32,[6119],E100000121985,E100000121999
13765,100.0,[6119],E100000129726,E100000129903
7986,30.0,[6119],E100000125051,E100000125273
8060,100.0,[6119],E100000125129,E100000123261
8068,10.0,[6119],E100000122996,E100000123559
8040,66.7,[6119],E100000121945,E100000123547
23924,50.0,[104568],E100001014776,E100001014779
8042,66.25,[6119],E100000123548,E100000123547
8011,44.81,[6119],E100000124334,E100001000465
23552,100.0,[101335],E100001014217,E100001014220
8049,100.0,[6119],E100000124071,E100000123261
8044,36.35,[6119],E100000123208,E100000123543
8059,49.0,[6119],E100000122989,E100000000161
8063,10.0,[6119],E100000122995,E100000123556
8005,100.0,[6119],E100000122254,E100000123536
7993,16.67,[6119],E100000124195,E100000124521
8032,20.0,[6119],E100000121936,E100000123433
8050,100.0,[6119],E100000123544,E100000124529
14962,3.0,[6119],E100000129745,E100000001753
8008,100.0,[6119],E100000125434,E100000123536
8047,1.0,[6119],E100000123549,E100000001753
7994,100.0,[6119],E100000122452,E100000122447
8069,30.0,[6119],E100000122996,E100000123558
7978,51.5,[6119],E100000124519,E100000125049
8070,90.0,[6119],E100000000270,E100000125536
7974,39.0,[6119],E100000124522,E100000001541
8077,20.0,[6119],E100000122993,E100000123558
8013,15.0,[6119],E100000123069,E100000123537
18011,100.0,[6119],E100000130101,E100000125780
8078,100.0,[6119],E100000123099,E100000123562
8067,60.0,[6119],E100000122996,E100000003235
14963,97.0,[6119],E100000129745,E100000123261
8006,100.0,[6119],E100000125435,E100000123536
13988,71.71,[6119],E100000129714,E100000129919
7979,19.98,[6119],E100000124519,E100000125051
20119,99.0,[6119],E100000129743,E100000123261
8048,99.0,[6119],E100000123549,E100000123261
8021,100.0,[6119],E100000123538,E100000123540
7977,4.79,[6119],E100000124519,E100000001753
8038,17.93,[6119],E100000121945,E100000123548
8015,90.0,[6119],E100000123540,E100000125534
8033,100.0,[6119],E100000121963,E100000123546
8012,85.0,[6119],E100000123069,E100000121888
8045,23.73,[6119],E100000123206,E100000123550
8058,51.0,[6119],E100000122989,E100000000483
23826,26.0,[102542],E100001014630,E100001014633
13885,5.12,[6119],E100000129733,E100000124534
13886,5.12,[6119],E100000129733,E100001000514
7980,23.72,[6119],E100000124519,E100000125050
8007,100.0,[6119],E100000122252,E100000123536
13884,5.07,[6119],E100000129733,E100000125392
13883,5.07,[6119],E100000129733,E100000001421
8057,100.0,[6119],E100000121745,E100000000230
13881,5.07,[6119],E100000129733,E100000129912
8066,100.0,[6119],E100000122992,E100000003235
7973,51.0,[6119],E100000124522,E100000001403
13987,28.29,[6119],E100000129714,E100000129920
8074,100.0,[6119],E100000123561,E100000124530
20118,1.0,[6119],E100000129743,E100000001753
13882,5.05,[6119],E100000129733,E100000000172
8055,30.0,[6119],E100000123135,E100000123554
8024,100.0,[6119],E100000123205,E100000123261
8030,5.98,[6119],E100000123210,E100000123545
7987,70.0,[6119],E100000125051,E100000125272
8017,100.0,[6119],E100000121997,E100000123539
8046,100.0,[6119],E100000123207,E100000123261
8041,24.2,[6119],E100000123548,E100000123549
7972,10.0,[6119],E100000124522,E100000123261
8061,100.0,[6119],E100000123568,E100000001843
8009,100.0,[6119],E100000122240,E100000122235
2961,20.0,[5593],E100000004037,E100000000382
8072,100.0,[6119],E100000121677,E100000123560
8034,100.0,[6119],E100000124246,E100000123261
7983,100.0,[6119],E100000001541,E100000123261
8064,80.0,[6119],E100000122995,E100000003235
8104,2.46,[6119],E100000004042,E100000001753
8129,100.0,[6119],E100000123571,E100000122261
8143,100.0,[6119],E100000002754,E100000001422
8148,26.0,[6119],E100000004110,E100000123234
8135,51.0,[6119],E100000122403,E100000003936
8116,15.0,[6119],E100000123497,E100000000157
8176,100.0,[6119],E100000124846,E100000001650
15580,68.0,[6119],E100000129756,E100000129641
8171,35.61,[6119],E100000121907,E100000121880
8162,100.0,[6119],E100000122428,E100000122425
8121,100.0,[6119],E100000122933,E100000000273
8105,73.15,[6119],E100000004042,E100000123569
8172,5.18,[6119],E100000121907,E100000123582
8119,7.95,[6119],E100000125087,E100000001753
8164,100.0,[6119],E100000121953,E100000000273
8160,100.0,[6119],E100000125441,E100000122425
8144,51.0,[6119],E100000121844,E100000123575
8098,100.0,[6119],E100000122998,E100000123565
8145,49.0,[6119],E100000121844,E100000123576
8095,46.02,[6119],E100000124530,E100000125536
8166,100.0,[6119],E100000123581,E100000000483
8183,100.0,[6119],E100000125416,E100000123163
8107,100.0,[6119],E100000123567,E100000123569
8157,14.41,[6119],E100000122425,E100000123580
8079,100.0,[6119],E100000124226,E100000123261
8108,28.67,[6119],E100000123566,E100000124531
8086,90.0,[6119],E100000000161,E100000125536
23827,23.0,[102542],E100001014630,E100001014634
8118,72.25,[6119],E100000123497,E100000124532
8083,2.61,[6119],E100000123009,E100000001753
8123,60.32,[6119],E100000124248,E100000123310
8131,100.0,[6119],E100000122262,E100000123571
8111,59.06,[6119],E100000125106,E100000123261
8149,51.0,[6119],E100000004110,E100000002754
8082,5.0,[6119],E100000122999,E100000123563
8151,67.94,[6119],E100000123080,E100000000273
8177,39.0,[6119],E100000003937,E100000123584
8159,31.28,[6119],E100000122425,E100000123579
8139,100.0,[6119],E100000122530,E100000123573
17693,32.76,[6119],E100000129795,E100000129989
8117,8.5,[6119],E100000123497,E100001000436
8115,4.25,[6119],E100000123497,E100000001753
8130,100.0,[6119],E100000122267,E100000123571
15642,100.0,[6119],E100000129765,E100000129966
8138,23.95,[6119],E100000123573,E100000123601
8084,89.92,[6119],E100000123009,E100000122150
8137,76.05,[6119],E100000123573,E100000123574
15583,100.0,[6119],E100000129758,E100000130374
21149,100.0,[6119],E100000130123,E100000130656
8128,100.0,[6119],E100000121960,E100000001650
15536,100.0,[6119],E100000129755,E100000130373
8140,3.46,[6119],E100000122934,E100000001753
8127,100.0,[6119],E100000122466,E100000123310
8109,71.33,[6119],E100000123566,E100000123569
8092,22.06,[6119],E100000124530,E100000001753
8097,10.0,[6119],E100000124530,E100000125537
8096,8.37,[6119],E100000124530,E100000123569
8132,100.0,[6119],E100000122261,E100000000273
15422,38.04,[6119],E100000129750,E100000129952
8093,8.36,[6119],E100000124530,E100000125665
17695,29.88,[6119],E100000129795,E100000129990
8085,7.47,[6119],E100000123009,E100000123564
15674,100.0,[6119],E100000129768,E100000129967
8094,5.19,[6119],E100000124530,E100000125052
8133,100.0,[6119],E100000125436,E100000122261
8182,100.0,[6119],E100000123163,E100000000273
8141,96.54,[6119],E100000122934,E100000123574
8178,51.0,[6119],E100000003937,E100000122047
8147,100.0,[6119],E100000004111,E100000121953
8163,100.0,[6119],E100000125444,E100000122425
8134,49.0,[6119],E100000122403,E100000123572
8124,39.68,[6119],E100000124248,E100000124533
8126,100.0,[6119],E100000122489,E100000123310
8153,100.0,[6119],E100000123034,E100000123080
8125,100.0,[6119],E100000123310,E100000000273
8081,55.0,[6119],E100000122999,E100000000161
20448,,"[6497, 107581]",E100001010313,E100001010315
8106,24.39,[6119],E100000004042,E100000123570
8179,10.0,[6119],E100000003937,E100000000311
8090,77.75,[6119],E100000124531,E100000123569
18053,100.0,[6119],E100000129819,E100000123261
23925,60.8,[104570],E100001014780,E100000000382
15581,32.0,[6119],E100000129756,E100000129959
8113,18.42,[6119],E100000125106,E100000125275
8167,100.0,[6119],E100000124236,E100000000273
8099,100.0,[6119],E100000123569,E100000000270
8155,88.92,[6119],E100000003936,E100000000255
8170,17.09,[6119],E100000121907,E100000001753
8165,100.0,[6119],E100000122047,E100000000273
8158,54.32,[6119],E100000122425,E100000000273
8161,100.0,[6119],E100000125445,E100000122425
8156,11.08,[6119],E100000003936,E100000123427
8080,40.0,[6119],E100000122999,E100000000213
8114,100.0,[6119],E100000124532,E100000000239
23553,75.0,[101335],E100001014220,E100001014221
8091,9.16,[6119],E100000124531,E100000123748
8142,100.0,[6119],E100000122088,E100000122047
8173,100.0,[6119],E100000121903,E100000121880
15593,3.16,[6119],E100000129749,E100000001753
8136,100.0,[6119],E100000123011,E100000000273
8225,100.0,[6119],E100000123001,E100000123600
8257,37.85,[6119],E100000122388,E100000000226
8234,51.0,[6119],E100000122382,E100000123604
20007,55.56,[6119],E100000130125,E100000130355
8261,100.0,[6119],E100000123602,E100000000188
8264,100.0,[6119],E100000123674,E100000000188
8290,100.0,[6119],E100000125053,E100001000475
8251,100.0,[6119],E100000123634,E100000000188
8213,91.22,[6119],E100000122719,E100000123587
8260,100.0,[6119],E100000003627,E100000000188
8218,50.0,[6119],E100000122297,E100000122150
8267,100.0,[6119],E100000125456,E100000123611
8232,90.49,[6119],E100000122168,E100000123602
8256,10.0,[6119],E100000122388,E100000123608
8258,7.0,[6119],E100000122388,E100000123609
8262,100.0,[6119],E100000122048,E100000123610
20053,100.0,[6119],E100000130193,E100000130214
8254,2.5,[6119],E100000122388,E100000001753
8242,100.0,[6119],E100000122944,E100000123605
8211,2.7,[6119],E100000122719,E100000001753
8283,45.0,[6119],E100000121866,E100000123615
8238,100.0,[6119],E100000123587,E100000000188
8273,35.0,[6119],E100000122627,E100000123613
18060,0.5,[6119],E100000129820,E100000001753
8217,100.0,[6119],E100000122601,E100000123599
8265,100.0,[6119],E100000121871,E100000000239
8233,5.51,[6119],E100000122168,E100000123603
8210,5.0,[6119],E100000122723,E100000000305
8286,90.0,[6119],E100000121846,E100000001645
8188,100.0,[6119],E100000123574,E100000000273
8282,55.0,[6119],E100000121866,E100000001645
8271,100.0,[6119],E100000122620,E100000000239
8195,8.0,[6119],E100000122705,E100000123590
20026,100.0,[6119],E100000130160,E100000130403
8222,100.0,[6119],E100000122593,E100000121946
17734,6.25,[6119],E100000130012,E100000130095
8253,100.0,[6119],E100000123610,E100000000239
8220,100.0,[6119],E100000123364,E100000000239
8241,100.0,[6119],E100000122913,E100000123605
8230,100.0,[6119],E100000122546,E100000000239
8288,100.0,[6119],E100000125035,E100001000475
8206,5.0,[6119],E100000122730,E100000123597
17701,10.0,[6119],E100000129796,E100000123424
20091,19.67,[6119],E100000130071,E100000128714
8194,28.0,[6119],E100000122705,E100000123588
8226,100.0,[6119],E100000124031,E100000000239
8219,50.0,[6119],E100000122297,E100000000188
8228,51.0,[6119],E100000122548,E100000000239
8275,100.0,[6119],E100001000465,E100001001051
8250,100.0,[6119],E100000123604,E100000123240
8246,100.0,[6119],E100000123622,E100000000239
8281,100.0,[6119],E100000123992,E100000124534
8284,61.0,[6119],E100000121845,E100000001645
8224,100.0,[6119],E100000123600,E100000000239
8269,51.0,[6119],E100000122679,E100000122150
8212,6.08,[6119],E100000122719,E100000000234
8229,49.0,[6119],E100000122548,E100000123601
8187,30.18,[6119],E100000121663,E100000123438
8231,4.0,[6119],E100000122168,E100000001753
17741,100.0,[6119],E100000129800,E100000129996
8189,5.83,[6119],E100000121734,E100000001753
8243,95.0,[6119],E100000122167,E100000000175
20092,21.59,[6119],E100000130071,E100000130162
8259,100.0,[6119],E100000003628,E100000000239
8216,100.0,[6119],E100000123599,E100000000239
8255,42.65,[6119],E100000122388,E100000123604
8276,100.0,[6119],E100000125322,E100001001051
8272,65.0,[6119],E100000122627,E100000122301
8197,9.0,[6119],E100000122705,E100000123589
8208,85.0,[6119],E100000122723,E100000123587
8278,51.0,[6119],E100000121707,E100000001645
18061,99.5,[6119],E100000129820,E100000123261
18010,100.0,[6119],E100000129813,E100000130005
8215,100.0,[6119],E100000122573,E100000003627
13878,100.0,[6119],E100000129803,E100000129911
3337,100.0,"[5120, 6305]",E100000002873,E100000002872
8244,5.0,[6119],E100000122167,E100000123606
18178,98.8,[6119],E100000129821,E100000123261
8190,94.17,[6119],E100000121734,E100000000273
17772,100.0,[6119],E100000129806,E100000129999
8277,100.0,[6119],E100000123242,E100001001051
8266,100.0,[6119],E100000123611,E100000000239
20008,33.33,[6119],E100000130125,E100000130158
8207,40.0,[6119],E100000122730,E100000123596
20093,19.13,[6119],E100000130071,E100000130163
8245,100.0,[6119],E100000003626,E100000000188
8289,100.0,[6119],E100000124430,E100001000475
8240,100.0,[6119],E100000123605,E100000000239
8205,55.0,[6119],E100000122730,E100000123587
21160,13.8,[108562],E100001010381,E100001010429
8221,100.0,[6119],E100000121946,E100000000239
8270,49.0,[6119],E100000122679,E100000123612
8191,49.0,[6119],E100000004108,E100000001401
8209,10.0,[6119],E100000122723,E100000123598
8186,15.0,[6119],E100000121663,E100000123585
8285,39.0,[6119],E100000121845,E100000123616
20006,11.11,[6119],E100000130125,E100000130159
8274,100.0,[6119],E100000123638,E100000000239
18047,27.4,[6119],E100000129816,E100000123261
19532,43.89,[6119],E100000124939,E100000123427
8379,100.0,[6119],E100000125420,E100000123635
8309,13.27,[6119],E100000123112,E100000123621
8341,34.0,[6119],E100000122472,E100001000436
8396,100.0,[6119],E100000122455,E100000123639
8389,1.71,[6119],E100000121842,E100000001753
18088,100.0,[6119],E100000126131,E100000123221
8372,1.29,[6119],E100000124498,E100000001753
8342,15.0,[6119],E100000122472,E100000123630
8390,51.0,[6119],E100000121842,E100000123622
8368,69.92,[6119],E100000124026,E100000000292
8391,47.29,[6119],E100000121842,E100000001667
8378,51.0,[6119],E100000122291,E100000122301
8304,15.0,[6119],E100000122270,E100000123619
16454,51.0,[6119],E100000126127,E100000127794
19165,100.0,[6119],E100000126104,E100000123261
8321,10.0,[6119],E100000123062,E100000123625
8319,3.69,[6119],E100000123062,E100000001753
17485,51.0,[6119],E100000126115,E100000123851
8349,43.0,[6119],E100000122021,E100000123631
8301,10.0,[6119],E100000122270,E100000123620
8323,50.0,[6119],E100000122272,E100000000188
8311,45.0,[6119],E100000123714,E100000123474
8322,74.31,[6119],E100000123062,E100000001667
8348,51.0,[6119],E100000122021,E100000123610
15755,100.0,[6119],E100000126098,E100000127622
8345,21.6,[6119],E100000123588,E100000124537
14500,60.0,[6119],E100000126103,E100000122286
8356,100.0,[6119],E100000123565,E100001000514
19406,100.0,[6119],E100000126113,E100000123261
8307,2.97,[6119],E100000123112,E100000001753
15638,100.0,[6119],E100000126133,E100000123261
8317,51.0,[6119],E100000121826,E100000123622
8353,1.0,[6119],E100000123685,E100000001753
8326,60.0,[6119],E100000122084,E100000122047
8300,100.0,[6119],E100000003161,E100000123255
17987,99.95,[6119],E100000125229,E100000128948
8298,5.95,[6119],E100000123255,E100000124536
8296,5.71,[6119],E100000123255,E100000001753
20113,98.62,[6119],E100000126125,E100000123261
8347,39.19,[6119],E100000123588,E100000000188
8329,65.34,[6119],E100000122101,E100000122047
19541,93.63,[6119],E100000124940,E100000128990
8337,40.0,[6119],E100000122893,E100000000157
8355,100.0,[6119],E100000123633,E100000123685
8339,100.0,[6119],E100000122891,E100000000188
21154,24.0,[],E100000120318,E100000000273
8338,60.0,[6119],E100000122893,E100000123240
19530,30.19,[6119],E100000124939,E100000128985
8336,51.0,[6119],E100000122271,E100000000188
19531,10.48,[6119],E100000124939,E100000130345
19529,9.06,[6119],E100000124939,E100000001753
19533,6.37,[6119],E100000124939,E100000128986
8299,82.15,[6119],E100000123255,E100000123505
8305,100.0,[6119],E100000122658,E100000122620
8327,30.0,[6119],E100000122084,E100000123626
8306,100.0,[6119],E100000125479,E100000123559
8334,100.0,[6119],E100000123671,E100000122143
8332,75.0,[6119],E100000123097,E100000123051
8325,10.0,[6119],E100000122084,E100000123627
8350,6.0,[6119],E100000122021,E100000123632
8302,55.0,[6119],E100000122270,E100000123240
8369,12.2,[6119],E100000124026,E100000124539
8366,9.76,[6119],E100000124026,E100000000293
8367,8.13,[6119],E100000124026,E100000124540
21155,,[],E100000120397,E100000000273
8385,100.0,[6119],E100000121981,E100000123638
8330,28.2,[6119],E100000122101,E100000123449
8328,6.46,[6119],E100000122101,E100000001753
8373,98.71,[6119],E100000124498,E100000125055
8351,100.0,[6119],E100000122127,E100000122143
8360,100.0,[6119],E100000123071,E100000122150
8297,6.18,[6119],E100000123255,E100000000314
8358,100.0,[6119],E100000124063,E100001000514
8340,51.0,[6119],E100000122472,E100000123240
8344,100.0,[6119],E100000121961,E100000000188
8303,20.0,[6119],E100000122270,E100000123618
8324,50.0,[6119],E100000122272,E100000121973
8374,100.0,[6119],E100000122415,E100000123634
14396,100.0,[6119],E100000126097,E100000123261
8308,83.77,[6119],E100000123112,E100000000188
16651,71.59,[6119],E100000126134,E100000127371
8352,100.0,[6119],E100000121804,E100000123633
8312,100.0,[6119],E100000123733,E100000000188
8315,100.0,[6119],E100000121648,E100000121649
8354,99.0,[6119],E100000123685,E100000123261
8295,100.0,[6119],E100000123296,E100000124535
8357,100.0,[6119],E100000122783,E100001000514
8346,39.21,[6119],E100000123588,E100000000239
8316,44.0,[6119],E100000121826,E100000123430
8310,55.0,[6119],E100000123714,E100000123605
8320,12.0,[6119],E100000123062,E100000123624
16923,100.0,[6119],E100000126120,E100000127920
15190,38.67,[6119],E100000125332,E100000129101
8394,74.4,[6119],E100000122011,E100000123638
8362,100.0,[6119],E100000123564,E100001000514
8395,25.6,[6119],E100000122011,E100000123475
8318,5.0,[6119],E100000121826,E100000123623
8333,25.0,[6119],E100000123097,E100000123628
8405,100.0,[6119],E100000123000,E100000123600
19559,88.14,[6119],E100000126209,E100000123261
19883,50.0,[6119],E100000126180,E100000128257
8462,4.0,[6119],E100000122331,E100000001753
8438,100.0,[6119],E100000122562,E100000122546
17109,100.0,[6119],E100000126175,E100000125099
8420,10.0,[6119],E100000122338,E100000123642
8490,20.0,[6119],E100000122036,E100000123552
8489,9.0,[6119],E100000122036,E100000123658
8486,51.0,[6119],E100000122977,E100000123605
8459,60.0,[6119],E100000122941,E100000122150
8496,22.39,[6119],E100000123008,E100000123563
8416,60.0,[6119],E100000122532,E100000122546
8491,20.0,[6119],E100000122036,E100000123657
8409,12.16,[6119],E100000123559,E100000123558
17999,65.0,[6119],E100000126228,E100000128045
8448,56.61,[6119],E100000123636,E100000000175
8434,65.0,[6119],E100000122545,E100000122546
8410,66.0,[6119],E100000123558,E100000000175
8440,39.0,[6119],E100000122539,E100000123645
8480,65.0,[6119],E100000123002,E100000123600
8417,40.0,[6119],E100000122532,E100000123641
8421,100.0,[6119],E100000122949,E100000123605
8411,34.0,[6119],E100000123558,E100000000161
18736,100.0,[6119],E100000126148,E100000123261
8458,35.0,[6119],E100000122728,E100000123589
8441,5.0,[6119],E100000122539,E100000000310
8429,56.5,[6119],E100000122527,E100000122546
18616,25.01,[6119],E100000126138,E100000128094
8487,49.0,[6119],E100000122977,E100000123474
16235,51.0,[6119],E100000126183,E100000127732
8473,100.0,[6119],E100000122339,E100000123604
8447,17.4,[6119],E100000123636,E100000001753
8449,16.24,[6119],E100000123636,E100000124542
8408,86.74,[6119],E100000123559,E100000123565
8422,51.0,[6119],E100000122049,E100000000175
8457,5.0,[6119],E100000122728,E100000123652
8415,100.0,[6119],E100000003163,E100000000175
19560,11.81,[6119],E100000126209,E100000124278
8461,10.0,[6119],E100000122941,E100000123474
8484,100.0,[6119],E100000123051,E100000123240
8463,68.96,[6119],E100000122331,E100000123604
16034,80.0,[6119],E100000126161,E100001000398
17963,95.43,[6119],E100000126140,E100000123261
8407,1.09,[6119],E100000123559,E100000001753
8427,50.0,[6119],E100000122528,E100000123316
19199,54.9,[6119],E100000126244,E100000123615
8450,9.75,[6119],E100000123636,E100000124543
16343,4.85,[6119],E100000126194,E100000001753
8418,40.0,[6119],E100000122338,E100000123404
18030,100.0,[6119],E100000126191,E100000128049
8432,49.0,[6119],E100000122533,E100000000310
8431,51.0,[6119],E100000122533,E100000122546
19689,72.17,[6119],E100000126240,E100000124298
8492,11.23,[6119],E100000121850,E100000001753
17286,100.0,[6119],E100000126170,E100000123225
8400,82.9,[6119],E100000123640,E100000123611
17005,100.0,[6119],E100000126143,E100000127929
8478,10.0,[6119],E100000121682,E100000123655
8466,52.0,[6119],E100000121825,E100000000175
20368,74.99,[6119],E100000126138,E100000130629
8451,90.0,[6119],E100000121993,E100000122150
8485,100.0,[6119],E100000122686,E100000123281
8497,100.0,[6119],E100000122348,E100000123604
8460,30.0,[6119],E100000122941,E100000123653
15856,100.0,[6119],E100000126236,E100000123785
8402,100.0,[6119],E100000125448,E100000123640
13905,51.0,[6119],E100000126142,E100000123171
8419,50.0,[6119],E100000122338,E100000123604
8444,70.0,[6119],E100000121862,E100000121871
8495,65.0,[6119],E100000123008,E100000123558
8494,12.61,[6119],E100000123008,E100000000161
8456,60.0,[6119],E100000122728,E100000000175
16529,100.0,[6119],E100000126202,E100000127818
8464,27.04,[6119],E100000122331,E100000000226
14835,100.0,[6119],E100000126187,E100000123309
8425,56.77,[6119],E100000122540,E100000122546
8404,100.0,[6119],E100000121995,E100000123638
8481,35.0,[6119],E100000123002,E100000123656
17908,48.41,[6119],E100000126231,E100000123274
8430,43.5,[6119],E100000122527,E100000123643
8403,100.0,[6119],E100000122457,E100000123640
8433,35.0,[6119],E100000122545,E100000123316
8401,100.0,[6119],E100000125447,E100000123640
8479,30.0,[6119],E100000121682,E100000123438
8488,51.0,[6119],E100000122036,E100000123610
8439,56.0,[6119],E100000122539,E100000122546
8454,5.0,[6119],E100000121649,E100000123651
8423,100.0,[6119],E100000122534,E100000122546
8428,50.0,[6119],E100000122528,E100000122546
8465,100.0,[6119],E100000122553,E100000122546
8455,21.0,[6119],E100000121649,E100000123650
8477,60.0,[6119],E100000121682,E100000123654
8426,33.33,[6119],E100000122540,E100000000310
8445,18.0,[6119],E100000121862,E100000123647
8452,10.0,[6119],E100000121993,E100000123648
8446,12.0,[6119],E100000121862,E100000123646
18162,60.0,[6119],E100000126314,E100000127226
8553,100.0,[6119],E100000121877,E100000121871
8519,51.0,[6119],E100000123128,E100000123240
14352,20.0,[6119],E100000126517,E100000123373
8528,51.0,[6119],E100000121948,E100000121946
8539,100.0,[6119],E100000121641,E100000123649
8590,5.0,[6119],E100000121709,E100000123675
16623,44.2,[6119],E100000126332,E100000127845
16305,51.0,[6119],E100000126455,E100000127402
8542,24.0,[6119],E100000121710,E100000123663
8537,51.0,[6119],E100000123649,E100000123240
8593,51.0,[6119],E100000121697,E100000123674
8567,30.0,[6119],E100000122638,E100000123670
15240,46.55,[6119],E100000126321,E100000127256
8543,51.0,[6119],E100000121689,E100000123664
17905,17.0,[6119],E100000126469,E100000128040
8541,51.0,[6119],E100000121710,E100000121689
17904,83.0,[6119],E100000126469,E100000123261
8608,5.78,[6119],E100000122479,E100000123681
18130,35.4,[6119],E100000126289,E100000128064
8535,100.0,[6119],E100000121617,E100000123649
8596,15.0,[6119],E100000122517,E100000000175
8544,49.0,[6119],E100000121689,E100000121690
8575,32.0,[6119],E100000122606,E100000123672
8576,17.0,[6119],E100000122606,E100000123339
8613,100.0,[6119],E100000122953,E100000123682
8577,51.0,[6119],E100000122606,E100000123599
8522,51.0,[6119],E100000122542,E100000122546
8563,100.0,[6119],E100000121669,E100000123654
16752,49.0,[6119],E100000126371,E100000123261
18417,100.0,[6119],E100000126356,E100000123324
8514,10.0,[6119],E100000123124,E100000000241
8561,100.0,[6119],E100000123003,E100000123600
8599,70.0,[6119],E100000003162,E100000003626
8512,30.0,[6119],E100000123122,E100000000310
8580,25.0,[6119],E100000122349,E100000000226
8520,40.0,[6119],E100000123128,E100000000310
8598,35.0,[6119],E100000122517,E100000123486
14675,51.0,[6119],E100000126293,E100000123261
8534,100.0,[6119],E100000121625,E100000123649
8591,23.0,[6119],E100000121709,E100000000186
8531,60.0,[6119],E100000122558,E100000122546
15177,100.0,[6119],E100000126318,E100000123298
8584,51.0,[6119],E100000122419,E100000123634
8533,100.0,[6119],E100000122426,E100000000175
8594,14.0,[6119],E100000121697,E100000123677
8595,5.0,[6119],E100000121697,E100000123678
16460,51.0,[6119],E100000126336,E100000127796
8540,25.0,[6119],E100000121710,E100000123261
8607,27.29,[6119],E100000122479,E100000001753
8610,51.0,[6119],E100000122479,E100000123679
18106,51.0,[6119],E100000126303,E100000123172
17271,15.0,[6119],E100000126407,E100000127972
8546,25.0,[6119],E100000121698,E100000123665
8583,98.94,[6119],E100000122119,E100000123610
19548,100.0,[6119],E100000126259,E100000123261
8585,49.0,[6119],E100000122419,E100000121611
15075,100.0,[6119],E100000126536,E100000126327
8589,72.0,[6119],E100000121709,E100000123674
8521,9.0,[6119],E100000123128,E100000000315
8560,100.0,[6119],E100000123251,E100000123611
8529,49.0,[6119],E100000121948,E100000123662
8566,70.0,[6119],E100000122638,E100000000175
8581,100.0,[6119],E100000122464,E100000123611
8518,40.0,[6119],E100000123141,E100000000310
8515,40.0,[6119],E100000123124,E100000000310
8555,48.92,[6119],E100000122535,E100000122546
8570,100.0,[6119],E100000122135,E100000122143
15479,100.0,[6119],E100000126254,E100000127592
8587,100.0,[6119],E100000122587,E100000122150
8513,50.0,[6119],E100000123124,E100000123240
8517,60.0,[6119],E100000123141,E100000123240
19477,100.0,[6119],E100000126330,E100000127239
8579,20.0,[6119],E100000122349,E100000123673
16115,30.0,[6119],E100000126381,E100000127700
8569,100.0,[6119],E100000122122,E100000123671
17927,100.0,[6119],E100000126257,E100000124362
8601,100.0,[6119],E100000122473,E100000123251
8597,50.0,[6119],E100000122517,E100000123392
8592,30.0,[6119],E100000121697,E100000123676
8611,2.78,[6119],E100000123300,E100000001753
8523,49.0,[6119],E100000122542,E100000000310
8536,100.0,[6119],E100000121620,E100000123649
8586,100.0,[6119],E100000122456,E100000123640
16306,49.0,[6119],E100000126455,E100000127747
16141,100.0,[6119],E100000126266,E100000127705
17968,75.0,[6119],E100000126392,E100000123752
16197,45.0,[6119],E100000126346,E100000127719
8605,89.58,[6119],E100000123980,E100000125538
14353,70.0,[6119],E100000126517,E100000127454
8602,100.0,[6119],E100000121706,E100000123664
8516,100.0,[6119],E100000003164,E100000123240
17018,54.66,[6119],E100000126267,E100000127931
8612,97.22,[6119],E100000123300,E100000125539
14354,5.0,[6119],E100000126517,E100000130221
14351,5.0,[6119],E100000126517,E100000130222
8545,75.0,[6119],E100000121698,E100000121689
8554,51.02,[6119],E100000122535,E100000000239
8578,55.0,[6119],E100000122349,E100000123604
8532,40.0,[6119],E100000122558,E100000123644
8715,100.0,[6119],E100000122152,E100000123237
23554,25.0,[101335],E100001014220,E100000000656
8687,80.0,[6119],E100000122073,E100000123237
8703,0.96,[6119],E100000121962,E100000001753
8708,100.0,[6119],E100000122642,E100000123691
8686,10.0,[6119],E100000122645,E100000000298
8710,100.0,[6119],E100000123393,E100000123395
8636,40.0,[6119],E100000122276,E100000123395
8663,100.0,[6119],E100000121628,E100000000181
8671,65.0,[6119],E100000122623,E100000123691
8641,100.0,[6119],E100000122161,E100000123685
8622,60.0,[6119],E100000122027,E100000123237
8633,0.44,[6119],E100000122104,E100000001753
8615,100.0,[6119],E100000123683,E100000123682
8662,100.0,[6119],E100000123153,E100000000181
8712,70.21,[6119],E100000122653,E100000123691
8680,100.0,[6119],E100000122682,E100000123691
8693,100.0,[6119],E100000002783,E100000000163
16316,100.0,[6119],E100000126579,E100000123301
8718,3.09,[6119],E100000121874,E100000001753
8701,100.0,[6119],E100000002780,E100000000163
8652,96.37,[6119],E100000121987,E100000121990
15059,68.89,[6119],E100000126554,E100000123544
8681,80.0,[6119],E100000122624,E100000123691
8632,29.0,[6119],E100000121920,E100000121973
8620,58.0,[6119],E100000002789,E100000002780
8654,100.0,[6119],E100000125449,E100000123689
8695,100.0,[6119],E100000123237,E100000000163
8669,35.0,[6119],E100000122644,E100000123692
8628,100.0,[6119],E100000123546,E100000000163
8614,100.0,[6119],E100000122972,E100000123683
19461,65.0,[6119],E100000126682,E100000123419
8696,100.0,[6119],E100000002788,E100000002783
16349,97.69,[6119],E100000126564,E100000127764
8690,100.0,[6119],E100000002779,E100000000195
17909,100.0,[6119],E100000126651,E100000123274
8713,29.79,[6119],E100000122653,E100000123695
8647,100.0,[6119],E100000122171,E100000121754
8682,20.0,[6119],E100000122624,E100000123612
8679,100.0,[6119],E100000123004,E100000123693
16348,2.31,[6119],E100000126564,E100000001753
8653,100.0,[6119],E100000123689,E100000000163
8683,100.0,[6119],E100000002781,E100000000181
8651,3.63,[6119],E100000121987,E100000001753
8707,100.0,[6119],E100000122708,E100000002786
8672,35.0,[6119],E100000122623,E100000123692
8655,100.0,[6119],E100000125450,E100000123690
8714,100.0,[6119],E100000122654,E100000123691
8649,6.0,[6119],E100000002784,E100000000237
8616,100.0,[6119],E100000122974,E100000123682
8629,100.0,[6119],E100000002778,E100000000181
8635,51.29,[6119],E100000122104,E100000123480
8634,48.27,[6119],E100000122104,E100000123237
8650,94.0,[6119],E100000002784,E100000002783
8638,100.0,[6119],E100000122278,E100000000181
17079,58.8,[6119],E100000126627,E100000127940
16326,18.0,[6119],E100000126576,E100000127755
18018,6.61,[6119],E100000130100,E100000125780
23828,13.0,[102542],E100001014630,E100001014635
8684,100.0,[6119],E100000123021,E100000000163
8660,100.0,[6119],E100000002782,E100000000181
8656,100.0,[6119],E100000122458,E100000123689
8720,38.94,[6119],E100000121874,E100000121901
8637,60.0,[6119],E100000122276,E100000123393
16327,51.0,[6119],E100000126576,E100001000451
8630,10.0,[6119],E100000121920,E100000123684
8659,100.0,[6119],E100000125458,E100000000181
16325,15.0,[6119],E100000126576,E100000127756
8688,20.0,[6119],E100000122073,E100000123694
17102,100.0,[6119],E100000126735,E100000125099
8631,61.0,[6119],E100000121920,E100000121919
14969,33.33,[6119],E100000126628,E100000123533
8709,100.0,[6119],E100000121994,E100000121990
8673,100.0,[6119],E100000122656,E100000123691
16328,12.0,[6119],E100000126576,E100000127757
8668,65.0,[6119],E100000122644,E100000123691
8626,100.0,[6119],E100000122707,E100000002786
8627,100.0,[6119],E100000122710,E100000002786
8685,90.0,[6119],E100000122645,E100000122654
14229,30.0,[6119],E100000126746,E100000123261
14970,66.67,[6119],E100000126628,E100000124519
14275,49.0,[6119],E100000126630,E100000127460
17051,100.0,[6119],E100000126655,E100000123822
14230,70.0,[6119],E100000126746,E100000127457
8675,100.0,[6119],E100000122915,E100000000163
8719,20.0,[6119],E100000121874,E100000123696
16321,100.0,[6119],E100000126572,E100000123261
8694,100.0,[6119],E100000121919,E100000000181
8676,100.0,[6119],E100000122950,E100000122915
16320,100.0,[6119],E100000126693,E100000130233
16258,100.0,[6119],E100000126653,E100000127724
8689,100.0,[6119],E100000121834,E100000000195
8661,100.0,[6119],E100000122476,E100000000181
8674,100.0,[6119],E100000002786,E100000000163
17103,100.0,[6119],E100000126764,E100000125099
8619,42.0,[6119],E100000002789,E100000123293
8640,51.0,[6119],E100000121621,E100000121628
17285,100.0,[6119],E100000126697,E100000123261
8793,5.56,[6119],E100000004215,E100000000212
8743,60.0,[6119],E100000122648,E100000123691
8731,100.0,[6119],E100000123691,E100000000163
8796,20.0,[6119],E100000004217,E100000123709
8752,100.0,[6119],E100000121990,E100000000181
8744,40.0,[6119],E100000122648,E100000123692
8751,20.0,[6119],E100000122748,E100000123461
8780,100.0,[6119],E100000124549,E100000123706
8764,44.23,[6119],E100000125056,E100000125766
8787,100.0,[6119],E100000124552,E100000123261
8812,25.0,[6119],E100000122585,E100000123710
8741,85.0,[6119],E100000002785,E100000002786
19789,30.0,[6119],E100000126791,E100000128237
8737,100.0,[6119],E100000125466,E100000123691
8822,100.0,[6119],E100000123396,E100000123211
8771,5.0,[6119],E100000123630,E100000124546
8742,15.0,[6119],E100000002785,E100000123701
8721,37.96,[6119],E100000121874,E100000121893
22308,12.6,[11917],E100001010904,E100001011278
8774,100.0,[6119],E100000123705,E100000122477
8749,100.0,[6119],E100000122006,E100000121990
8770,95.0,[6119],E100000123630,E100000125540
8821,100.0,[6119],E100000004218,E100000123710
16557,55.0,[6119],E100000126797,E100000127827
8781,100.0,[6119],E100000122484,E100000123706
20453,10.0,[6498],E100001010314,E100001010320
8814,5.0,[6119],E100000123447,E100000124551
8726,46.62,[6119],E100000122459,E100000123698
8735,100.0,[6119],E100000125463,E100000123691
8732,100.0,[6119],E100000125468,E100000123700
8789,49.0,[6119],E100000004219,E100000123396
8738,100.0,[6119],E100000122647,E100000123691
8734,100.0,[6119],E100000125467,E100000123691
22444,42.2,[74067],E100000002162,E100001011405
8826,12.22,[6119],E100000124495,E100000125060
15015,100.0,[6119],E100000126770,E100000124252
8756,51.0,[6119],E100000121984,E100000123703
8736,100.0,[6119],E100000125462,E100000123691
8769,100.0,[6119],E100000124546,E100000125540
8763,51.0,[6119],E100000125056,E100000125278
8768,100.0,[6119],E100000123680,E100000124545
8759,3.87,[6119],E100000123704,E100000001753
8817,100.0,[6119],E100000124974,E100000125058
8824,100.0,[6119],E100000122588,E100000123711
8783,95.0,[6119],E100000123706,E100000125541
22564,62.58,[74817],E100000121107,E100001011560
8775,1.0,[6119],E100000123722,E100000001753
8761,56.41,[6119],E100000123704,E100000124544
8818,100.0,[6119],E100000123990,E100000124552
8733,100.0,[6119],E100000125465,E100000123691
8757,49.0,[6119],E100000121984,E100000123704
8723,70.0,[6119],E100000122712,E100000002786
16838,92.0,[6119],E100000126793,E100000127908
8825,4.99,[6119],E100000124495,E100000001753
8750,80.0,[6119],E100000122748,E100000002786
8785,100.0,[6119],E100000123044,E100000123707
8755,100.0,[6119],E100000124543,E100000123280
8784,100.0,[6119],E100000123679,E100000124550
8745,70.0,[6119],E100000122768,E100000002786
8813,80.0,[6119],E100000123447,E100000000254
8792,14.29,[6119],E100000004215,E100000123708
8746,30.0,[6119],E100000122768,E100000123702
8765,100.0,[6119],E100000122478,E100000122479
8762,4.77,[6119],E100000125056,E100000001753
8795,65.0,[6119],E100000004217,E100000000213
8777,69.0,[6119],E100000123722,E100000124547
8727,41.0,[6119],E100000122966,E100000122915
8815,15.0,[6119],E100000123447,E100000000284
8827,82.79,[6119],E100000124495,E100000125059
21963,100.0,"[11193, 5096]",E100000132552,E100001000065
8820,100.0,[6119],E100000124078,E100000123261
8722,30.0,[6119],E100000122712,E100000123697
8754,100.0,[6119],E100000125278,E100000125796
8776,30.0,[6119],E100000123722,E100000124548
8816,100.0,[6119],E100000125279,E100000125344
16837,6.0,[6119],E100000126793,E100000123261
8823,100.0,[6119],E100000123709,E100000123211
8778,100.0,[6119],E100000124548,E100000123261
21670,50.0,"[8010, 8011]",E100001010836,E100000131940
8725,46.62,[6119],E100000122459,E100000123689
8779,100.0,[6119],E100000124545,E100000124546
18535,92.5,[6119],E100000126786,E100000123261
16836,2.0,[6119],E100000126793,E100000001753
23926,38.6,[104570],E100001014780,E100001014781
8804,100.0,[6119],E100000000282,E100000125542
8760,39.72,[6119],E100000123704,E100001000465
21817,,"[10558, 10559]",E100001010921,E100001010922
8730,100.0,[6119],E100000121735,E100000122273
8791,100.0,[6119],E100000124492,E100000125057
23829,39.0,[102549],E100001014636,E100001014612
8798,100.0,[6119],E100000004216,E100000000213
8758,100.0,[6119],E100000124544,E100000125056
8729,30.0,[6119],E100000122966,E100000000226
8748,97.38,[6119],E100000122003,E100000121990
8794,80.15,[6119],E100000004215,E100000121694
8802,64.0,[6119],E100000122568,E100000001645
8819,100.0,[6119],E100000123711,E100000125543
8861,100.0,[6119],E100000124556,E100000125668
8934,100.0,[6119],E100000124955,E100000125669
8836,100.0,[6119],E100000123211,E100000000282
8912,50.0,[6119],E100000122538,E100000122548
8922,100.0,[6119],E100000122536,E100000123644
8908,94.0,[6119],E100000123416,E100000123415
8867,100.0,[6119],E100000122833,E100000123717
8828,16.38,[6119],E100000124762,E100000125061
8863,2.0,[6119],E100000122831,E100000001753
14432,18.0,[6119],E100000127489,E100000128327
8898,99.22,[6119],E100000124983,E100000125064
8839,17.92,[6119],E100000123193,E100000123261
8872,20.0,[6119],E100000122870,E100000123719
8887,100.0,[6119],E100000122120,E100000123721
18733,48.0,[6119],E100000127359,E100000128106
8918,20.0,[6119],E100000122544,E100000123728
16916,30.0,[6119],E100000127211,E100000123261
8838,4.23,[6119],E100000123193,E100000001753
8858,50.0,[6119],E100000123033,E100000123715
8860,5.0,[6119],E100000123033,E100000123716
8849,100.0,[6119],E100000125062,E100000125767
8891,35.0,[6119],E100000003654,E100000123724
8844,100.0,[6119],E100000124554,E100000123261
8927,5.28,[6119],E100000122543,E100000123729
8829,6.3,[6119],E100000000283,E100000124553
8864,52.75,[6119],E100000122831,E100000123717
8848,100.0,[6119],E100000124555,E100000125062
8919,100.0,[6119],E100000123728,E100000124559
8855,11.78,[6119],E100000124617,E100000001753
21818,100.0,[10560],E100000002929,E100000120404
8899,100.0,[6119],E100000122560,E100000000213
8895,35.0,[6119],E100000122541,E100000123316
8851,19.0,[6119],E100000122387,E100000123572
8907,6.0,[6119],E100000123416,E100000124558
8831,1.57,[6119],E100000123710,E100000001753
8892,30.0,[6119],E100000003654,E100000001599
8917,80.0,[6119],E100000122544,E100000123727
8873,60.0,[6119],E100000122870,E100000123717
8879,98.0,[6119],E100000125063,E100000123261
21671,99.0,"[8013, 8014]",E100001010838,E100000132300
8901,51.0,[6119],E100000123724,E100000001740
16951,100.0,[6119],E100000127307,E100000127923
22309,7.3,[11917],E100001010904,E100001011279
8835,30.0,[6119],E100000004213,E100000123211
8842,100.0,[6119],E100000000281,E100000125667
8889,95.0,[6119],E100000122325,E100000123722
8865,36.84,[6119],E100000122831,E100000123718
8846,87.75,[6119],E100000123853,E100000124554
8893,35.0,[6119],E100000003654,E100000000244
8832,98.43,[6119],E100000123710,E100000123396
8920,89.4,[6119],E100000123644,E100000123601
17540,41.08,[6119],E100000127261,E100000128007
16970,100.0,[6119],E100000127232,E100000000261
8933,98.85,[6119],E100000000244,E100000123261
8859,45.0,[6119],E100000123033,E100000121878
8896,65.0,[6119],E100000122541,E100000000157
8878,2.0,[6119],E100000125063,E100000001753
8856,88.22,[6119],E100000124617,E100000123261
19243,100.0,[6119],E100000127293,E100000123261
8890,5.0,[6119],E100000122325,E100000123723
8911,50.0,[6119],E100000122538,E100000122150
8931,100.0,[6119],E100000000243,E100000123261
16918,100.0,[6119],E100000127365,E100000123838
8926,94.72,[6119],E100000122543,E100000123261
8902,100.0,[6119],E100000123601,E100000124557
8847,100.0,[6119],E100000123104,E100000123707
8862,100.0,[6119],E100000123471,E100000125545
8909,0.16,[6119],E100000123645,E100000001753
16309,74.0,[6119],E100000126801,E100000127748
8900,49.0,[6119],E100000123724,E100000000244
8841,100.0,[6119],E100000125318,E100000123261
8910,7.95,[6119],E100000123645,E100001000465
8914,99.2,[6119],E100000122549,E100000123261
19193,40.0,[6119],E100000127176,E100000128136
14430,18.0,[6119],E100000127489,E100000128325
8916,51.0,[6119],E100000122551,E100000000310
8840,77.85,[6119],E100000123193,E100000123712
8870,95.97,[6119],E100000124392,E100000124393
8843,100.0,[6119],E100000004214,E100000123396
8868,100.0,[6119],E100000124391,E100000123261
8830,93.7,[6119],E100000000283,E100000125544
8869,4.03,[6119],E100000124392,E100000001753
15151,85.0,[6119],E100000127249,E100000127559
16511,100.0,[6119],E100000127234,E100000127816
8886,72.3,[6119],E100000124004,E100000123261
8897,0.78,[6119],E100000124983,E100000001753
8871,20.0,[6119],E100000122870,E100000123720
8877,100.0,[6119],E100000125475,E100000123717
8850,3.0,[6119],E100000122387,E100000001753
8881,29.46,[6119],E100000124393,E100000001753
8883,49.32,[6119],E100000124393,E100000125063
19191,55.0,[6119],E100000127176,E100000128153
8885,27.7,[6119],E100000124004,E100000001753
8913,0.8,[6119],E100000122549,E100000001753
8852,100.0,[6119],E100000123642,E100000124555
19192,5.0,[6119],E100000127176,E100000128154
8928,100.0,[6119],E100000122555,E100000122543
8915,49.0,[6119],E100000122551,E100000123573
8932,1.15,[6119],E100000000244,E100000001753
8940,40.0,[6119],E100000123139,E100000000241
8955,100.0,[6119],E100000124567,E100000125671
9025,100.0,[6119],E100001000433,E100000124573
14380,55.0,[6119],E100000127389,E100000127476
8998,65.0,[6119],E100000121622,E100000123261
8984,72.82,[6119],E100000121638,E100000000170
8997,100.0,[6119],E100000121615,E100000123734
8941,2.12,[6119],E100000123731,E100000001753
9027,55.0,[6119],E100000122406,E100000122607
9015,65.0,[6119],E100000124115,E100000123324
9034,60.0,[6119],E100000122407,E100000123738
18083,99.92,[6119],E100000127380,E100000123261
19203,100.0,[6119],E100000127383,E100000123261
9038,4.09,[6119],E100000122155,E100000001753
8996,54.92,[6119],E100000123650,E100001000451
8942,97.88,[6119],E100000123731,E100000124561
9032,1.25,[6119],E100000122407,E100000001753
13760,2.67,[6119],E100000127414,E100000001753
8959,60.0,[6119],E100000124568,E100000125672
8938,30.0,[6119],E100000123139,E100000123731
14393,100.0,[6119],E100000127390,E100000127482
8957,90.0,[6119],E100000124562,E100000125672
9037,99.87,[6119],E100000123005,E100000123740
8971,40.0,[6119],E100000123315,E100000124562
8950,9.89,[6119],E100000125066,E100001000032
8973,100.0,[6119],E100000003653,E100000001340
20927,100.0,[],E100000132329,E100000131254
9020,7.83,[6119],E100000123155,E100000001753
8969,77.89,[6119],E100000124038,E100000123261
8951,90.05,[6119],E100000124563,E100000125065
8967,100.0,[6119],E100000125324,E100000125345
9024,50.0,[6119],E100000121980,E100000122000
8978,99.0,[6119],E100000124561,E100000125069
8948,50.11,[6119],E100000123732,E100000124562
9035,100.0,[6119],E100000125327,E100000123261
8958,10.0,[6119],E100000124562,E100001000032
9026,100.0,[6119],E100000125058,E100000125279
9021,37.17,[6119],E100000123155,E100000123261
8977,1.0,[6119],E100000124561,E100000001753
9028,100.0,[6119],E100000123739,E100000123261
8990,8.55,[6119],E100000125396,E100000001753
8946,5.62,[6119],E100000123732,E100000124564
8947,5.62,[6119],E100000123732,E100000124566
8945,5.62,[6119],E100000123732,E100000124565
9031,98.05,[6119],E100000124721,E100000123261
8943,100.0,[6119],E100000123417,E100000121878
8954,100.0,[6119],E100000124564,E100000125066
8961,10.0,[6119],E100000124568,E100001000032
8972,100.0,[6119],E100000003652,E100000000241
8936,3.52,[6119],E100000123138,E100000001753
8953,100.0,[6119],E100000124565,E100000125670
15869,100.0,[6119],E100000127410,E100000128417
9022,55.0,[6119],E100000123155,E100000123737
19162,100.0,[6119],E100000127367,E100000128143
8962,69.75,[6119],E100000124435,E100000123261
9019,50.0,[6119],E100000121651,E100000001366
8963,30.25,[6119],E100000124435,E100000125068
9033,15.0,[6119],E100000122407,E100000123739
8956,100.0,[6119],E100000125067,E100000125672
8939,30.0,[6119],E100000123139,E100000123732
17767,70.0,[6119],E100000127387,E100000124321
15943,17.0,[6119],E100000127431,E100000126851
8991,65.81,[6119],E100000125396,E100000123261
8999,35.0,[6119],E100000121622,E100000123686
9000,100.0,[6119],E100000124658,E100000125673
19936,100.0,[6119],E100000127370,E100000127476
8986,3.0,[6119],E100000121650,E100000001753
9018,50.0,[6119],E100000121651,E100000123650
9014,35.0,[6119],E100000124115,E100000124572
8975,100.0,[6119],E100000125065,E100000125547
8982,51.0,[6119],E100000124357,E100000124569
9036,0.13,[6119],E100000123005,E100000001753
8935,70.0,[6119],E100000123414,E100000123261
9012,39.0,[6119],E100001000451,E100000124116
18001,97.5,[6119],E100000127415,E100000123261
8987,97.0,[6119],E100000121650,E100000000213
8937,73.51,[6119],E100000123138,E100000123730
8985,22.59,[6119],E100000121638,E100000123733
14379,45.0,[6119],E100000127389,E100000125029
8988,65.0,[6119],E100000121655,E100000000213
9005,46.0,[6119],E100000121634,E100000001366
9003,1.2,[6119],E100000121634,E100000001753
9017,80.0,[6119],E100000121613,E100000123735
8944,33.03,[6119],E100000123732,E100000124563
9040,7.67,[6119],E100000122155,E100000123743
9004,52.8,[6119],E100000121634,E100000121628
9013,100.0,[6119],E100000124116,E100000125503
9023,50.0,[6119],E100000121980,E100000123261
9016,20.0,[6119],E100000121613,E100000123736
23830,100.0,[102555],E100001014637,E100001014388
8979,10.0,[6119],E100000122774,E100000001753
9041,76.73,[6119],E100000122155,E100000123741
9011,100.0,[6119],E100000124981,E100000125503
8980,90.0,[6119],E100000122774,E100000125492
8952,9.95,[6119],E100000124563,E100001000032
8960,30.0,[6119],E100000124568,E100000125067
8949,90.11,[6119],E100000125066,E100000125065
8976,100.0,[6119],E100000124107,E100000124568
15759,7.71,[6119],E100000127423,E100000001753
9145,70.0,[6119],E100000123460,E100000125551
9053,90.0,[6119],E100000123743,E100000123741
9066,100.0,[6119],E100000123652,E100000125549
9064,100.0,[6119],E100000124578,E100000123261
9120,15.0,[6119],E100000122807,E100000123761
9073,62.49,[6119],E100000122704,E100000122784
9075,10.72,[6119],E100000122704,E100000123749
20929,99.86,"[10527, 10528]",E100000132195,E100000132331
9062,100.0,[6119],E100000124230,E100000124577
9092,17.5,[6119],E100000124140,E100000124582
9085,79.26,[6119],E100000124321,E100000124133
9098,60.31,[6119],E100000123754,E100000124584
9084,20.74,[6119],E100000124321,E100000123329
9045,10.0,[6119],E100000004361,E100000123745
21964,63.03,[11195],E100000120295,E100001011022
9127,99.0,[6119],E100000122859,E100000123756
9099,100.0,[6119],E100000123755,E100000124584
9056,25.16,[6119],E100000123229,E100001000472
9058,23.84,[6119],E100000123229,E100000123274
9146,10.0,[6119],E100000123460,E100000124453
9096,60.0,[6119],E100000003996,E100000123754
9138,95.0,[6119],E100000122750,E100000123768
9108,51.0,[6119],E100000122860,E100000123756
14332,100.0,[6119],E100000127467,E100000123382
9121,74.01,[6119],E100000122807,E100000123760
19153,100.0,[6119],E100000127461,E100000128153
9111,34.0,[6119],E100000124194,E100000122806
14403,100.0,[6119],E100000127444,E100000123261
9065,100.0,[6119],E100000124579,E100000123261
9119,100.0,[6119],E100000124098,E100000125550
9054,51.0,[6119],E100000123228,E100001000472
9060,90.0,[6119],E100000121815,E100000122571
9091,17.5,[6119],E100000124140,E100000123261
9078,100.0,[6119],E100000125070,E100000125768
9057,51.0,[6119],E100000123229,E100000123228
9061,10.0,[6119],E100000121815,E100000000194
15683,100.0,[6119],E100000127463,E100001000472
13956,100.0,[6119],E100000127445,E100000000273
9090,4.36,[6119],E100000124140,E100000001753
9081,96.77,[6119],E100000124586,E100000123261
9086,29.4,[6119],E100000123753,E100000124580
9148,100.0,[6119],E100000124842,E100000125075
9109,31.0,[6119],E100000124194,E100000122805
21819,99.98,[10562],E100000132524,E100001000113
9106,45.75,[6119],E100000124584,E100000001660
9088,100.0,[6119],E100000125473,E100000123753
9143,100.0,[6119],E100000123771,E100000123730
9131,100.0,[6119],E100000122721,E100000122711
9069,84.51,[6119],E100000123773,E100000001753
9144,20.0,[6119],E100000123460,E100000124585
9123,100.0,[6119],E100000124959,E100000123794
9063,12.5,[6119],E100000122378,E100000123747
14770,15.0,[6119],E100000127464,E100000123261
9110,35.0,[6119],E100000124194,E100000123758
9047,100.0,[6119],E100000123963,E100000124574
9087,51.0,[6119],E100000123753,E100000000239
9097,39.69,[6119],E100000123754,E100000001753
9101,17.96,[6119],E100000124584,E100000001753
14096,100.0,[6119],E100000127442,E100000125029
9126,1.0,[6119],E100000122859,E100000001753
9082,2.82,[6119],E100000122711,E100000001753
9094,100.0,[6119],E100000123598,E100000124583
9093,60.64,[6119],E100000124140,E100000124581
9105,11.83,[6119],E100000124584,E100000125071
9102,11.41,[6119],E100000124584,E100000125072
9116,100.0,[6119],E100000122808,E100000123261
9104,7.98,[6119],E100000124584,E100000125073
9103,5.07,[6119],E100000124584,E100000125074
9051,99.93,[6119],E100000124042,E100000124576
21672,50.0,[8017],E100000120656,E100001000408
18026,10.0,[6119],E100000129260,E100000129814
9052,10.0,[6119],E100000123743,E100000124461
9125,100.0,[6119],E100000123384,E100000123261
9083,97.18,[6119],E100000122711,E100000123752
9124,100.0,[6119],E100000000253,E100000123261
9044,100.0,[6119],E100000125280,E100000125346
9079,100.0,[6119],E100000124884,E100000125070
9080,3.23,[6119],E100000124586,E100000001753
9095,40.0,[6119],E100000003996,E100000123234
9139,47.09,[6119],E100000122770,E100000001753
14437,13.85,[6119],E100000127491,E100000127492
9147,100.0,[6119],E100000124373,E100000123261
9050,100.0,[6119],E100000123964,E100000124575
18024,83.4,[6119],E100000130154,E100000125780
9055,49.0,[6119],E100000123228,E100000123746
9122,10.99,[6119],E100000122807,E100000123762
9136,38.41,[6119],E100000123265,E100000123765
14153,8.0,[6119],E100000127450,E100000128312
19347,100.0,[6119],E100000127466,E100000123261
22310,7.3,[11917],E100001010904,E100001011280
9059,100.0,[6119],E100000123648,E100000125548
9070,7.74,[6119],E100000123773,E100000124578
9107,49.0,[6119],E100000122860,E100000123757
9089,100.0,[6119],E100000125471,E100000123753
9137,5.0,[6119],E100000122750,E100000123261
18023,16.6,[6119],E100000130154,E100000130153
9208,10.0,[6119],E100000124005,E100000124453
9222,86.95,[6119],E100000122801,E100000123786
9185,13.63,[6119],E100000124581,E100000125077
9186,13.37,[6119],E100000124581,E100000125078
9183,5.0,[6119],E100000124581,E100000125080
15814,98.0,[6119],E100000127636,E100000123261
9246,100.0,[6119],E100000124453,E100000125675
14392,80.0,[6119],E100000127485,E100000128319
9192,2.56,[6119],E100000122803,E100000001753
9178,100.0,[6119],E100000122772,E100000123769
9212,100.0,[6119],E100000003997,E100000122871
9168,99.61,[6119],E100000123752,E100000123261
9149,100.0,[6119],E100000125348,E100000125377
9191,100.0,[6119],E100000122790,E100000123778
9221,7.34,[6119],E100000122801,E100000123261
9235,98.0,[6119],E100000123789,E100000123261
9159,57.26,[6119],E100000123751,E100000124586
14315,100.0,[6119],E100000127472,E100000123368
9210,0.2,[6119],E100000124680,E100000001753
9226,100.0,[6119],E100000125177,E100000123261
9197,61.78,[6119],E100000122809,E100000123261
17689,95.9,[6119],E100000127505,E100000123261
9251,9.42,[6119],E100000124701,E100000124453
9242,100.0,[6119],E100000123591,E100000125555
9211,99.8,[6119],E100000124680,E100000123261
9205,100.0,[6119],E100000124045,E100000122784
9249,10.0,[6119],E100000125347,E100000124453
14344,100.0,[6119],E100000127470,E100000127467
9248,90.0,[6119],E100000125347,E100000125675
9213,60.0,[6119],E100000123784,E100000124591
9154,46.19,[6119],E100000125080,E100000123261
9253,100.0,[6119],E100000122798,E100000123793
9238,90.0,[6119],E100000123775,E100000123261
9206,100.0,[6119],E100000124712,E100000125082
9220,5.72,[6119],E100000122801,E100000001753
9204,100.0,[6119],E100000123333,E100000123261
15939,5.58,[6119],E100000127476,E100000124988
15937,4.8,[6119],E100000127476,E100000001753
9172,11.28,[6119],E100000122819,E100000001753
14421,98.0,[6119],E100000127473,E100000123261
9207,100.0,[6119],E100000124006,E100000124005
17658,100.0,[6119],E100000127579,E100000123682
9182,28.46,[6119],E100000124581,E100000123261
9179,100.0,[6119],E100000122789,E100000123261
9239,100.0,[6119],E100000123932,E100000124593
9188,4.25,[6119],E100000122726,E100000001753
18797,35.71,[6119],E100000127483,E100000128589
14395,30.0,[6119],E100000127482,E100000128320
9193,49.52,[6119],E100000122803,E100000123779
9214,40.0,[6119],E100000123784,E100000123670
9224,10.0,[6119],E100000124142,E100000123261
15938,89.62,[6119],E100000127476,E100000126851
9169,100.0,[6119],E100000124926,E100000122727
9215,100.0,[6119],E100000122752,E100000123784
15731,100.0,[6119],E100000127635,E100000123261
9177,10.71,[6119],E100000122786,E100000123774
9234,2.0,[6119],E100000123789,E100000001753
9240,100.0,[6119],E100000122800,E100000123261
9161,100.0,[6119],E100000123597,E100000125552
9155,16.49,[6119],E100000125080,E100000124701
9156,16.49,[6119],E100000125080,E100000125282
9153,4.33,[6119],E100000125080,E100000001753
9225,83.08,[6119],E100000124142,E100000125554
17664,88.22,[6119],E100000127577,E100000123682
14420,2.0,[6119],E100000127473,E100000001753
14391,20.0,[6119],E100000127485,E100000123261
9162,74.95,[6119],E100000122764,E100000123771
20931,100.0,[],E100000132031,E100000131246
9170,5.48,[6119],E100000123807,E100000001753
9209,90.0,[6119],E100000124005,E100000125553
15721,11.7,[6119],E100000127479,E100000128402
9199,70.0,[6119],E100000123782,E100000124590
9184,5.0,[6119],E100000124581,E100000125081
17671,92.45,[6119],E100000127667,E100000128519
9160,5.0,[6119],E100000123751,E100000124588
9245,100.0,[6119],E100000122802,E100000123261
9167,0.39,[6119],E100000123752,E100000001753
9250,90.58,[6119],E100000124701,E100000125675
9189,14.07,[6119],E100000122726,E100000123777
9236,100.0,[6119],E100000122731,E100000123790
9237,10.0,[6119],E100000123775,E100000001753
9247,100.0,[6119],E100000125312,E100000125347
9158,19.14,[6119],E100000123751,E100000124587
15813,2.0,[6119],E100000127636,E100000001753
9181,23.72,[6119],E100000124581,E100000001753
9180,100.0,[6119],E100000122788,E100000123775
9157,16.49,[6119],E100000125080,E100000125281
19355,100.0,[6119],E100000127495,E100000123261
9150,100.0,[6119],E100000124585,E100000125551
17663,11.78,[6119],E100000127577,E100000001753
9171,100.0,[6119],E100000125071,E100000125769
9227,44.44,[6119],E100000125306,E100000125336
9230,100.0,[6119],E100000122782,E100000123261
14327,75.0,[6119],E100000127497,E100000128317
17660,100.0,[6119],E100000127583,E100000123682
18795,4.29,[6119],E100000127483,E100000001753
9176,89.29,[6119],E100000122786,E100000123261
9173,81.98,[6119],E100000122819,E100000123261
19327,100.0,[6119],E100000127474,E100000123261
14394,70.0,[6119],E100000127482,E100000123261
9281,67.33,[6119],E100000122762,E100000123801
9346,100.0,[6119],E100000123518,E100000123261
9340,100.0,[6119],E100000122879,E100000000157
9312,53.54,[6119],E100000124602,E100000123329
9303,68.97,[6119],E100000123805,E100000001753
9273,34.37,[6119],E100000123803,E100000124594
9278,100.0,[6119],E100000124114,E100000124597
9288,100.0,[6119],E100000124301,E100000123261
9344,34.0,[6119],E100000122943,E100000123813
9326,8.16,[6119],E100000123198,E100000001753
9332,40.0,[6119],E100000122987,E100000123318
21820,100.0,[10562],E100001000113,E100001010923
9330,65.09,[6119],E100000124212,E100000123261
9331,30.75,[6119],E100000124212,E100000125557
9275,2.89,[6119],E100000122813,E100000001753
9268,38.15,[6119],E100000124221,E100000000252
19622,100.0,[6119],E100000127709,E100000123261
9350,100.0,[6119],E100000122985,E100000123371
9258,100.0,[6119],E100000122769,E100000123798
9336,100.0,[6119],E100000122988,E100000123261
9280,32.67,[6119],E100000122762,E100000123802
19631,100.0,[6119],E100000127672,E100000004010
9276,51.0,[6119],E100000122813,E100000123769
9313,46.46,[6119],E100000124602,E100000125550
18029,100.0,[6119],E100000126810,E100000128048
9277,46.11,[6119],E100000122813,E100000000252
9319,50.59,[6119],E100000122797,E100000123799
9300,30.01,[6119],E100000122698,E100000123261
9260,70.0,[6119],E100000122280,E100000123799
9308,20.0,[6119],E100000123702,E100000124601
9283,66.24,[6119],E100000122793,E100000123267
9318,51.0,[6119],E100000124603,E100000125087
9337,5.0,[6119],E100000122984,E100000123812
9360,100.0,[6119],E100000124096,E100000123261
9315,100.0,[6119],E100000123589,E100000124603
9289,1.0,[6119],E100000124457,E100000001753
9270,23.68,[6119],E100000124221,E100000124133
9301,31.2,[6119],E100000122698,E100000123805
20276,22.37,[6119],E100000127759,E100000130537
9262,100.0,[6119],E100000124190,E100000000252
9269,5.97,[6119],E100000124221,E100000122320
9321,100.0,[6119],E100000125075,E100000125283
9309,35.6,[6119],E100000123702,E100000124600
9343,66.0,[6119],E100000122943,E100000000157
22071,39.78,"[11537, 11538]",E100001011103,E100001011104
9353,20.0,[6119],E100000122965,E100000122929
9267,93.88,[6119],E100000123799,E100000000252
9359,100.0,[6119],E100000122969,E100000123500
9348,6.35,[6119],E100000123816,E100000001753
9351,100.0,[6119],E100000122939,E100000123699
9261,30.0,[6119],E100000122280,E100000123800
9296,50.0,[6119],E100000123804,E100000124598
9284,100.0,[6119],E100000123267,E100000123261
9293,10.0,[6119],E100000124598,E100000124453
9279,100.0,[6119],E100000123774,E100000123261
9298,100.0,[6119],E100000122718,E100000125493
18028,18.37,[6119],E100000128094,E100000128534
9338,45.0,[6119],E100000122984,E100000123811
9290,99.0,[6119],E100000124457,E100000125085
19601,100.0,[6119],E100000127707,E100000130296
9271,32.2,[6119],E100000124221,E100000123592
16099,90.23,[6119],E100000127697,E100000123261
9292,70.0,[6119],E100000124598,E100000125551
9291,20.0,[6119],E100000124598,E100000124585
9320,100.0,[6119],E100000125283,E100000125348
19573,0.53,[6119],E100000127669,E100000001753
9347,100.0,[6119],E100000125317,E100000123261
9286,35.0,[6119],E100000124597,E100000125083
9314,100.0,[6119],E100000122796,E100000123808
16570,100.0,[6119],E100000127752,E100000127751
19630,100.0,[6119],E100000127673,E100000128642
9322,100.0,[6119],E100000123757,E100000124604
16190,2.0,[6119],E100000127714,E100000001753
16639,1.0,[6119],E100000127754,E100000001753
17938,100.0,[6119],E100000127747,E100000130288
17670,7.55,[6119],E100000127667,E100000123424
9282,100.0,[6119],E100000123801,E100000125556
9311,100.0,[6119],E100000123808,E100000124602
9285,41.67,[6119],E100000124597,E100000123261
9317,18.37,[6119],E100000124603,E100000125089
9362,60.0,[6119],E100000122876,E100000122804
9339,50.0,[6119],E100000122984,E100000122885
9349,93.65,[6119],E100000123816,E100000123371
9361,40.0,[6119],E100000122876,E100000123816
9316,30.63,[6119],E100000124603,E100000125088
9304,31.03,[6119],E100000123805,E100000123261
9358,100.0,[6119],E100000122920,E100000123815
9305,100.0,[6119],E100000122727,E100000123807
9310,100.0,[6119],E100000124599,E100000125676
9323,100.0,[6119],E100000124783,E100000125677
9307,44.4,[6119],E100000123702,E100000124599
9327,91.84,[6119],E100000123198,E100000123261
9264,70.0,[6119],E100000000252,E100000125551
9287,23.33,[6119],E100000124597,E100000125084
9306,100.0,[6119],E100000124744,E100000125086
9324,50.0,[6119],E100000122767,E100000122320
9325,100.0,[6119],E100000121737,E100000123809
9354,80.0,[6119],E100000122965,E100000123810
16969,97.0,[6119],E100000127826,E100000128474
9400,77.99,[6119],E100000124897,E100000123261
19639,49.0,[6119],E100000127790,E100000128644
9393,62.11,[6119],E100000124169,E100000124605
9436,6.47,[6119],E100000123201,E100000123831
9424,80.56,[6119],E100000124613,E100000125092
9415,100.0,[6119],E100000123819,E100000123261
9457,0.5,[6119],E100000122882,E100000001753
22072,13.87,[11537],E100001011103,E100001011105
9376,100.0,[6119],E100000004010,E100000001542
9386,80.0,[6119],E100000122924,E100000000181
9375,49.0,[6119],E100000122936,E100000123821
9417,40.0,[6119],E100000122904,E100000123473
9468,7.03,[6119],E100000123545,E100000124612
9458,99.5,[6119],E100000122882,E100000123834
9451,90.0,[6119],E100000122932,E100000123261
16942,46.14,[6119],E100000127837,E100000123261
9416,100.0,[6119],E100000124258,E100000124608
9448,59.45,[6119],E100000123994,E100001000401
16860,21.65,[6119],E100000127764,E100000123261
9421,100.0,[6119],E100000123202,E100000123828
9465,50.0,[6119],E100000122928,E100000123835
21821,44.48,[10563],E100000121011,E100001010924
9422,100.0,[6119],E100000123830,E100000123261
16943,51.0,[6119],E100000127837,E100000128471
9460,100.0,[6119],E100000123834,E100000124611
16875,100.0,[6119],E100000127871,E100001000401
9369,100.0,[6119],E100000123841,E100000123261
9446,4.53,[6119],E100000123994,E100000001753
18043,100.0,[6119],E100000127844,E100000127037
15743,29.2,[6119],E100000127853,E100000001753
9453,75.0,[6119],E100000123811,E100000124610
9431,90.0,[6119],E100000123822,E100000124609
9404,49.0,[6119],E100000122889,E100000123826
9396,90.0,[6119],E100000123826,E100000124606
9367,70.49,[6119],E100000122929,E100000123441
9392,9.62,[6119],E100000124169,E100000123261
9418,60.0,[6119],E100000122904,E100000123699
9455,50.0,[6119],E100000122873,E100000001366
9409,100.0,[6119],E100000123840,E100000123261
15746,100.0,[6119],E100000127855,E100000123261
9469,100.0,[6119],E100000123837,E100001000401
9467,81.55,[6119],E100000123545,E100001000401
9379,51.0,[6119],E100000122886,E100000123699
9439,51.0,[6119],E100000125092,E100000123171
9402,3.5,[6119],E100000123200,E100000001753
9399,2.01,[6119],E100000124897,E100000001753
16456,92.72,[6119],E100000127866,E100000123261
9462,51.0,[6119],E100000122875,E100000123834
9403,96.5,[6119],E100000123200,E100000123261
9391,28.27,[6119],E100000124169,E100000001753
9450,6.49,[6119],E100000122930,E100000123832
19044,100.0,[6119],E100000127859,E100000128616
9407,90.0,[6119],E100000124259,E100000001663
9408,10.0,[6119],E100000124259,E100000125528
18611,100.0,[6119],E100000127864,E100000127865
9456,50.0,[6119],E100000122873,E100000123699
9459,100.0,[6119],E100000122922,E100000123834
9461,9.0,[6119],E100000122875,E100000123823
15744,70.8,[6119],E100000127853,E100000123261
9412,5.67,[6119],E100000124214,E100000001753
17636,100.0,[6119],E100000127794,E100000123261
17645,98.0,[6119],E100000127804,E100000123261
9435,59.9,[6119],E100000123201,E100000123830
17665,100.0,[6119],E100000127807,E100000123686
16968,3.0,[6119],E100000127826,E100000001753
9411,91.6,[6119],E100000122986,E100000123827
9397,51.0,[6119],E100000124606,E100000123261
9463,40.0,[6119],E100000122875,E100000123699
9414,19.5,[6119],E100000124214,E100000124607
9443,100.0,[6119],E100000124607,E100000123261
19638,51.0,[6119],E100000127790,E100000128643
9466,11.42,[6119],E100000123545,E100000001753
9398,49.0,[6119],E100000124606,E100000125090
9440,0.17,[6119],E100000123524,E100000001753
9441,99.83,[6119],E100000123524,E100000123261
9434,33.63,[6119],E100000123201,E100000123261
9464,50.0,[6119],E100000122928,E100000123823
9395,10.0,[6119],E100000123826,E100000123261
16872,100.0,[6119],E100000127862,E100000127030
9449,93.51,[6119],E100000122930,E100000123699
9447,36.02,[6119],E100000123994,E100000123329
9390,100.0,[6119],E100000123713,E100000123261
16941,2.86,[6119],E100000127837,E100000001753
15745,100.0,[6119],E100000127854,E100000127853
9405,51.0,[6119],E100000122889,E100000123699
9420,97.0,[6119],E100000123828,E100000123261
9368,29.51,[6119],E100000122929,E100000122150
16910,100.0,[6119],E100000127825,E100000124613
17684,100.0,[6119],E100000127817,E100000123261
9410,8.4,[6119],E100000122986,E100000123261
9452,10.0,[6119],E100000122932,E100000123833
9419,3.0,[6119],E100000123828,E100000001753
9401,20.0,[6119],E100000124897,E100000125091
9438,47.0,[6119],E100000125092,E100000125284
9385,20.0,[6119],E100000122924,E100000123825
9437,2.0,[6119],E100000125092,E100000001753
17641,100.0,[6119],E100000127883,E100000123261
9549,25.0,[6119],E100000122332,E100000123849
9572,100.0,[6119],E100000125287,E100000125349
9538,90.0,[6119],E100000004045,E100000123847
9495,100.0,[6119],E100000121884,E100000123261
9525,75.0,[6119],E100000122951,E100000123845
19670,95.45,[6119],E100000127900,E100000130301
19669,4.55,[6119],E100000127900,E100000001753
9504,8.61,[6119],E100000124614,E100000125098
19618,100.0,[6119],E100000127912,E100000130297
16826,70.0,[6119],E100000127890,E100000128466
9566,73.18,[6119],E100000123147,E100000123852
9513,20.0,[6119],E100000122976,E100000123371
9571,100.0,[6119],E100000124810,E100000125101
9533,45.0,[6119],E100000123606,E100000125561
9562,100.0,[6119],E100000123189,E100000123851
9507,30.0,[6119],E100000122937,E100000123473
16807,100.0,[6119],E100000127876,E100000126312
9488,100.0,[6119],E100000124211,E100000125559
9496,100.0,[6119],E100000123844,E100000123261
9515,75.0,[6119],E100000122976,E100000123474
9546,100.0,[6119],E100000123926,E100000000395
9528,100.0,[6119],E100000121684,E100000123560
9486,100.0,[6119],E100000123824,E100000124613
9526,5.0,[6119],E100000122951,E100000123474
9564,100.0,[6119],E100000123662,E100000124620
9560,7.63,[6119],E100000124505,E100000125681
9510,24.5,[6119],E100000122960,E100000123841
9506,100.0,[6119],E100000123996,E100000123261
9473,49.0,[6119],E100000123836,E100001000401
9474,10.0,[6119],E100000122908,E100000123837
9478,100.0,[6119],E100000124958,E100000125095
16827,30.0,[6119],E100000127890,E100000126312
9535,100.0,[6119],E100000123942,E100000123261
9570,100.0,[6119],E100000125288,E100000125349
9565,1.82,[6119],E100000123147,E100000001753
16829,51.0,[6119],E100000127891,E100000127736
9511,24.5,[6119],E100000122960,E100000123842
9521,29.76,[6119],E100000123835,E100000123686
9479,86.6,[6119],E100000122877,E100000000483
16800,100.0,[6119],E100000127909,E100000126312
9530,100.0,[6119],E100000123846,E100000123560
9524,20.0,[6119],E100000122951,E100000123460
9490,8.35,[6119],E100000122964,E100000123839
9547,30.4,[6119],E100000122333,E100000001753
9529,100.0,[6119],E100000122462,E100000123846
9536,100.0,[6119],E100000124886,E100000125100
9512,100.0,[6119],E100000122970,E100000123843
16949,99.5,[6119],E100000127923,E100000123261
9576,10.0,[6119],E100000123360,E100000123359
9531,100.0,[6119],E100000121658,E100000123560
9567,49.0,[6119],E100000125101,E100000125288
9500,97.57,[6119],E100000123842,E100000123261
9545,100.0,[6119],E100000124684,E100000125679
9475,90.0,[6119],E100000122908,E100000123836
9501,55.0,[6119],E100000123820,E100000123369
9482,28.56,[6119],E100000125099,E100000125286
9537,10.0,[6119],E100000004045,E100000123457
9494,50.0,[6119],E100000122961,E100000123699
9499,2.43,[6119],E100000123842,E100000001753
9553,10.0,[6119],E100000124022,E100000125562
21675,100.0,"[8023, 8024]",E100000120655,E100000000868
9480,7.14,[6119],E100000125099,E100000125528
9505,91.39,[6119],E100000124614,E100000125097
19635,100.0,[6119],E100000127926,E100000123261
9508,70.0,[6119],E100000122937,E100000123823
9527,100.0,[6119],E100000124610,E100000123261
9489,91.65,[6119],E100000122964,E100000123810
21965,6.74,[11195],E100000120295,E100001000520
9561,100.0,[6119],E100000124300,E100000125563
9481,64.3,[6119],E100000125099,E100000125285
9539,100.0,[6119],E100000004046,E100000123847
9492,100.0,[6119],E100000124612,E100000125096
9523,100.0,[6119],E100000124615,E100000125099
9491,100.0,[6119],E100000125096,E100000123839
9477,100.0,[6119],E100000001663,E100000125678
7348,100.0,[6119],E100000000158,E100000125527
9514,5.0,[6119],E100000122976,E100000123844
9552,100.0,[6119],E100000000160,E100000123261
9472,51.0,[6119],E100000123836,E100000000261
9476,100.0,[6119],E100000122872,E100000123699
9493,50.0,[6119],E100000122961,E100000123686
9498,51.43,[6119],E100000123203,E100000123840
16948,0.5,[6119],E100000127923,E100000001753
9551,100.0,[6119],E100000123849,E100000124619
9558,14.4,[6119],E100000124505,E100001000465
9522,100.0,[6119],E100000124616,E100000125099
9485,100.0,[6119],E100000122947,E100000123474
17001,79.0,[6119],E100000127929,E100000128449
9534,55.0,[6119],E100000123606,E100000125560
9509,51.0,[6119],E100000122960,E100000121999
9563,100.0,[6119],E100000121843,E100000123318
17000,21.0,[6119],E100000127929,E100000123261
9470,90.0,[6119],E100001000401,E100000001663
9548,69.6,[6119],E100000122333,E100000123261
9502,45.0,[6119],E100000123820,E100000124614
9519,17.85,[6119],E100000123835,E100000124615
9648,51.0,[6119],E100000003139,E100000000192
9595,90.0,[6119],E100000001500,E100000125682
15528,100.0,[6119],E100000127943,E100000123261
9593,1.0,[6119],E100000125350,E100000001753
9664,70.0,[6119],E100000003130,E100000000192
9680,10.0,[6119],E100000121759,E100000123868
9630,99.41,[6119],E100000003127,E100000000501
16912,47.5,[6119],E100000127938,E100000128469
9674,10.0,[6119],E100000003137,E100000123867
9581,90.0,[6119],E100000123357,E100000124621
9649,58.0,[6119],E100000121791,E100000000192
9583,60.0,[6119],E100000123509,E100000123357
9668,100.0,[6119],E100000121751,E100000000192
9598,71.43,[6119],E100000001499,E100000124623
9638,50.0,[6119],E100000124628,E100000003123
9678,30.0,[6119],E100000121759,E100000123864
9619,100.0,[6119],E100000123348,E100000124625
9614,67.0,[6119],E100000003125,E100000000192
17187,6.0,[6119],E100000127961,E100000001753
19673,99.5,[6119],E100000127932,E100000130302
9639,100.0,[6119],E100000123873,E100000003123
9626,100.0,[6119],E100000123855,E100000000193
9611,100.0,[6119],E100000121760,E100000123858
9579,99.0,[6119],E100000123915,E100000123261
9675,100.0,[6119],E100000003128,E100000000192
9635,51.0,[6119],E100000123858,E100000000192
9636,49.0,[6119],E100000123858,E100000003123
9647,49.0,[6119],E100000003139,E100000000171
17375,17.94,[6119],E100000127986,E100000001753
9578,1.0,[6119],E100000123915,E100000001753
17118,6.34,[6119],E100000127949,E100000001753
9656,90.0,[6119],E100000003138,E100000000192
19672,0.5,[6119],E100000127932,E100000001753
9580,10.0,[6119],E100000123357,E100000124622
9665,20.0,[6119],E100000003130,E100000001520
9622,20.68,[6119],E100000124838,E100000001753
9637,50.0,[6119],E100000124628,E100000000192
9679,60.0,[6119],E100000121759,E100000000192
9609,100.0,[6119],E100000123887,E100000124624
9659,67.0,[6119],E100000121788,E100000000192
15522,100.0,[6119],E100000127992,E100000123261
9658,65.0,[6119],E100000121778,E100000123858
9627,55.0,[6119],E100000121757,E100000121819
9632,100.0,[6119],E100000124624,E100000124015
9594,99.0,[6119],E100000125350,E100000123261
15533,100.0,[6119],E100000127945,E100000123261
9654,63.23,[6119],E100000003133,E100000003123
9597,28.57,[6119],E100000001499,E100000123261
9629,0.59,[6119],E100000003127,E100000001753
9660,33.0,[6119],E100000121788,E100000003123
16911,33.75,[6119],E100000127938,E100000123261
9623,61.27,[6119],E100000124838,E100000125103
9602,52.5,[6119],E100000121750,E100000000181
9624,18.05,[6119],E100000124838,E100000125104
9631,100.0,[6119],E100000124015,E100000000176
9676,35.0,[6119],E100000003131,E100000001499
9625,100.0,[6119],E100000001498,E100000123261
17163,100.0,[6119],E100000127958,E100000123261
9577,90.0,[6119],E100000123360,E100000000200
9644,100.0,[6119],E100000121900,E100000003123
9662,80.0,[6119],E100000123860,E100000003123
17564,100.0,[6119],E100000127956,E100000128510
19671,100.0,[6119],E100000127931,E100000128646
9667,100.0,[6119],E100000003129,E100000000192
9603,5.0,[6119],E100000121750,E100000123856
9672,90.0,[6119],E100000003132,E100000123858
9633,90.0,[6119],E100000123746,E100000124626
9591,100.0,[6119],E100000003124,E100000000213
9652,21.08,[6119],E100000003133,E100000000313
9590,100.0,[6119],E100000121795,E100000000213
9666,10.0,[6119],E100000003130,E100000001521
17188,94.0,[6119],E100000127961,E100000128088
9673,90.0,[6119],E100000003137,E100000000192
9596,10.0,[6119],E100000001500,E100000125520
9620,10.0,[6119],E100000124627,E100000123261
19667,92.71,[6119],E100000127934,E100000130299
17539,51.0,[6119],E100000127994,E100000123939
9653,15.7,[6119],E100000003133,E100000123864
17119,93.66,[6119],E100000127949,E100000123261
9645,10.0,[6119],E100000123257,E100000124627
9661,20.0,[6119],E100000123860,E100000124628
16913,18.75,[6119],E100000127938,E100000128470
9646,90.0,[6119],E100000123257,E100000001498
9634,10.0,[6119],E100000123746,E100000125520
9588,49.0,[6119],E100000125365,E100000125379
17191,100.0,[6119],E100000127960,E100000127962
9677,65.0,[6119],E100000003131,E100000000192
9621,90.0,[6119],E100000124627,E100000001498
9671,10.0,[6119],E100000003132,E100000000191
9601,42.5,[6119],E100000121750,E100000000163
9657,35.0,[6119],E100000121778,E100000123866
9628,100.0,[6119],E100000123258,E100000000496
9650,10.0,[6119],E100000121791,E100000123862
9592,100.0,[6119],E100000121794,E100000000213
9608,100.0,[6119],E100000124625,E100000125102
9651,7.0,[6119],E100000121791,E100000123863
9587,25.0,[6119],E100000125365,E100000124475
9586,24.0,[6119],E100000125365,E100000125380
9714,100.0,[6119],E100000121772,E100000123361
18032,100.0,[6119],E100000128045,E100000123261
9781,9.77,[6119],E100000000196,E100000125520
9758,100.0,[6119],E100000125381,E100000125399
9722,80.0,[6119],E100000000202,E100000000203
9699,100.0,[6119],E100000125001,E100000123261
9763,30.0,[6119],E100000003145,E100000003123
9717,8.45,[6119],E100000123877,E100000125520
9787,100.0,[6119],E100000123889,E100000124636
18804,99.93,[6119],E100000128116,E100000121700
9706,15.0,[6119],E100000123354,E100000124630
9733,100.0,[6119],E100000003142,E100000123361
9701,90.0,[6119],E100000125242,E100000125350
9776,1.0,[6119],E100000123888,E100000001753
9711,79.5,[6119],E100000123359,E100000123261
9688,10.0,[6119],E100000121812,E100000123870
9775,100.0,[6119],E100000123885,E100000123261
17460,1.0,[6119],E100000127995,E100000001753
9686,100.0,[6119],E100000124816,E100000123261
9740,10.0,[6119],E100000123936,E100000123261
9741,90.0,[6119],E100000123936,E100000124632
9737,40.0,[6119],E100000124013,E100000001594
9698,100.0,[6119],E100000125032,E100000123261
9718,100.0,[6119],E100000123876,E100000123877
18779,40.0,[6119],E100000128108,E100000128585
15766,100.0,[6119],E100000128009,E100000128010
9764,70.0,[6119],E100000003145,E100000123361
9687,80.0,[6119],E100000121812,E100000003123
9738,60.0,[6119],E100000124013,E100000124631
9759,100.0,[6119],E100000125358,E100000125381
18780,20.0,[6119],E100000128108,E100000128587
9743,45.0,[6119],E100000003146,E100000123878
9685,10.0,[6119],E100000121761,E100000125494
9684,90.0,[6119],E100000121761,E100000000192
9785,100.0,[6119],E100000125395,E100000125404
18726,100.0,[6119],E100000128107,E100000124329
9752,100.0,[6119],E100000121769,E100000123361
9705,100.0,[6119],E100000123256,E100000124629
9751,100.0,[6119],E100000123880,E100000123261
9755,90.0,[6119],E100000123879,E100000125569
21966,100.0,"[5096, 11193]",E100000132553,E100001000065
22311,,"[11918, 114923]",E100001000856,E100001011281
18034,100.0,[6119],E100000127077,E100000123261
15566,99.9,[6119],E100000128002,E100000123261
9778,1.0,[6119],E100000124635,E100000001753
9702,100.0,[6119],E100000121950,E100000123874
9707,85.0,[6119],E100000123354,E100000000196
9727,30.0,[6119],E100000003141,E100000000198
9700,10.0,[6119],E100000125242,E100000125351
9750,100.0,[6119],E100000000204,E100000125568
9729,8.0,[6119],E100000003121,E100000000196
9786,100.0,[6119],E100000124637,E100000125571
9742,100.0,[6119],E100000124633,E100000000201
9779,9.9,[6119],E100000124635,E100000125520
9715,50.0,[6119],E100000121763,E100000000483
9709,86.06,[6119],E100000124845,E100000125105
17966,77.78,[6119],E100000128048,E100000128531
9747,100.0,[6119],E100000123883,E100000124634
9708,13.94,[6119],E100000124845,E100000125106
17854,100.0,[6119],E100000128026,E100000123261
9739,100.0,[6119],E100000121770,E100000123877
9789,42.0,[6119],E100000121837,E100000123890
9724,100.0,[6119],E100000123264,E100000000202
18076,44.89,[6119],E100000128057,E100000001753
17538,49.0,[6119],E100000127994,E100000123261
9783,100.0,[6119],E100000123355,E100000000196
18759,8.11,[6119],E100000128104,E100000128581
9780,100.0,[6119],E100000121766,E100000123888
9689,10.0,[6119],E100000121812,E100000123871
9762,10.0,[6119],E100000125399,E100000125520
9753,100.0,[6119],E100000121764,E100000123879
9745,100.0,[6119],E100000123878,E100000124633
22176,,[11681],E100000000542,E100001011185
9777,99.0,[6119],E100000123888,E100000124635
9756,1.0,[6119],E100000123881,E100000001753
9782,90.23,[6119],E100000000196,E100000125570
14708,100.0,[6119],E100000128007,E100000128345
18035,100.0,[6119],E100000129511,E100001000064
9728,92.0,[6119],E100000003121,E100000123875
18760,8.11,[6119],E100000128104,E100000128580
9748,10.0,[6119],E100000000201,E100000125520
9788,100.0,[6119],E100000121831,E100000123889
9734,100.0,[6119],E100000123361,E100000001502
9757,99.0,[6119],E100000123881,E100000123261
18754,8.11,[6119],E100000128104,E100000128579
18757,5.41,[6119],E100000128104,E100000128582
18751,4.05,[6119],E100000128104,E100000001753
9697,100.0,[6119],E100000123868,E100000125566
9710,20.5,[6119],E100000123359,E100000001753
18778,20.0,[6119],E100000128108,E100000128588
18781,20.0,[6119],E100000128108,E100000128586
9726,70.0,[6119],E100000003141,E100000122607
18768,100.0,[6119],E100000128109,E100000123261
9746,100.0,[6119],E100000123884,E100000124015
18999,49.0,[6119],E100000128044,E100000128612
9784,100.0,[6119],E100000123882,E100000123261
9760,100.0,[6119],E100000003143,E100000000197
9790,10.0,[6119],E100000121837,E100000122805
9774,100.0,[6119],E100000124014,E100000124013
9890,33.75,[6119],E100000124968,E100000125110
9872,1.0,[6119],E100000125110,E100000001753
18785,100.0,[6119],E100000128255,E100000123261
9791,33.0,[6119],E100000121837,E100000122804
9870,100.0,[6119],E100000124302,E100000125578
9884,10.0,[6119],E100000122634,E100000123905
9804,83.66,[6119],E100000121823,E100000123616
9801,49.0,[6119],E100000123623,E100000124638
17978,7.89,[6119],E100000128533,E100000128819
9843,6.25,[6119],E100000124148,E100000001753
9850,8.59,[6119],E100000123161,E100000123274
9800,51.0,[6119],E100000123623,E100000124637
9863,21.71,[6119],E100000123934,E100000125575
9845,62.5,[6119],E100000124148,E100000124644
9880,100.0,[6119],E100000125119,E100000125291
9866,99.0,[6119],E100000123766,E100000123261
9838,100.0,[6119],E100000124162,E100000123261
9879,100.0,[6119],E100000125291,E100000123261
17378,93.03,[6119],E100000128493,E100000123261
17377,6.97,[6119],E100000128493,E100000001753
9830,100.0,[6119],E100000123226,E100000123261
9805,80.0,[6119],E100000123898,E100000121752
18794,100.0,[6119],E100000128198,E100000123261
18784,100.0,[6119],E100000128573,E100000123261
9811,99.97,[6119],E100000124155,E100000124640
9848,45.58,[6119],E100000123161,E100000123903
9888,30.0,[6119],E100000125112,E100000124318
9882,20.0,[6119],E100000122634,E100000123261
9871,100.0,[6119],E100000123443,E100000125578
9853,100.0,[6119],E100000124638,E100000124637
9836,6.76,[6119],E100000123616,E100000124643
9837,82.59,[6119],E100000123616,E100000124219
9834,3.31,[6119],E100000123616,E100000001753
9798,100.0,[6119],E100000123896,E100000123622
9829,100.0,[6119],E100000121822,E100000121853
9820,25.0,[6119],E100000123891,E100000124641
9815,100.0,[6119],E100000121848,E100000123898
9796,40.0,[6119],E100000121829,E100000123891
9851,50.0,[6119],E100000123617,E100000124646
14671,40.82,[6119],E100000128640,E100000128719
9814,100.0,[6119],E100000123903,E100000125571
18789,100.0,[6119],E100000128253,E100000123261
9876,100.0,[6119],E100000125114,E100000123261
9794,40.0,[6119],E100000121829,E100000123892
9793,100.0,[6119],E100000123576,E100000125571
9792,15.0,[6119],E100000121837,E100000122806
9840,43.96,[6119],E100000123225,E100000123261
9869,100.0,[6119],E100000121738,E100000125495
9803,16.34,[6119],E100000121823,E100000123896
9858,17.91,[6119],E100000123934,E100000124647
9887,100.0,[6119],E100000124318,E100000123261
9861,16.34,[6119],E100000123934,E100000125576
9859,12.23,[6119],E100000123934,E100000124648
9864,11.32,[6119],E100000123934,E100000125577
9862,10.69,[6119],E100000123934,E100000124649
9860,8.3,[6119],E100000123934,E100000124650
9857,1.51,[6119],E100000123934,E100000001753
9833,100.0,[6119],E100000123159,E100000123190
14748,9.0,[6119],E100000128528,E100000128725
9873,99.0,[6119],E100000125110,E100000123261
14747,9.0,[6119],E100000128528,E100000128724
9824,99.82,[6119],E100000123895,E100000125573
9831,26.67,[6119],E100000124642,E100000125109
9825,100.0,[6119],E100000124641,E100000125108
9894,24.84,[6119],E100000124968,E100000125111
14670,57.14,[6119],E100000128640,E100000123261
9832,73.33,[6119],E100000124642,E100000125573
18727,100.0,[6119],E100000128252,E100000123261
18734,100.0,[6119],E100000128521,E100000123261
9822,55.0,[6119],E100000123891,E100000125573
18786,100.0,[6119],E100000128248,E100000123261
9895,12.42,[6119],E100000124968,E100000125113
9852,50.0,[6119],E100000123617,E100000125574
9893,12.42,[6119],E100000124968,E100000125112
9891,8.28,[6119],E100000124968,E100000125115
9886,100.0,[6119],E100000123904,E100000123261
9878,95.41,[6119],E100000125292,E100000123261
9896,100.0,[6119],E100000125111,E100000123261
9877,4.59,[6119],E100000125292,E100000001753
9802,100.0,[6119],E100000123893,E100000125572
9889,70.0,[6119],E100000125112,E100000124317
9835,7.34,[6119],E100000123616,E100000123427
9795,20.0,[6119],E100000121829,E100000123893
9897,100.0,[6119],E100000123905,E100000123261
14669,2.04,[6119],E100000128640,E100000001753
9808,62.73,[6119],E100000124644,E100000123261
9885,100.0,[6119],E100000125116,E100000123261
9806,20.0,[6119],E100000123898,E100000124639
9809,37.27,[6119],E100000124644,E100000124645
9849,45.83,[6119],E100000123161,E100000123902
18738,100.0,[6119],E100000128256,E100000123261
9856,100.0,[6119],E100000121840,E100000121853
18744,100.0,[6119],E100000128264,E100000123261
9810,100.0,[6119],E100000121838,E100000123616
9799,100.0,[6119],E100000125418,E100000123895
9883,70.0,[6119],E100000122634,E100000123904
9823,0.19,[6119],E100000123895,E100000001753
18801,70.0,[6119],E100000128704,E100000128963
9963,20.0,[6119],E100000122401,E100000000226
9961,30.0,[6119],E100000122401,E100000001645
9965,95.21,[6119],E100000123918,E100000123261
9946,30.0,[6119],E100000122409,E100000123911
9901,14.92,[6119],E100000124969,E100000001753
9909,100.0,[6119],E100000124964,E100000125120
9962,15.0,[6119],E100000122401,E100000123917
9993,93.33,[6119],E100000124054,E100000000233
9997,100.0,[6119],E100000121872,E100000123925
18763,100.0,[6119],E100000128578,E100000123261
9989,47.5,[6119],E100000124720,E100000125125
9969,100.0,[6119],E100000124656,E100000125123
9940,100.0,[6119],E100000121969,E100000123909
9992,6.67,[6119],E100000124054,E100000001753
9917,33.0,[6119],E100000124979,E100000125122
9967,72.0,[6119],E100000122398,E100000123404
9952,100.0,[6119],E100000123914,E100000123913
18800,23.0,[6119],E100000128704,E100000128964
9921,51.0,[6119],E100000121921,E100000123370
9939,100.0,[6119],E100000123909,E100000125579
9944,50.01,[6119],E100000124037,E100000123261
18774,100.0,[6119],E100000128587,E100000123261
9948,26.25,[6119],E100000122409,E100000123912
9947,13.75,[6119],E100000122409,E100000123913
18773,99.99,[6119],E100000128585,E100000123261
9975,100.0,[6119],E100000000298,E100000125501
9905,20.17,[6119],E100000124969,E100000125116
9968,28.0,[6119],E100000122398,E100000123918
9988,5.0,[6119],E100000124720,E100000001753
9943,1.72,[6119],E100000124037,E100000001753
9954,80.0,[6119],E100000122411,E100000003373
9953,20.0,[6119],E100000122411,E100000123914
9936,50.0,[6119],E100000121923,E100000123547
9937,100.0,[6119],E100000123547,E100000124069
9932,31.34,[6119],E100000123418,E100000121878
9915,100.0,[6119],E100000125121,E100000125636
18762,100.0,[6119],E100000128579,E100000123261
9964,4.79,[6119],E100000123918,E100000001753
9911,90.0,[6119],E100000123444,E100000123261
9945,48.27,[6119],E100000124037,E100000124036
9966,100.0,[6119],E100000122397,E100000000298
18782,100.0,[6119],E100000128581,E100000123261
9958,51.0,[6119],E100000123917,E100000123404
10003,100.0,[6119],E100000001520,E100000125581
9912,10.0,[6119],E100000123444,E100000124651
9981,100.0,[6119],E100000123736,E100000124658
9957,100.0,[6119],E100000125357,E100000125382
9904,12.71,[6119],E100000124969,E100000125117
9907,7.46,[6119],E100000124969,E100000125113
9906,7.46,[6119],E100000124969,E100000125118
9950,100.0,[6119],E100000004365,E100000003373
10002,100.0,[6119],E100000124660,E100000125128
9924,100.0,[6119],E100000122071,E100000122047
9916,67.0,[6119],E100000124979,E100001000437
9925,100.0,[6119],E100000122070,E100000123907
9985,1.0,[6119],E100000123924,E100000001753
9960,35.0,[6119],E100000122401,E100000122607
9923,100.0,[6119],E100000121929,E100000123370
9983,99.0,[6119],E100000124659,E100000123261
9984,100.0,[6119],E100000122471,E100000123923
9938,100.0,[6119],E100000124069,E100000125502
9910,100.0,[6119],E100000125061,E100000125293
9994,1.0,[6119],E100000124482,E100000001753
9900,55.63,[6119],E100000125113,E100000125292
10001,100.0,[6119],E100000124181,E100000124660
9941,100.0,[6119],E100000123911,E100000124655
18767,100.0,[6119],E100000128582,E100000123261
9942,100.0,[6119],E100000124727,E100000122410
9918,100.0,[6119],E100000123748,E100001000437
9982,1.0,[6119],E100000124659,E100000001753
9935,48.0,[6119],E100000121923,E100000123572
9973,100.0,[6119],E100000123919,E100000000299
9998,100.0,[6119],E100000124662,E100000125683
9987,100.0,[6119],E100000122649,E100000123924
18783,100.0,[6119],E100000128580,E100000123261
9995,99.0,[6119],E100000124482,E100000123261
9980,100.0,[6119],E100000122720,E100000123922
18805,100.0,[6119],E100000128589,E100000123261
20850,100.0,"[108370, 108371]",E100001010395,E100000000657
9991,100.0,[6119],E100000124829,E100000125126
18799,7.0,[6119],E100000128704,E100000128965
9920,6.1,[6119],E100000121928,E100000121973
9934,2.0,[6119],E100000121923,E100000001753
10004,100.0,[6119],E100000124661,E100000125684
9913,100.0,[6119],E100000124652,E100000125121
9922,49.0,[6119],E100000121921,E100000123906
10000,65.91,[6119],E100000124834,E100000125127
18741,100.0,[6119],E100000128575,E100000123261
9926,100.0,[6119],E100000125156,E100000123261
9999,34.09,[6119],E100000124834,E100000001753
9996,100.0,[6119],E100000123534,E100000123261
9955,51.0,[6119],E100000122173,E100000123915
18777,100.0,[6119],E100000128586,E100000123261
9951,100.0,[6119],E100000123913,E100000125580
18745,100.0,[6119],E100000128577,E100000123261
9949,30.0,[6119],E100000122409,E100000123910
9976,100.0,[6119],E100000124017,E100000124657
9979,100.0,[6119],E100000123064,E100000122229
10070,15.0,[6119],E100000121824,E100000123934
10046,5.0,[6119],E100000124695,E100000125133
10043,5.0,[6119],E100000124695,E100000125134
10087,100.0,[6119],E100000124083,E100000124670
10042,0.72,[6119],E100000124695,E100000001753
14750,100.0,[6119],E100000128725,E100000123261
10060,100.0,[6119],E100000122862,E100000123932
10049,10.0,[6119],E100000123929,E100000124666
10094,50.0,[6119],E100000123050,E100000123247
10007,50.0,[6119],E100000000219,E100000124662
10077,60.0,[6119],E100000121810,E100000000221
10109,99.5,[6119],E100000123036,E100000123518
18040,5.0,[6119],E100000126648,E100000128051
10008,50.0,[6119],E100000000219,E100000124661
10064,100.0,[6119],E100000123337,E100000123933
10057,100.0,[6119],E100000125345,E100000125383
17420,23.83,[6119],E100000128742,E100000128929
10065,100.0,[6119],E100000123187,E100000123933
10030,89.01,[6119],E100000000301,E100000124663
10036,5.39,[6119],E100000123927,E100000123261
10011,2.0,[6119],E100000125276,E100000001753
21677,53.5,[8037],E100000121481,E100000001483
10080,100.0,[6119],E100000123794,E100000123261
10050,10.0,[6119],E100000123929,E100000125582
10069,100.0,[6119],E100000124668,E100000123261
10056,100.0,[6119],E100000124960,E100000125135
10090,72.05,[6119],E100000124670,E100000125686
10041,100.0,[6119],E100000122493,E100000123928
10039,46.3,[6119],E100000124620,E100000123261
10078,51.0,[6119],E100000123215,E100001000472
10027,100.0,[6119],E100000124663,E100000125685
10029,8.08,[6119],E100000000301,E100000124021
10105,100.0,[6119],E100000123072,E100000123939
10091,100.0,[6119],E100000123780,E100000125583
10023,100.0,[6119],E100000124024,E100000000303
10110,0.46,[6119],E100000123016,E100000001753
10014,100.0,[6119],E100000124844,E100000125129
19956,100.0,[6119],E100000128716,E100000123261
10106,94.06,[6119],E100000123331,E100000125496
10058,100.0,[6119],E100000004366,E100000123931
10067,100.0,[6119],E100000123933,E100000124667
10062,98.66,[6119],E100000123827,E100000123261
18811,100.0,[6119],E100000128601,E100000123261
10081,100.0,[6119],E100000123795,E100000123794
10085,100.0,[6119],E100000122320,E100000000252
10047,49.0,[6119],E100000125454,E100000123930
10103,40.73,[6119],E100000123115,E100000123116
10108,0.5,[6119],E100000123036,E100000001753
10111,71.42,[6119],E100000123016,E100000123941
17374,100.0,[6119],E100000128710,E100000123261
22868,,"[76046, 76050]",E100001012022,E100000001755
10075,60.0,[6119],E100000121809,E100000123935
10026,100.0,[6119],E100000123216,E100000123261
18798,100.0,[6119],E100000128597,E100000123261
10102,35.82,[6119],E100000123115,E100000123939
14686,18.19,[6119],E100000128689,E100000001753
10086,100.0,[6119],E100000123351,E100000124669
10025,100.0,[6119],E100000123850,E100000000302
10045,60.0,[6119],E100000124695,E100000125131
10088,7.2,[6119],E100000124670,E100000125688
10051,80.0,[6119],E100000123929,E100000124665
10035,7.65,[6119],E100000123927,E100000001753
10055,55.0,[6119],E100000125383,E100000125400
10053,100.0,[6119],E100000125132,E100000125773
10020,30.0,[6119],E100000004354,E100000000396
10059,100.0,[6119],E100000124836,E100000123261
10089,20.75,[6119],E100000124670,E100000125687
10093,60.0,[6119],E100000122138,E100000122058
10066,100.0,[6119],E100000123188,E100000123187
10107,5.94,[6119],E100000123331,E100000125497
20851,100.0,[6963],E100001010394,E100001010395
10034,100.0,[6119],E100000124664,E100000124069
10061,1.34,[6119],E100000123827,E100000001753
10104,100.0,[6119],E100000123971,E100000123331
14717,70.0,[6119],E100000128723,E100000123261
10084,100.0,[6119],E100000124497,E100000125136
10048,51.0,[6119],E100000125454,E100000123929
10013,100.0,[6119],E100000123962,E100000123261
10024,100.0,[6119],E100000000302,E100000125130
10015,1.0,[6119],E100000125275,E100000001753
10054,45.0,[6119],E100000125383,E100000125135
19977,100.0,[6119],E100000128697,E100000128997
10028,2.91,[6119],E100000000301,E100000001753
10052,100.0,[6119],E100000122492,E100000123929
10082,100.0,[6119],E100000123800,E100000124019
14687,81.81,[6119],E100000128689,E100000123261
10096,100.0,[6119],E100000123049,E100000123938
10063,100.0,[6119],E100000003383,E100000123261
10073,9.65,[6119],E100000123449,E100000125512
10083,100.0,[6119],E100000124277,E100000001434
10006,3.15,[6119],E100000001521,E100000001753
10092,40.0,[6119],E100000122138,E100000000483
10038,53.7,[6119],E100000124620,E100000001753
10012,98.0,[6119],E100000125276,E100000123261
10122,78.05,[6119],E100000124671,E100000125689
10149,11.26,[6119],E100000124683,E100000123424
10156,67.42,[6119],E100000123055,E100000001753
10117,50.0,[6119],E100000123078,E100000123946
10161,100.0,[6119],E100000123529,E100000123261
10193,99.98,[6119],E100000123275,E100000123261
10213,10.0,[6119],E100000124685,E100000125584
10214,90.0,[6119],E100000124685,E100000125691
22565,33.41,[74817],E100000121107,E100001011561
10134,99.73,[6119],E100000123038,E100000123439
23186,,[97733],E100001013344,E100001000537
10131,98.35,[6119],E100000123042,E100000123439
3839,29.9,[5444],E100000000968,E100000001753
22073,91.67,[11569],E100000003733,E100001011106
18818,4.8,[6119],E100000128859,E100000001753
17380,100.0,[6119],E100000128820,E100000123261
18451,100.0,[6119],E100000128849,E100000123261
10170,11.29,[6119],E100000123958,E100000124675
10168,9.66,[6119],E100000123958,E100000123578
10166,7.34,[6119],E100000123958,E100000123329
10163,100.0,[6119],E100000123018,E100000123956
10167,7.01,[6119],E100000123958,E100000124676
10217,51.0,[6119],E100000123058,E100000122058
10114,51.0,[6119],E100000123077,E100000122804
10201,30.0,[6119],E100000123060,E100000123969
10178,100.0,[6119],E100000123048,E100000123961
10196,54.61,[6119],E100000123118,E100000122537
22780,100.0,"[75497, 75500, 114210]",E100001011830,E100001011744
22445,90.0,[74068],E100001010466,E100001011407
10212,72.24,[6119],E100000123981,E100000124681
10192,100.0,[6119],E100000123114,E100000123966
17919,25.0,[6119],E100000128817,E100000130337
18430,100.0,[6119],E100000128847,E100000123261
23402,80.0,"[99029, 99030]",E100001013792,E100000132048
10121,9.41,[6119],E100000124671,E100000125584
10143,100.0,[6119],E100000123020,E100000123439
10150,84.18,[6119],E100000124683,E100000124672
10133,0.27,[6119],E100000123038,E100000001753
22869,,"[76052, 76050]",E100001012024,E100000001755
10155,9.09,[6119],E100000123068,E100000001435
10216,100.0,[6119],E100000123352,E100000124683
10154,90.91,[6119],E100000123068,E100000123371
10209,100.0,[6119],E100000123094,E100000123958
10172,85.78,[6119],E100000123026,E100000123957
10153,100.0,[6119],E100000123066,E100000123572
3588,100.0,[5227],E100001000191,E100001000192
22674,42.17,"[75098, 75097]",E100000003022,E100001011669
10162,100.0,[6119],E100000125487,E100000123956
10200,100.0,[6119],E100000124830,E100000125496
10169,53.29,[6119],E100000123958,E100000124674
10130,1.65,[6119],E100000123042,E100000001753
10211,27.76,[6119],E100000123981,E100000124682
10181,49.5,[6119],E100000123961,E100000124677
23592,70.0,"[101556, 101557]",E100001014281,E100001014282
17352,100.0,[6119],E100000128833,E100000128928
10146,10.0,[6119],E100000124672,E100000125584
10159,7.75,[6119],E100000123055,E100000123954
10135,100.0,[6119],E100000123100,E100000123456
10120,12.54,[6119],E100000124671,E100000123424
10119,100.0,[6119],E100000123965,E100000124671
10198,100.0,[6119],E100000123979,E100000123980
22177,80.0,"[11682, 11683]",E100000001999,E100001011186
17355,2.4,[6119],E100000124483,E100000001753
23492,75.0,"[100804, 100805]",E100001014097,E100001014099
22312,100.0,"[11919, 11920]",E100000000361,E100001000914
10171,14.22,[6119],E100000123026,E100000123111
10113,49.0,[6119],E100000123077,E100000123943
10210,100.0,[6119],E100000123978,E100000125584
21678,43.5,[8037],E100000121481,E100001000934
10165,11.4,[6119],E100000123958,E100000001753
10188,100.0,[6119],E100000123017,E100000123965
18791,97.04,[6119],E100000128795,E100000123261
10197,27.5,[6119],E100000123118,E100000123967
10194,10.4,[6119],E100000123118,E100000001753
10195,7.5,[6119],E100000123118,E100000123261
18720,100.0,[6119],E100000128743,E100000000239
18467,100.0,[6119],E100000128852,E100000128958
23267,,[97733],E100001013500,E100001000537
10191,99.0,[6119],E100000123966,E100000124679
23338,65.0,[98779],E100001013674,E100000131832
10208,100.0,[6119],E100000123095,E100000123026
23555,30.37,[101339],E100001014222,E100000001096
17382,100.0,[6119],E100000128819,E100000130337
10158,18.55,[6119],E100000123055,E100000123939
10160,10.0,[6119],E100000124167,E100000125584
10202,70.0,[6119],E100000123060,E100000000218
10190,1.0,[6119],E100000123966,E100000001753
10147,90.0,[6119],E100000124672,E100000125690
10218,49.0,[6119],E100000123058,E100000123628
23006,37.6,"[78089, 78090]",E100001012537,E100000000561
10189,100.0,[6119],E100000123624,E100000125585
17422,15.14,[6119],E100000128742,E100000128930
20465,,[6508],E100001010330,E100001010331
10132,100.0,[6119],E100000123079,E100000123439
21968,100.0,[11196],E100000132833,E100001011023
18790,2.96,[6119],E100000128795,E100000001753
10230,9.78,[6119],E100000123121,E100000125497
15236,100.0,[6119],E100000129375,E100000129738
10219,100.0,[6119],E100000123045,E100000123657
10303,51.0,[6119],E100000122470,E100000123990
10237,51.0,[6119],E100000123090,E100000123976
10255,100.0,[6119],E100000123982,E100000123261
10267,90.0,[6119],E100000004346,E100000000294
10300,15.28,[6119],E100000123949,E100000124692
10323,100.0,[6119],E100000123663,E100000124693
10250,66.67,[6119],E100000123015,E100000123981
10220,70.0,[6119],E100000123625,E100000124684
10294,100.0,[6119],E100000124057,E100000123922
10256,100.0,[6119],E100000125137,E100000000292
10318,60.0,[6119],E100000122959,E100000122885
10305,100.0,[6119],E100000000159,E100000123261
10325,99.0,[6119],E100000122926,E100000123474
17942,100.0,[6119],E100000129387,E100000129732
10249,33.33,[6119],E100000123015,E100000123978
10233,10.0,[6119],E100000124673,E100000125584
10282,56.0,[6119],E100000124689,E100000001402
10235,3.0,[6119],E100000123090,E100000001753
15251,100.0,[6119],E100000129404,E100000129738
10293,100.0,[6119],E100000124416,E100000125139
10308,100.0,[6119],E100000124436,E100000123261
10319,100.0,[6119],E100000122880,E100000122885
18709,100.0,[6119],E100000129462,E100000123874
10248,100.0,[6119],E100000123110,E100000123715
10280,30.0,[6119],E100000122779,E100000123985
18572,49.0,[6119],E100000129379,E100000129740
10253,100.0,[6119],E100000124066,E100000124686
10245,4.49,[6119],E100000123715,E100000001753
10291,100.0,[6119],E100000123987,E100000000232
10263,98.84,[6119],E100000122392,E100000123852
10257,100.0,[6119],E100000001737,E100000125693
10247,68.76,[6119],E100000123715,E100000124685
10271,100.0,[6119],E100000123783,E100000123261
10258,61.23,[6119],E100000000292,E100000125693
10287,20.0,[6119],E100000123577,E100000124690
10254,100.0,[6119],E100000122844,E100000123982
10295,100.0,[6119],E100000124592,E100000123922
10322,100.0,[6119],E100000001634,E100000125774
10276,1.23,[6119],E100000123983,E100000001753
10272,100.0,[6119],E100000122746,E100000123983
18621,40.0,[6119],E100000129402,E100000129740
15216,100.0,[6119],E100000129506,E100000129738
10238,100.0,[6119],E100000123028,E100000123525
10236,46.0,[6119],E100000123090,E100000123261
10285,100.0,[6119],E100000000231,E100000123261
15279,90.0,[6119],E100000129389,E100000129739
10301,84.72,[6119],E100000123949,E100000124691
10228,100.0,[6119],E100000123075,E100000123121
10251,22.96,[6119],E100000123419,E100000123697
10284,16.0,[6119],E100000124689,E100000125138
10290,25.0,[6119],E100000003447,E100000123987
15208,100.0,[6119],E100000129388,E100000129738
10273,100.0,[6119],E100000123191,E100000123983
10278,70.0,[6119],E100000123192,E100000123983
10302,19.0,[6119],E100000122470,E100000123992
10240,100.0,[6119],E100000123088,E100000125498
10289,72.5,[6119],E100000003447,E100000123245
10261,100.0,[6119],E100000124539,E100000125137
10307,90.0,[6119],E100000124879,E100000125696
10234,90.0,[6119],E100000124673,E100000125692
10288,2.5,[6119],E100000003447,E100000001753
10252,77.04,[6119],E100000123419,E100000122320
10324,1.0,[6119],E100000122926,E100000001753
10286,80.0,[6119],E100000123577,E100000124689
15263,100.0,[6119],E100000129460,E100000129738
15264,100.0,[6119],E100000129487,E100000129738
10304,30.0,[6119],E100000122470,E100000123991
10260,6.67,[6119],E100000000292,E100000125562
15262,100.0,[6119],E100000129448,E100000129738
10306,10.0,[6119],E100000124879,E100000124453
10316,88.98,[6119],E100000122954,E100000122885
10265,55.0,[6119],E100000004345,E100000000293
10279,30.0,[6119],E100000122779,E100000123986
10312,49.0,[6119],E100000122900,E100000123682
10270,100.0,[6119],E100000123985,E100000124687
18622,40.0,[6119],E100000129402,E100000129849
18623,20.0,[6119],E100000129402,E100000129850
10269,100.0,[6119],E100000124687,E100000123261
10266,10.0,[6119],E100000004346,E100000123234
10311,51.0,[6119],E100000122900,E100000122885
10274,14.37,[6119],E100000123984,E100000123424
10275,19.72,[6119],E100000123984,E100001000465
10277,98.77,[6119],E100000123983,E100000124688
10298,100.0,[6119],E100000123950,E100000125587
10292,100.0,[6119],E100000000232,E100000125694
10264,45.0,[6119],E100000004345,E100000123245
15260,100.0,[6119],E100000129479,E100000129738
15280,10.0,[6119],E100000129389,E100000129740
10229,90.22,[6119],E100000123121,E100000125496
15232,100.0,[6119],E100000129483,E100000129738
15247,100.0,[6119],E100000129372,E100000129738
18571,2.0,[6119],E100000129379,E100000001753
10334,65.17,[6119],E100000123682,E100000001543
17714,10.0,[6119],E100000129623,E100000129801
10387,0.66,[6119],E100000125140,E100000001753
10417,100.0,[6119],E100000124326,E100000125591
15613,6.73,[6119],E100000129683,E100000129961
10372,64.0,[6119],E100000003183,E100000000213
10362,6.96,[6119],E100000123156,E100000123999
10380,100.0,[6119],E100000124000,E100000124696
10406,86.31,[6119],E100000124133,E100000000252
10352,1.21,[6119],E100000121895,E100000001753
10344,51.0,[6119],E100000122901,E100000123474
10427,51.0,[6119],E100000124067,E100000124707
10358,99.0,[6119],E100000001415,E100000123261
18563,100.0,[6119],E100000129691,E100000130380
10431,100.0,[6119],E100000124709,E100000125142
10410,47.0,[6119],E100000123699,E100000123823
10359,100.0,[6119],E100000122475,E100000123997
18631,100.0,[6119],E100000129662,E100000123957
10346,100.0,[6119],E100000123474,E100000004010
10361,1.84,[6119],E100000123156,E100000001753
10369,51.0,[6119],E100000123998,E100000124667
15245,100.0,[6119],E100000129516,E100000129738
10401,30.0,[6119],E100000123694,E100000124700
15218,100.0,[6119],E100000129577,E100000129738
10394,10.0,[6119],E100000000207,E100001000032
10424,100.0,[6119],E100000122958,E100000123810
10368,10.0,[6119],E100000123998,E100000125582
10366,9.0,[6119],E100000123998,E100000124666
10385,40.0,[6119],E100000124558,E100000125141
10430,100.0,[6119],E100000124008,E100000124708
10365,5.0,[6119],E100000123998,E100000124695
10393,90.0,[6119],E100000000207,E100000125589
10364,4.6,[6119],E100000123998,E100000001753
15224,100.0,[6119],E100000129560,E100000129738
10382,100.0,[6119],E100000124003,E100000123261
10405,13.69,[6119],E100000124133,E100000124701
10398,74.86,[6119],E100000123408,E100000124697
10353,98.79,[6119],E100000121895,E100000125500
10399,25.14,[6119],E100000123408,E100000124698
10336,64.06,[6119],E100000001542,E100000001543
10363,91.19,[6119],E100000123156,E100000123998
10350,80.0,[6119],E100000122878,E100000123474
10411,100.0,[6119],E100000125083,E100000125775
10331,100.0,[6119],E100000122881,E100000122885
10418,100.0,[6119],E100000122633,E100000123261
10390,2.36,[6119],E100000125027,E100000001753
10421,100.0,[6119],E100000124310,E100000124706
10384,54.0,[6119],E100000124558,E100000125140
15615,6.68,[6119],E100000129683,E100000129962
10342,10.0,[6119],E100000001543,E100000125528
10420,100.0,[6119],E100000122689,E100000122652
10415,100.0,[6119],E100000124706,E100000125510
10378,1.09,[6119],E100000000208,E100000001753
10396,26.33,[6119],E100000121878,E100000124003
10379,9.89,[6119],E100000000208,E100001000032
10330,100.0,[6119],E100000122896,E100000122885
15266,100.0,[6119],E100000129525,E100000129738
10397,27.04,[6119],E100000121878,E100000124002
18562,100.0,[6119],E100000129620,E100000129840
10374,70.0,[6119],E100000003184,E100000000213
10383,6.0,[6119],E100000124558,E100000123261
10329,100.0,[6119],E100000122938,E100000122885
10400,100.0,[6119],E100000122005,E100000124004
10349,20.0,[6119],E100000122878,E100000121946
10404,60.0,[6119],E100000122845,E100000124005
10403,40.0,[6119],E100000122845,E100000124006
10376,10.0,[6119],E100000003184,E100000000207
10367,20.4,[6119],E100000123998,E100000125588
10355,20.0,[6119],E100000125319,E100000123261
10356,80.0,[6119],E100000125319,E100000125352
15209,100.0,[6119],E100000129568,E100000129738
10377,100.0,[6119],E100000123131,E100000124001
10370,56.0,[6119],E100000003185,E100000000213
10388,12.53,[6119],E100000125140,E100000123261
10347,49.0,[6119],E100000122963,E100000123996
10402,70.0,[6119],E100000123694,E100000124699
10432,100.0,[6119],E100000123477,E100000124709
10392,10.0,[6119],E100000124618,E100001000032
10414,100.0,[6119],E100000124337,E100000124704
10416,100.0,[6119],E100000124324,E100000124705
10409,4.0,[6119],E100000123699,E100000001753
15234,100.0,[6119],E100000129555,E100000129738
10354,100.0,[6119],E100000125352,E100000123261
10345,34.0,[6119],E100000122901,E100000123813
10343,15.0,[6119],E100000122901,E100000000157
10328,51.0,[6119],E100000122907,E100000123474
10341,90.0,[6119],E100000001543,E100000001663
10391,90.0,[6119],E100000124618,E100001000031
10375,20.0,[6119],E100000003184,E100000124000
10327,20.0,[6119],E100000122907,E100000123995
10351,100.0,[6119],E100000003851,E100000001631
10389,86.81,[6119],E100000125140,E100000124789
10373,36.0,[6119],E100000003183,E100000000310
15614,5.26,[6119],E100000129683,E100000129963
10360,99.99,[6119],E100000123997,E100000124694
10412,70.0,[6119],E100000123862,E100000124703
10423,94.76,[6119],E100000122688,E100000122652
10422,5.24,[6119],E100000122688,E100000123613
10433,15.0,[6119],E100000004344,E100000124008
17898,75.0,[6119],E100000129770,E100000130003
10523,40.0,[6119],E100000003374,E100000000298
10530,30.0,[6119],E100000122353,E100000122607
10440,10.23,[6119],E100000122149,E100000001753
10443,100.0,[6119],E100000123212,E100000122571
10438,100.0,[6119],E100000124009,E100000124710
10532,50.0,[6119],E100000122354,E100000122355
10473,30.56,[6119],E100000124595,E100000123261
18532,20.0,[6119],E100000129797,E100000130018
10483,42.5,[6119],E100000004008,E100000124013
10490,100.0,[6119],E100000124717,E100000125703
15664,4.11,[6119],E100000129762,E100000001753
10506,100.0,[6119],E100000003373,E100000124020
20945,25.0,[],E100000131878,E100000132292
10516,26.96,[6119],E100000003375,E100000124022
10493,79.19,[6119],E100000122361,E100000000255
15253,65.39,[6119],E100000129738,E100000000273
10452,1.0,[6119],E100000122781,E100000001753
10446,100.0,[6119],E100000124147,E100000124711
17709,90.0,[6119],E100000129696,E100000130378
18046,50.82,[6119],E100000129816,E100000001753
10439,100.0,[6119],E100000125142,E100000125776
10513,16.31,[6119],E100000003375,E100000001753
15665,95.89,[6119],E100000129762,E100000123261
18531,100.0,[6119],E100000129767,E100000130016
10535,1.0,[6119],E100000124631,E100000001753
10455,20.0,[6119],E100000125294,E100000124585
10435,15.0,[6119],E100000004344,E100000124007
10529,100.0,[6119],E100000000227,E100000125594
10520,23.19,[6119],E100000004353,E100000124024
10463,94.94,[6119],E100000124811,E100000125699
10457,10.0,[6119],E100000125294,E100000124453
10496,100.0,[6119],E100000124346,E100000124719
10453,67.75,[6119],E100000122781,E100000124010
10475,100.0,[6119],E100000124601,E100000123261
10497,100.0,[6119],E100000124725,E100000123261
17710,10.0,[6119],E100000129696,E100001000032
10436,60.0,[6119],E100000004344,E100000000711
10448,10.0,[6119],E100000124711,E100000125512
10450,80.0,[6119],E100000123658,E100000123657
18553,5.31,[6119],E100000129744,E100000130020
10533,50.0,[6119],E100000122354,E100000122389
10447,90.0,[6119],E100000124711,E100000125143
10458,100.0,[6119],E100000125082,E100000125294
10485,49.5,[6119],E100000004008,E100000000293
10469,100.0,[6119],E100000125364,E100000125384
18489,100.0,[6119],E100000129710,E100000130014
18685,100.0,[6119],E100000129817,E100000123261
10537,100.0,[6119],E100000003372,E100000122342
10491,100.0,[6119],E100000124359,E100000124718
10486,55.0,[6119],E100000121801,E100000124015
10479,51.0,[6119],E100000121798,E100000000213
10444,100.0,[6119],E100000123274,E100001000472
15254,27.47,[6119],E100000129738,E100000129950
10480,49.0,[6119],E100000121798,E100000004007
10505,100.0,[6119],E100000003238,E100000000214
10464,5.06,[6119],E100000124811,E100001000032
10498,100.0,[6119],E100000123511,E100000125501
10528,100.0,[6119],E100000122396,E100000122229
10500,75.0,[6119],E100000123180,E100000124018
10437,100.0,[6119],E100000124710,E100000125698
10507,20.0,[6119],E100000003379,E100000123234
10489,100.0,[6119],E100000123872,E100000124717
18045,100.0,[6119],E100000129582,E100000123874
10466,100.0,[6119],E100000124715,E100000125700
10488,100.0,[6119],E100000004007,E100000001342
10522,60.0,[6119],E100000003374,E100000123446
10517,8.7,[6119],E100000003375,E100000123914
10539,51.0,[6119],E100000003370,E100000000225
15252,7.15,[6119],E100000129738,E100000001753
10456,70.0,[6119],E100000125294,E100000125551
10451,100.0,[6119],E100000124010,E100000124712
10481,100.0,[6119],E100000123481,E100000125593
10468,37.5,[6119],E100000123607,E100000124702
10501,17.47,[6119],E100000122366,E100000001645
10454,31.25,[6119],E100000122781,E100000124011
18554,94.69,[6119],E100000129744,E100000130019
10484,5.0,[6119],E100000004008,E100000124014
10482,3.0,[6119],E100000004008,E100000001753
10476,100.0,[6119],E100000124341,E100000124716
18533,80.0,[6119],E100000129797,E100000130017
10487,45.0,[6119],E100000121801,E100000124016
10462,100.0,[6119],E100000125144,E100000125778
10531,70.0,[6119],E100000122353,E100000123501
10534,100.0,[6119],E100000001539,E100000123261
10467,62.5,[6119],E100000123607,E100000124715
10499,100.0,[6119],E100000123908,E100000123261
10536,99.0,[6119],E100000124631,E100000001540
10477,100.0,[6119],E100000124716,E100000125701
10474,69.44,[6119],E100000124595,E100000124596
10471,56.92,[6119],E100000125384,E100000123261
10465,100.0,[6119],E100000123552,E100000124714
10441,50.41,[6119],E100000122149,E100000123261
10442,33.74,[6119],E100000122149,E100000123274
21533,100.0,[7756],E100001010747,E100000000815
10510,48.0,[6119],E100000003379,E100000000224
10460,94.09,[6119],E100000124130,E100000124713
10553,95.0,[6119],E100000003368,E100000122344
10642,26.55,[6119],E100000125147,E100000001753
10591,89.95,[6119],E100000124400,E100000124399
10615,60.0,[6119],E100000124084,E100000124728
10645,8.97,[6119],E100000125147,E100000125296
20650,100.0,[6756],E100000130928,E100000130912
10614,5.0,[6119],E100000124084,E100000124729
10613,5.0,[6119],E100000124084,E100000124730
10617,82.46,[6119],E100000124728,E100000123261
20659,,[6765],E100000130938,E100000130720
10643,8.92,[6119],E100000125147,E100000125004
10646,5.25,[6119],E100000125147,E100000125297
10561,55.0,[6119],E100000003369,E100000000225
20649,,[108002],E100000130927,E100000130718
10597,100.0,[6119],E100000124619,E100000125705
10623,0.92,[6119],E100000122352,E100000001753
10601,19.23,[6119],E100000124027,E100000124722
10618,100.0,[6119],E100000124404,E100000123261
10571,100.0,[6119],E100000122336,E100000124032
20660,100.0,[6766],E100000130939,E100000130925
10629,100.0,[6119],E100000003380,E100000000223
10592,8.7,[6119],E100000124399,E100000125562
10546,90.0,[6119],E100000122342,E100000000225
10616,17.54,[6119],E100000124728,E100000001753
10554,5.0,[6119],E100000003368,E100000124030
23187,84.67,[97991],E100001013345,E100001000400
10565,45.0,[6119],E100000122334,E100000124031
10599,19.23,[6119],E100000124027,E100000124721
10600,16.67,[6119],E100000124027,E100000124725
10598,6.41,[6119],E100000124027,E100000123261
10621,100.0,[6119],E100000124901,E100000125145
10586,65.0,[6119],E100000122400,E100000122229
10544,100.0,[6119],E100000122341,E100000000226
10587,35.0,[6119],E100000122400,E100000000226
10632,50.0,[6119],E100000124832,E100000125146
20672,45.0,[6778],E100000130957,E100000130707
10637,73.77,[6119],E100000123609,E100000124731
10628,100.0,[6119],E100000001538,E100000123261
10574,85.0,[6119],E100000122357,E100000000225
10630,10.0,[6119],E100000124832,E100000125148
3272,3.1,[5006],E100000000573,E100000001753
18946,100.0,[6119],E100000129890,E100000130381
20665,100.0,[6514],E100000130950,E100001000556
20658,,[6765],E100000130938,E100000125059
10635,100.0,[6119],E100000125295,E100000125501
10572,100.0,[6119],E100000123921,E100000123261
10627,100.0,[6119],E100000003365,E100000001538
19497,100.0,[6119],E100000129855,E100000123261
10585,5.0,[6119],E100000122394,E100000124034
19091,81.45,[6119],E100000129872,E100000130031
10588,18.64,[6119],E100000124200,E100000001753
10602,19.23,[6119],E100000124027,E100000124724
10581,16.4,[6119],E100000123912,E100000001753
10545,5.0,[6119],E100000122342,E100000124024
19023,0.86,[6119],E100000129863,E100000001753
10593,91.3,[6119],E100000124399,E100000125704
10619,95.0,[6119],E100000122344,E100000000225
10563,15.0,[6119],E100000003367,E100000000190
18548,99.0,[6119],E100000129837,E100000123261
10575,15.0,[6119],E100000122357,E100000123294
10639,95.12,[6119],E100000124731,E100000123511
10631,40.0,[6119],E100000124832,E100000125147
10633,100.0,[6119],E100000000226,E100000125501
10594,100.0,[6119],E100000124722,E100000123261
10610,36.21,[6119],E100000124018,E100000124727
10583,50.0,[6119],E100000122394,E100000002783
10644,50.31,[6119],E100000125147,E100000125295
10636,26.23,[6119],E100000123609,E100000001753
10589,58.03,[6119],E100000124200,E100000124720
20663,94.5,[6771],E100000130949,E100000130809
10638,4.88,[6119],E100000124731,E100000001753
18560,100.0,[6119],E100000129839,E100000130021
10547,5.0,[6119],E100000122342,E100000124025
20657,100.0,[6762],E100000130935,E100000130903
10584,45.0,[6119],E100000122394,E100000000226
10612,30.0,[6119],E100000124084,E100000123231
10582,65.28,[6119],E100000123912,E100000123261
10562,85.0,[6119],E100000003367,E100000122342
10626,78.06,[6119],E100000000224,E100000123261
10590,10.05,[6119],E100000124400,E100000123748
20673,40.0,[6778],E100000130957,E100000130925
20674,9.0,[6778],E100000130957,E100000000651
13622,100.0,[6119],E100000129901,E100000130383
10611,63.79,[6119],E100000124018,E100000124726
10634,100.0,[6119],E100000122282,E100000122229
18022,100.0,[6119],E100000130007,E100000130389
19090,18.55,[6119],E100000129872,E100000130032
10570,100.0,[6119],E100000003366,E100000000181
20664,5.5,[6771],E100000130949,E100000001753
6955,6.4,[6119],E100000125021,E100000125256
10624,99.08,[6119],E100000122352,E100000000501
15206,100.0,[6119],E100000129950,E100001000514
23493,25.0,[100804],E100001014097,E100001014100
20713,30.0,"[6828, 107597]",E100000131021,E100001010196
10714,49.0,[6119],E100000124050,E100000000191
10738,51.69,[6119],E100000124387,E100000001753
10706,51.0,[6119],E100000124740,E100000000221
10737,100.0,[6119],E100000000228,E100000125707
10669,65.0,[6119],E100000122414,E100000000181
10655,37.5,[6119],E100000122358,E100000000226
20719,33.0,[6619],E100000131028,E100000131143
10753,33.1,[6119],E100000124388,E100000001753
10680,90.0,[6119],E100000124047,E100000125595
10687,20.97,[6119],E100000123335,E100000001753
10688,10.3,[6119],E100000123335,E100000123261
10690,51.9,[6119],E100000123335,E100000124735
10683,83.33,[6119],E100000124044,E100000124047
10662,20.0,[6119],E100000122365,E100000000298
10657,60.0,[6119],E100000003381,E100000001662
10736,41.88,[6119],E100000124384,E100000123261
10675,96.14,[6119],E100000122431,E100000124046
10746,63.8,[6119],E100000124385,E100000123261
10661,5.0,[6119],E100000122365,E100000123917
10724,46.61,[6119],E100000124386,E100000001753
10700,50.0,[6119],E100000124738,E100000125150
10734,38.64,[6119],E100000124389,E100000123261
10686,100.0,[6119],E100000122432,E100000124047
10691,9.52,[6119],E100000123335,E100000124736
10722,29.83,[6119],E100000124382,E100000001753
10744,100.0,[6119],E100000123482,E100000000228
10741,50.0,[6119],E100000122359,E100000123482
10721,100.0,[6119],E100000003364,E100000124054
10658,30.0,[6119],E100000003381,E100000123234
10692,10.0,[6119],E100000122424,E100000124049
10745,36.2,[6119],E100000124385,E100000001753
20721,33.0,[6619],E100000131028,E100000131166
10696,100.0,[6119],E100000124632,E100000123261
10694,100.0,[6119],E100000125443,E100000124048
10682,16.67,[6119],E100000124044,E100000123937
10740,50.0,[6119],E100000122359,E100000000293
10720,44.35,[6119],E100000000222,E100000125564
10660,55.0,[6119],E100000122365,E100000000255
10650,100.0,[6119],E100000124993,E100000123261
10695,100.0,[6119],E100000125442,E100000124048
10723,70.17,[6119],E100000124382,E100000123261
10716,100.0,[6119],E100000000221,E100000125564
18050,93.87,[6119],E100000130009,E100000125708
10684,100.0,[6119],E100000124734,E100000125149
10685,100.0,[6119],E100000125149,E100000125779
10726,40.39,[6119],E100000124381,E100000001753
10647,100.0,[6119],E100000125296,E100000125295
10711,100.0,[6119],E100000124051,E100000124740
10671,100.0,[6119],E100000124735,E100000124736
10715,51.0,[6119],E100000124050,E100000124742
10739,48.31,[6119],E100000124387,E100000123261
20715,80.0,[6830],E100000131024,E100000000687
10677,97.0,[6119],E100000124588,E100000123261
10730,26.21,[6119],E100000122367,E100000124019
10719,46.28,[6119],E100000000222,E100000001537
10713,99.01,[6119],E100000123935,E100000124741
10698,100.0,[6119],E100000124739,E100000125706
10678,90.0,[6119],E100000123937,E100000125595
20855,100.0,[6964],E100001010397,E100001010398
10710,43.0,[6119],E100000121811,E100000123935
10654,20.0,[6119],E100000122358,E100000124031
18049,100.0,[6119],E100000129815,E100000130009
20687,100.0,[6793],E100000130977,E100000130931
10693,90.0,[6119],E100000122424,E100000124048
10727,59.61,[6119],E100000124381,E100000123261
10674,3.86,[6119],E100000122431,E100000001753
10742,15.0,[6119],E100000003382,E100000124055
20717,51.0,[6832],E100000131026,E100000130850
10697,100.0,[6119],E100000001537,E100000125780
10704,51.0,[6119],E100000003363,E100000124050
10701,100.0,[6119],E100000124052,E100000124738
10679,10.0,[6119],E100000123937,E100000124734
10702,19.0,[6119],E100000003363,E100000124052
10752,100.0,[6119],E100000124056,E100000123261
10718,7.05,[6119],E100000000222,E100000125780
10717,2.33,[6119],E100000000222,E100000001753
10735,58.12,[6119],E100000124384,E100000001753
18051,6.13,[6119],E100000130009,E100000125629
10712,0.99,[6119],E100000123935,E100000001753
10656,10.0,[6119],E100000003381,E100000124041
10681,10.0,[6119],E100000124047,E100000124734
10676,3.0,[6119],E100000124588,E100000001753
10733,61.36,[6119],E100000124389,E100000001753
10703,30.0,[6119],E100000003363,E100000124051
10707,49.0,[6119],E100000124740,E100000000222
18048,21.78,[6119],E100000129816,E100000130008
10659,100.0,[6119],E100000123493,E100000124733
20718,49.0,[6832],E100000131026,E100000001753
10725,53.39,[6119],E100000124386,E100000123261
10663,20.0,[6119],E100000122365,E100000000226
10699,50.0,[6119],E100000124738,E100000001372
20716,20.0,[6830],E100000131024,E100000000031
10709,20.0,[6119],E100000121811,E100000124053
10708,12.0,[6119],E100000121811,E100000123936
10773,100.0,[6119],E100000124747,E100000125151
10791,50.0,[6119],E100000123435,E100000123619
10789,10.0,[6119],E100000125153,E100000125782
10843,25.32,[6119],E100000124165,E100000124755
10808,16.0,[6119],E100000121935,E100000123433
10840,18.27,[6119],E100000124165,E100000124756
20744,100.0,"[6853, 108147]",E100000131063,E100000001119
10794,100.0,[6119],E100000003201,E100000124062
10847,60.0,[6119],E100000121930,E100000000157
10848,40.0,[6119],E100000121930,E100001000436
20789,100.0,[6895],E100000131052,E100000131153
10839,3.07,[6119],E100000124165,E100000001753
10782,90.0,[6119],E100000124751,E100000125708
10833,3.96,[6119],E100000123172,E100000001753
10802,60.0,[6119],E100000003200,E100000000213
10798,55.3,[6119],E100000121972,E100000121973
10797,44.7,[6119],E100000121972,E100000124063
20746,14.3,[6854],E100000131065,E100000123999
20747,14.3,[6854],E100000131065,E100000131167
10852,63.68,[6119],E100000124761,E100000125709
10783,10.0,[6119],E100000124751,E100000125629
10768,100.0,[6119],E100000123250,E100000124746
10775,61.74,[6119],E100000124252,E100000123485
10759,100.0,[6119],E100000122855,E100000124058
10837,100.0,[6119],E100000124068,E100000123261
10841,13.92,[6119],E100000124165,E100000124757
10836,100.0,[6119],E100000124188,E100000124754
10817,93.33,[6119],E100000121952,E100000000181
10831,100.0,[6119],E100000125182,E100000125298
10804,90.0,[6119],E100000003198,E100000000213
10792,100.0,[6119],E100000124752,E100000125153
20720,33.0,[6619],E100000131028,E100000131029
20722,1.0,[6619],E100000131028,E100000001753
10801,18.0,[6119],E100000003199,E100000000211
10820,100.0,[6119],E100000123223,E100000123261
10810,100.0,[6119],E100000121938,E100000000181
10784,100.0,[6119],E100000124746,E100000125152
10819,100.0,[6119],E100000123221,E100000123261
10821,100.0,[6119],E100000123162,E100000123261
10806,51.0,[6119],E100000123222,E100000123544
20732,100.0,"[6748, 107493]",E100000131044,E100000130846
10764,100.0,[6119],E100000125086,E100000125781
20726,,"[107730, 107731, 107732]",E100000131033,E100000130851
10807,49.0,[6119],E100000123222,E100000124065
10761,51.0,[6119],E100000124059,E100000124743
10763,100.0,[6119],E100000122857,E100000124059
10838,65.0,[6119],E100000123171,E100000124068
10774,16.4,[6119],E100000124252,E100000123329
10822,100.0,[6119],E100000124210,E100000123618
10765,54.12,[6119],E100000122515,E100000122607
10766,39.26,[6119],E100000122515,E100000124060
10754,66.9,[6119],E100000124388,E100000123261
10767,6.62,[6119],E100000122515,E100000124061
10779,10.0,[6119],E100000123485,E100000124666
10844,10.49,[6119],E100000124165,E100000124758
10786,100.0,[6119],E100000123434,E100000125597
10780,10.0,[6119],E100000123485,E100000125582
10849,100.0,[6119],E100000123173,E100000123261
10776,10.93,[6119],E100000124252,E100000124748
10777,5.47,[6119],E100000124252,E100000124750
10757,100.0,[6119],E100000123472,E100000125596
10799,100.0,[6119],E100000123618,E100000000213
10832,70.0,[6119],E100000125298,E100000123172
10795,100.0,[6119],E100000124062,E100000124753
10790,50.0,[6119],E100000123435,E100000124752
10778,5.47,[6119],E100000124252,E100000124749
10825,81.65,[6119],E100000121924,E100000123370
10762,15.0,[6119],E100000124059,E100000124745
10805,10.0,[6119],E100000003198,E100000124064
10834,70.0,[6119],E100000123172,E100000124066
10785,100.0,[6119],E100000122518,E100000123327
20753,,[107917],E100000131068,E100000131048
10850,50.0,[6119],E100000121932,E100000000181
10824,16.04,[6119],E100000121924,E100000123618
10771,100.0,[6119],E100000124800,E100000123261
20724,,[107659],E100000131031,E100000130840
10772,100.0,[6119],E100000124060,E100000124747
10787,95.0,[6119],E100000121925,E100000122607
10860,40.0,[6119],E100000121939,E100000000217
20654,87.0,[6758],E100000131055,E100000001753
10788,5.0,[6119],E100000121925,E100000123435
10809,84.0,[6119],E100000121935,E100000000181
10781,100.0,[6119],E100000124016,E100000124751
20735,,[6847],E100000131053,E100000124529
10793,100.0,[6119],E100000124406,E100000125154
10800,82.0,[6119],E100000003199,E100000000213
10922,100.0,[6119],E100000125002,E100000125512
10937,30.0,[6119],E100000122050,E100000124079
10877,100.0,[6119],E100000122028,E100000000157
10892,35.0,[6119],E100000123631,E100000124763
10863,27.44,[6119],E100000123220,E100000123261
18056,10.93,[6119],E100000126992,E100000124748
18057,5.47,[6119],E100000126992,E100000124750
18058,5.47,[6119],E100000126992,E100000124749
20942,100.0,[],E100001010371,E100000000962
10912,38.48,[6119],E100000124077,E100000001753
10926,14.94,[6119],E100000123484,E100001000465
21532,50.1,"[7796, 7797]",E100000121115,E100001010747
10918,100.0,[6119],E100000124271,E100000123261
10876,100.0,[6119],E100000123907,E100000125598
10953,100.0,[6119],E100000125025,E100000125301
10929,92.3,[6119],E100000124270,E100000123261
10927,78.17,[6119],E100000123484,E100000124768
10939,100.0,[6119],E100000124714,E100000125490
21008,100.0,[],E100000131205,E100000131203
10917,100.0,[6119],E100000124766,E100000124767
10951,74.51,[6119],E100000125157,E100000123261
10958,69.1,[6119],E100000123169,E100000123542
10964,100.0,[6119],E100000124085,E100000124774
10963,100.0,[6119],E100000124774,E100000125162
10946,73.33,[6119],E100000122019,E100000123261
10907,51.0,[6119],E100000003207,E100000123363
10908,19.0,[6119],E100000003207,E100000000235
10880,19.31,[6119],E100000124769,E100000125155
10925,5.93,[6119],E100000123484,E100000123424
10924,0.96,[6119],E100000123484,E100000001753
18055,61.74,[6119],E100000126992,E100000123485
10882,96.55,[6119],E100000124079,E100000123261
10885,16.67,[6119],E100000124763,E100000125157
10872,1.0,[6119],E100000124072,E100000001753
20885,100.0,[],E100001010372,E100000120682
10941,15.58,[6119],E100000000317,E100000001753
10895,100.0,[6119],E100000123236,E100000124764
21967,80.0,"[11196, 11197]",E100000132832,E100000132833
10931,100.0,[6119],E100000122051,E100000123657
10868,51.0,[6119],E100000124699,E100000124700
10942,84.42,[6119],E100000000317,E100000123261
10948,10.6,[6119],E100000124081,E100000001753
10887,100.0,[6119],E100000122046,E100000122607
10886,100.0,[6119],E100000123514,E100000124020
10864,72.56,[6119],E100000123220,E100000124071
10935,20.35,[6119],E100000124080,E100000124079
10957,30.9,[6119],E100000123169,E100000124082
10899,100.0,[6119],E100000124097,E100000123261
10865,100.0,[6119],E100000124065,E100000123261
10873,10.0,[6119],E100000124072,E100000124762
10874,100.0,[6119],E100000122082,E100000123261
10928,7.7,[6119],E100000124270,E100000001753
10875,100.0,[6119],E100000124269,E100000123261
10966,100.0,[6119],E100000125163,E100000125783
21679,100.0,[8040],E100000121575,E100001010840
10962,100.0,[6119],E100000125162,E100000124086
10932,7.6,[6119],E100000124765,E100000125161
10894,100.0,[6119],E100000125158,E100000125490
10954,100.0,[6119],E100000122112,E100000122109
10901,32.44,[6119],E100000124274,E100000123261
10950,69.4,[6119],E100000124081,E100000124770
10967,20.91,[6119],E100000122697,E100000122320
20755,,[107496],E100000131071,E100001000709
20473,95.0,[6521],E100001010341,E100001010340
10947,26.67,[6119],E100000122019,E100000124081
10930,100.0,[6119],E100000124414,E100000125159
10960,100.0,[6119],E100000124772,E100000125710
10916,89.4,[6119],E100000123174,E100000124077
18054,16.4,[6119],E100000126992,E100000123329
10959,100.0,[6119],E100000123675,E100000124772
10944,98.48,[6119],E100000123487,E100000000317
10936,60.0,[6119],E100000122050,E100000122090
10879,80.69,[6119],E100000124769,E100000123261
10938,10.0,[6119],E100000122050,E100000124080
10910,100.0,[6119],E100000001509,E100000125512
10913,54.38,[6119],E100000124077,E100000123261
10965,100.0,[6119],E100000124773,E100000125163
10904,34.21,[6119],E100000124274,E100000124765
10949,20.0,[6119],E100000124081,E100000124771
10961,100.0,[6119],E100000124086,E100000124773
10884,83.33,[6119],E100000124763,E100000125156
10911,100.0,[6119],E100000124785,E100000123261
10952,25.49,[6119],E100000125157,E100000125300
20969,100.0,[],E100001010150,E100000131254
10878,5.0,[6119],E100000122057,E100000124073
10943,1.52,[6119],E100000123487,E100000001753
10956,45.59,[6119],E100000124605,E100000123261
10933,92.4,[6119],E100000124765,E100000125160
10867,99.75,[6119],E100000124090,E100000124092
10955,54.41,[6119],E100000124605,E100000001753
10934,79.65,[6119],E100000124080,E100000124769
10881,3.45,[6119],E100000124079,E100000001753
10915,10.0,[6119],E100000123174,E100000124078
10914,0.6,[6119],E100000123174,E100000001753
10990,45.0,[6119],E100000122081,E100000124093
11051,30.0,[6119],E100000004371,E100000003186
11048,74.48,[6119],E100000124875,E100000123261
10974,1.88,[6119],E100000123334,E100000001753
11012,100.0,[6119],E100000122751,E100000122871
10991,49.5,[6119],E100000122052,E100000124092
10981,46.2,[6119],E100000124088,E100000124777
20997,100.0,[],E100000131314,E100001000782
11029,100.0,[6119],E100000124280,E100000124787
11024,100.0,[6119],E100000124784,E100000125714
20946,100.0,[],E100000131243,E100000131244
21013,100.0,[],E100000131211,E100000131254
10998,10.0,[6119],E100000123319,E100000125512
11047,25.52,[6119],E100000124875,E100000001753
11017,100.0,[6119],E100000124591,E100000125164
10977,100.0,[6119],E100000124776,E100000000279
10993,51.0,[6119],E100000122078,E100000122607
10989,55.0,[6119],E100000122018,E100000124091
20988,51.0,[],E100000131328,E100000132262
11046,100.0,[6119],E100000125165,E100000123261
23188,12.0,[97991],E100001013345,E100000000649
11074,3.0,[6119],E100000123137,E100000001753
11002,100.0,[6119],E100000123488,E100000124782
11064,9.0,[6119],E100000125100,E100001000032
3684,18.2,[5310],E100000000947,E100000000962
10970,15.0,[6119],E100000122824,E100000124085
11032,10.0,[6119],E100000123145,E100000000241
11030,4.0,[6119],E100000123145,E100000001753
10976,100.0,[6119],E100000122825,E100000124087
11041,100.0,[6119],E100000123716,E100000123261
11034,100.0,[6119],E100000004369,E100000000181
10968,79.09,[6119],E100000122697,E100000124083
11063,91.0,[6119],E100000125100,E100000125784
11056,29.39,[6119],E100000123415,E100000123273
11053,100.0,[6119],E100000124877,E100000123261
11044,100.0,[6119],E100000125131,E100000124495
11065,100.0,[6119],E100000124462,E100000125166
11010,100.0,[6119],E100000123448,E100000000229
11062,100.0,[6119],E100000124110,E100000000285
10988,45.0,[6119],E100000122018,E100000124092
11004,100.0,[6119],E100000122086,E100000122039
10980,13.33,[6119],E100000124088,E100000124779
10983,13.33,[6119],E100000124088,E100000124780
10979,0.47,[6119],E100000124088,E100000001753
11060,11.55,[6119],E100000123415,E100000124789
11009,100.0,[6119],E100000124604,E100000123261
10978,100.0,[6119],E100000124025,E100000124776
10973,100.0,[6119],E100000122820,E100000124086
11001,100.0,[6119],E100000124782,E100000124091
20947,100.0,[],E100000131237,E100000131238
11020,10.0,[6119],E100000124768,E100000125512
20990,100.0,[],E100000131334,E100000131209
10984,100.0,[6119],E100000121708,E100000124088
11043,100.0,[6119],E100000125236,E100000125237
11037,75.0,[6119],E100000124872,E100000125165
10992,50.5,[6119],E100000122052,E100000122095
11016,50.0,[6119],E100000122741,E100000124098
10987,100.0,[6119],E100000122075,E100000124090
10975,98.13,[6119],E100000123334,E100000123261
11021,90.0,[6119],E100000124768,E100000125713
11025,100.0,[6119],E100000122753,E100000124099
11015,50.0,[6119],E100000122741,E100000003253
11013,100.0,[6119],E100000124099,E100000124784
11036,10.0,[6119],E100000004370,E100000124100
11039,100.0,[6119],E100000124109,E100000124101
20956,100.0,"[80920, 6991]",E100000131280,E100000131246
11049,100.0,[6119],E100000004368,E100000001632
10969,85.0,[6119],E100000122824,E100000124084
11019,90.0,[6119],E100000125164,E100000125550
20989,49.0,[],E100000131328,E100000001753
11023,99.0,[6119],E100000123659,E100000124785
11014,100.0,[6119],E100000000229,E100000125600
11042,100.0,[6119],E100000125237,E100000125059
10997,100.0,[6119],E100000124781,E100000125599
11035,90.0,[6119],E100000004370,E100000000181
21026,100.0,[],E100000131230,E100000131229
11033,35.0,[6119],E100000123145,E100000000310
11040,100.0,[6119],E100000123130,E100000124101
11052,100.0,[6119],E100000003186,E100000000494
11059,27.84,[6119],E100000123415,E100000124788
11007,70.0,[6119],E100000122077,E100000124097
21007,100.0,[],E100000131267,E100000131268
11038,100.0,[6119],E100000123146,E100000123560
20862,,[109763],E100000131345,E100000131213
11045,100.0,[6119],E100000124002,E100000123261
10986,100.0,[6119],E100000003467,E100000124089
10982,26.66,[6119],E100000124088,E100000124778
11031,51.0,[6119],E100000123145,E100000000181
11003,75.0,[6119],E100000122109,E100000124095
11006,23.1,[6119],E100000122076,E100000124097
10996,94.76,[6119],E100000124091,E100000125599
11026,19.33,[6119],E100000123554,E100000123261
11027,80.67,[6119],E100000123554,E100000124786
11018,10.0,[6119],E100000125164,E100000124453
11000,100.0,[6119],E100000124478,E100000125712
11133,100.0,[6119],E100000000206,E100000125601
11139,40.94,[6119],E100000122570,E100000123730
11144,20.35,[6119],E100000124743,E100000125167
11167,35.39,[6119],E100000124795,E100000001753
11157,100.0,[6119],E100000125084,E100000123261
11085,100.0,[6119],E100000004374,E100000000310
11132,100.0,[6119],E100000003174,E100000000176
11179,100.0,[6119],E100000001516,E100000125717
11117,10.0,[6119],E100001000030,E100001000032
11114,100.0,[6119],E100000124992,E100000125303
11136,65.0,[6119],E100000123931,E100000000253
11174,60.0,[6119],E100000121644,E100000000483
11125,100.0,[6119],E100000123019,E100000000310
11123,100.0,[6119],E100001000029,E100001000030
11105,30.0,[6119],E100000004380,E100000000240
11153,20.1,[6119],E100000122761,E100000123261
11148,12.88,[6119],E100000124743,E100000125170
11107,25.0,[6119],E100000004380,E100000001746
11147,17.06,[6119],E100000124743,E100000125168
11099,37.5,[6119],E100000004379,E100000000255
11154,9.9,[6119],E100000122761,E100000124113
11120,20.0,[6119],E100000004373,E100000124110
11112,2.0,[6119],E100000124786,E100000001753
21028,75.0,[],E100000131355,E100000131882
11150,37.64,[6119],E100000122865,E100000124111
11100,11.5,[6119],E100000004379,E100000000240
11124,100.0,[6119],E100000124953,E100000125633
11104,60.0,[6119],E100000004381,E100000000310
11103,5.0,[6119],E100000004381,E100000124107
11090,88.0,[6119],E100000123125,E100000000310
11158,100.0,[6119],E100000124112,E100000123261
11135,35.0,[6119],E100000123931,E100000001661
11161,40.0,[6119],E100000121627,E100000001366
11134,100.0,[6119],E100000123677,E100000123261
11094,65.54,[6119],E100000123142,E100000000310
20856,100.0,[6964],E100001010398,E100000000683
11151,100.0,[6119],E100000000318,E100000125716
21029,25.0,[],E100000131355,E100000131759
11121,9.0,[6119],E100000004373,E100000000315
11156,100.0,[6119],E100000123756,E100000123261
11118,100.0,[6119],E100001000032,E100001000033
11122,51.0,[6119],E100000004373,E100000000250
11101,51.0,[6119],E100000004379,E100000000310
20937,100.0,[],E100000131396,E100000131874
20975,100.0,[],E100000131420,E100000131246
11095,24.46,[6119],E100000123142,E100000124105
11146,35.29,[6119],E100000124743,E100000125715
11126,1.0,[6119],E100000123291,E100000001753
11119,20.0,[6119],E100000004373,E100000124109
11141,90.0,[6119],E100000003482,E100000123252
11129,99.5,[6119],E100000124205,E100000123261
21027,100.0,[],E100000131354,E100000131819
11086,66.98,[6119],E100000123143,E100000000310
11142,10.0,[6119],E100000003482,E100000000215
11162,100.0,[6119],E100000124572,E100000125171
11088,100.0,[6119],E100000123148,E100000000310
11159,100.0,[6119],E100000122866,E100000124114
11087,33.02,[6119],E100000123143,E100000000288
11089,100.0,[6119],E100000004376,E100000000310
11143,100.0,[6119],E100000124113,E100000123261
11092,100.0,[6119],E100000004377,E100000000310
20875,100.0,[],E100000131371,E100000131372
11110,51.0,[6119],E100000004375,E100000000255
11166,100.0,[6119],E100000121631,E100000000262
11140,100.0,[6119],E100000124600,E100000121878
11145,14.41,[6119],E100000124743,E100000125169
11108,95.0,[6119],E100000123136,E100000000310
11106,45.0,[6119],E100000004380,E100000000310
20954,100.0,[],E100000131360,E100000131258
11077,51.0,[6119],E100000123123,E100000000310
11111,49.0,[6119],E100000004375,E100000000310
11093,10.0,[6119],E100000123142,E100000000170
11172,60.0,[6119],E100000121645,E100000000483
11155,70.0,[6119],E100000122761,E100000124112
11127,99.0,[6119],E100000123291,E100000124794
11152,100.0,[6119],E100000123495,E100000000318
11115,100.0,[6119],E100000125141,E100000123261
11131,100.0,[6119],E100000124547,E100000123261
11168,64.61,[6119],E100000124795,E100000121654
11149,62.36,[6119],E100000122865,E100000123261
11181,3.0,[6119],E100000000215,E100000001753
11180,100.0,[6119],E100000124030,E100000001516
11138,59.06,[6119],E100000122570,E100000122328
11169,99.95,[6119],E100000123324,E100000124795
11113,98.0,[6119],E100000124786,E100000123261
11128,0.5,[6119],E100000124205,E100000001753
11109,5.0,[6119],E100000123136,E100000124108
11116,90.0,[6119],E100001000030,E100001000031
11173,40.0,[6119],E100000121645,E100000123669
11191,20.0,[6119],E100000004024,E100000000313
11221,99.0,[6119],E100000125145,E100000123261
11265,44.0,[6119],E100000124120,E100000124805
11217,100.0,[6119],E100000124157,E100000124801
11215,100.0,[6119],E100000124152,E100000123261
11184,100.0,[6119],E100000000216,E100000125503
11199,12.5,[6119],E100000004030,E100000001739
11271,84.75,[6119],E100000123777,E100000123261
11205,100.0,[6119],E100000123764,E100000124796
11242,100.0,[6119],E100000124487,E100000123261
11192,55.0,[6119],E100000004024,E100000124118
11241,100.0,[6119],E100000124144,E100000124803
11258,100.0,[6119],E100000123660,E100000124804
11183,50.43,[6119],E100000121635,E100000124117
11272,43.0,[6119],E100000004321,E100000000310
11281,100.0,[6119],E100000123570,E100000001347
11261,100.0,[6119],E100000123655,E100000000181
11218,5.0,[6119],E100000123451,E100000123261
11244,30.0,[6119],E100000125160,E100000125305
11243,5.0,[6119],E100000125160,E100000123261
11189,49.57,[6119],E100000121633,E100000000310
11278,50.5,[6119],E100000123436,E100000000288
11226,100.0,[6119],E100000000266,E100000123261
11209,42.34,[6119],E100000123741,E100000124797
11285,9.9,[6119],E100000122130,E100000124121
11204,9.12,[6119],E100000004026,E100000001413
11214,99.0,[6119],E100000124073,E100000124800
11228,100.0,[6119],E100000124239,E100000123261
11257,90.0,[6119],E100000124804,E100000125718
11245,65.0,[6119],E100000125160,E100000125304
11196,77.44,[6119],E100000125081,E100000123261
11194,100.0,[6119],E100000123515,E100000123261
11275,13.7,[6119],E100000123436,E100000124807
11280,7.31,[6119],E100000123436,E100000124809
11251,100.0,[6119],E100000004031,E100001000436
11276,7.23,[6119],E100000123436,E100000124810
11277,6.64,[6119],E100000123436,E100000124811
11274,0.92,[6119],E100000123436,E100000001753
11246,100.0,[6119],E100000125304,E100000125353
11256,10.0,[6119],E100000124804,E100000125520
11230,100.0,[6119],E100000124802,E100000123261
11268,100.0,[6119],E100000124805,E100000000288
11213,1.0,[6119],E100000124073,E100000001753
11235,75.0,[6119],E100000121808,E100000000268
11198,100.0,[6119],E100000123431,E100000123404
11269,100.0,[6119],E100000000287,E100000123261
11231,100.0,[6119],E100000125026,E100000123261
11206,8.0,[6119],E100000004028,E100000124119
11200,20.0,[6119],E100000004030,E100000000266
11287,51.0,[6119],E100000003263,E100000123450
11233,100.0,[6119],E100000124429,E100000000165
11211,27.01,[6119],E100000123741,E100000124799
11190,50.43,[6119],E100000121633,E100000121611
11247,20.0,[6119],E100000124623,E100000001669
11223,100.0,[6119],E100000004027,E100000000192
11253,100.0,[6119],E100000121776,E100000001667
11216,100.0,[6119],E100000001669,E100000123261
11238,100.0,[6119],E100000000268,E100000125602
11185,100.0,[6119],E100000123295,E100000123669
11202,100.0,[6119],E100000004029,E100000124118
11286,30.0,[6119],E100000122130,E100000123480
11282,100.0,[6119],E100000003262,E100000123450
11195,22.56,[6119],E100000125081,E100000001753
20897,100.0,[],E100000131427,E100001000828
11193,25.0,[6119],E100000004024,E100000001513
11279,13.7,[6119],E100000123436,E100000124808
11227,100.0,[6119],E100000124231,E100000123261
11203,90.88,[6119],E100000004026,E100000000181
11188,100.0,[6119],E100000123407,E100000123669
11201,67.5,[6119],E100000004030,E100000000264
11229,100.0,[6119],E100000121802,E100000122607
11208,73.41,[6119],E100000004028,E100000001667
11284,60.1,[6119],E100000122130,E100000123450
11239,46.01,[6119],E100000125354,E100000001753
11207,6.42,[6119],E100000004028,E100000001668
11222,100.0,[6119],E100000125161,E100000125304
11262,100.0,[6119],E100000124806,E100000000177
21036,50.0,"[7798, 7799]",E100000131447,E100000131602
11210,30.66,[6119],E100000123741,E100000124798
11283,100.0,[6119],E100000122128,E100000123450
11260,49.0,[6119],E100000123489,E100000125603
11248,80.0,[6119],E100000124623,E100000125172
11255,95.0,[6119],E100000121777,E100000001667
11273,57.0,[6119],E100000004321,E100000124120
11254,5.0,[6119],E100000121777,E100000001753
11234,25.0,[6119],E100000121808,E100000000217
11252,100.0,[6119],E100000121922,E100000001667
11212,100.0,[6119],E100000125015,E100000123741
11219,95.0,[6119],E100000123451,E100000124802
11220,1.0,[6119],E100000125145,E100000001753
11394,85.73,[6119],E100000122830,E100000124137
11357,75.0,[6119],E100000123452,E100000124819
20871,15.0,"[108442, 108443]",E100000131449,E100000003335
11301,100.0,[6119],E100000003261,E100000000218
11312,37.45,[6119],E100000123176,E100000124126
11392,100.0,[6119],E100000124827,E100000125723
11332,100.0,[6119],E100000124702,E100000125175
11294,100.0,[6119],E100000125346,E100000125674
21024,100.0,[],E100000131511,E100000132035
11317,40.0,[6119],E100000122160,E100000124128
11355,99.92,[6119],E100000124819,E100000125178
11298,100.0,[6119],E100000124121,E100000124813
20921,100.0,[],E100000131545,E100000001140
11393,1.59,[6119],E100000122830,E100000001753
11347,10.0,[6119],E100000121816,E100000123357
11340,81.15,[6119],E100000124814,E100000125604
11381,100.0,[6119],E100000122840,E100000122843
11376,100.0,[6119],E100000122842,E100000124135
11383,98.0,[6119],E100000123453,E100000125606
11343,99.0,[6119],E100000123897,E100000124817
11351,24.0,[6119],E100000121817,E100000123497
11350,100.0,[6119],E100000124132,E100000124818
11385,90.0,[6119],E100000123454,E100000124825
11318,60.0,[6119],E100000122160,E100000122607
11293,20.0,[6119],E100000124574,E100000125174
20962,64.4,[108325],E100000131497,E100000132284
11379,100.0,[6119],E100000122838,E100000124136
11311,62.55,[6119],E100000123176,E100000123261
11380,100.0,[6119],E100000122836,E100000124136
11309,30.6,[6119],E100000122144,E100000123852
11363,10.0,[6119],E100000124820,E100000125719
11328,50.0,[6119],E100000003269,E100000001581
11389,21.92,[6119],E100000123499,E100000124828
11361,5.8,[6119],E100000124820,E100000125181
11337,100.0,[6119],E100000124131,E100000123735
11353,100.0,[6119],E100000124745,E100000125177
20963,,[108326],E100000131497,E100000132291
20904,100.0,[],E100000131568,E100001000755
11325,100.0,[6119],E100000123177,E100000124129
11375,35.0,[6119],E100000123787,E100000125605
11369,7.08,[6119],E100000124364,E100000124822
20476,20.0,[6521],E100001010343,E100001010344
11371,100.0,[6119],E100000124824,E100000125720
11377,100.0,[6119],E100000124136,E100000122843
18063,26.64,[6119],E100000129528,E100000129816
11314,90.0,[6119],E100000124815,E100000125604
11344,90.0,[6119],E100000121814,E100000000192
11345,10.0,[6119],E100000121814,E100000124132
21037,33.0,"[7798, 7799]",E100000131447,E100000131814
11373,100.0,[6119],E100000122701,E100000124134
20970,100.0,[],E100000131535,E100000131256
11342,1.0,[6119],E100000123897,E100000001753
11382,2.0,[6119],E100000123453,E100000001753
18065,7.0,[6119],E100000129528,E100000129819
11368,5.82,[6119],E100000124364,E100000123261
11300,100.0,[6119],E100000124124,E100000000218
11367,87.1,[6119],E100000124364,E100000001753
21038,17.0,[],E100000131447,E100000001753
11362,32.0,[6119],E100000124820,E100000125179
11310,100.0,[6119],E100000124292,E100000123261
11303,100.0,[6119],E100000122140,E100000000218
11324,30.0,[6119],E100000122165,E100000123480
11289,29.0,[6119],E100000003263,E100000124122
11323,70.0,[6119],E100000122165,E100000000213
11390,90.0,[6119],E100000124826,E100000125721
11358,10.0,[6119],E100000123452,E100000124821
11341,8.93,[6119],E100000124814,E100000124702
11391,10.0,[6119],E100000124826,E100000125722
11326,100.0,[6119],E100000123687,E100000124814
20859,100.0,[],E100000131475,E100001001130
11299,100.0,[6119],E100000003260,E100000124124
11306,60.0,[6119],E100000122125,E100000000218
11384,10.0,[6119],E100000123454,E100000125512
11304,10.0,[6119],E100000122125,E100000124125
11388,31.23,[6119],E100000123499,E100000124827
11349,90.0,[6119],E100000124818,E100000125176
11292,80.0,[6119],E100000124574,E100000125173
11374,65.0,[6119],E100000123787,E100000124824
11378,100.0,[6119],E100000122699,E100000122843
21022,100.0,[],E100000131494,E100000131215
11386,100.0,[6119],E100000124825,E100000125606
11387,46.85,[6119],E100000123499,E100000124826
11352,76.0,[6119],E100000121817,E100000000192
11360,90.0,[6119],E100000124821,E100000125179
11329,10.43,[6119],E100000001522,E100000124815
11364,52.2,[6119],E100000124820,E100000125180
11296,100.0,[6119],E100000124812,E100000001683
11366,100.0,[6119],E100000122256,E100000122255
11297,100.0,[6119],E100000122129,E100000122143
11354,100.0,[6119],E100000122822,E100000124133
20951,,[109109],E100000131517,E100000131474
11370,100.0,[6119],E100000124267,E100000124823
11365,100.0,[6119],E100000123403,E100000123261
11395,12.68,[6119],E100000122830,E100000124138
11322,100.0,[6119],E100000122163,E100000000213
11346,90.0,[6119],E100000121816,E100000121792
11330,84.51,[6119],E100000001522,E100000125604
11372,100.0,[6119],E100000122700,E100000122698
11315,10.0,[6119],E100000124815,E100000124702
11419,29.34,[6119],E100000123738,E100000125608
11441,60.0,[6119],E100000124707,E100000124066
11464,100.0,[6119],E100000121667,E100000124156
11468,13.14,[6119],E100000124593,E100000001753
20914,100.0,"[7047, 108325]",E100000132325,E100000132284
11475,12.54,[6119],E100000004385,E100000001667
11495,21.67,[6119],E100000121740,E100000124158
11416,44.15,[6119],E100000123738,E100000124831
11424,100.0,[6119],E100000122851,E100000124141
11457,100.0,[6119],E100000121851,E100000124155
11479,55.88,[6119],E100000123292,E100000000316
11484,49.59,[6119],E100000123786,E100000124842
11465,21.78,[6119],E100000123953,E100000124840
11407,63.38,[6119],E100000123537,E100000123834
20928,100.0,[],E100000132315,E100001000638
20918,100.0,[],E100000131591,E100000131252
20991,100.0,[],E100000131576,E100000132161
11410,100.0,[6119],E100000123856,E100000123261
11405,90.0,[6119],E100000124611,E100000001663
11429,100.0,[6119],E100000124141,E100000124836
11453,99.0,[6119],E100000124151,E100000124837
11437,26.0,[6119],E100000122066,E100000124145
11450,25.0,[6119],E100000121855,E100000124154
20943,50.0,[],E100000131878,E100000131479
11428,100.0,[6119],E100000122799,E100000124142
11447,26.36,[6119],E100000121869,E100000124150
11471,100.0,[6119],E100000124841,E100000000316
11432,1.22,[6119],E100000122037,E100000001753
11412,100.0,[6119],E100000122093,E100000001509
11401,100.0,[6119],E100000124139,E100000124829
11431,100.0,[6119],E100000124145,E100000123261
11436,49.0,[6119],E100000122066,E100000124144
11425,100.0,[6119],E100000124378,E100000123261
11435,100.0,[6119],E100000124143,E100000124714
11477,18.18,[6119],E100000121819,E100000123292
20949,100.0,"[10405, 10406]",E100001000452,E100000132229
11446,33.0,[6119],E100000121869,E100000124149
11433,98.78,[6119],E100000122037,E100000124143
11456,100.0,[6119],E100000124837,E100000123261
11466,78.22,[6119],E100000123953,E100000124839
11478,44.12,[6119],E100000123292,E100000124841
11491,34.0,[6119],E100000121739,E100000122607
11488,4.64,[6119],E100000123307,E100000001753
11455,100.0,[6119],E100000124153,E100000123261
11443,39.14,[6119],E100000122008,E100000001753
11438,23.0,[6119],E100000122068,E100000124147
11400,84.8,[6119],E100000125282,E100000125797
11482,100.0,[6119],E100000124808,E100000125183
11485,46.79,[6119],E100000123786,E100000124843
11418,13.99,[6119],E100000123738,E100000124832
11415,6.26,[6119],E100000123738,E100000124833
11454,100.0,[6119],E100000124154,E100000123261
21184,100.0,[7000],E100000131569,E100001010434
11483,3.62,[6119],E100000123786,E100000001753
11496,42.78,[6119],E100000121740,E100000123465
20948,100.0,[],E100000132299,E100000132295
11445,40.64,[6119],E100000121869,E100000124148
11469,86.86,[6119],E100000124593,E100000123261
11481,51.0,[6119],E100000125183,E100000125787
11406,10.0,[6119],E100000124611,E100000125528
11451,25.0,[6119],E100000121855,E100000124153
11490,8.95,[6119],E100000123307,E100000124845
11439,77.0,[6119],E100000122068,E100000124146
11462,100.0,[6119],E100000002824,E100000124156
11476,81.82,[6119],E100000121819,E100000003123
11398,93.23,[6119],E100000123455,E100000125607
11470,100.0,[6119],E100000123854,E100000123261
11448,25.0,[6119],E100000121855,E100000124152
11399,15.2,[6119],E100000125282,E100000125607
11449,25.0,[6119],E100000121855,E100000124151
11489,86.41,[6119],E100000123307,E100000123309
11396,100.0,[6119],E100000124138,E100000123261
11402,40.0,[6119],E100000122829,E100000124140
11422,43.82,[6119],E100000123233,E100000125609
11492,66.0,[6119],E100000121739,E100000123465
11397,6.77,[6119],E100000123455,E100000124453
20477,100.0,[6376],E100001010344,E100000000953
11430,100.0,[6119],E100000004355,E100000123931
11461,100.0,[6119],E100000124156,E100000000491
11420,26.18,[6119],E100000123233,E100000001753
20922,10.58,"[108353, 108423]",E100000131987,E100000131722
11440,100.0,[6119],E100000125363,E100000125386
11403,60.0,[6119],E100000122829,E100000124139
11460,100.0,[6119],E100000121975,E100000123261
11427,100.0,[6119],E100000124835,E100000123231
21180,100.0,[6119],E100000129692,E100000130448
11458,100.0,[6119],E100000123899,E100000124838
11426,100.0,[6119],E100000000305,E100000123261
20941,100.0,[],E100000132230,E100000131922
11421,10.0,[6119],E100000123233,E100000123261
11472,85.0,[6119],E100000004386,E100001000436
11494,35.0,[6119],E100000121740,E100000122058
11467,100.0,[6119],E100000123952,E100000123261
11473,15.0,[6119],E100000004386,E100000124157
11408,21.17,[6119],E100000123537,E100000124830
11409,15.46,[6119],E100000123537,E100000000230
11606,100.0,[6119],E100000124325,E100000124323
11592,100.0,[6119],E100000122301,E100000000175
21207,24.0,[7013],E100001010448,E100001010450
11503,100.0,[6119],E100000123465,E100000000189
11549,90.91,[6119],E100000000300,E100000125704
21206,74.0,[7013],E100001010448,E100001010449
11609,6.22,[6119],E100000122427,E100000001753
11605,100.0,[6119],E100000122670,E100000124172
11585,42.24,[6119],E100000122293,E100000123329
11589,100.0,[6119],E100000121668,E100000122150
11524,13.0,[6119],E100000121847,E100000121837
11526,8.0,[6119],E100000121847,E100000124161
11525,5.0,[6119],E100000121847,E100000124162
11521,5.0,[6119],E100000121847,E100000001753
11552,100.0,[6119],E100000122142,E100000124163
18070,70.0,[6119],E100000126826,E100000122410
11561,100.0,[6119],E100000124756,E100000124757
11534,51.0,[6119],E100000121640,E100000001366
11603,86.88,[6119],E100000122671,E100000124171
11530,30.0,[6119],E100000123951,E100000123439
22313,51.0,[11925],E100000002038,E100001011282
11598,100.0,[6119],E100000123664,E100000000175
11512,100.0,[6119],E100000124159,E100000125610
11522,16.0,[6119],E100000121847,E100000123892
11593,100.0,[6119],E100000125464,E100000122301
18074,0.24,[6119],E100000126598,E100000001753
11576,11.55,[6119],E100000124166,E100000001753
11604,100.0,[6119],E100000124331,E100000124304
11602,12.26,[6119],E100000122671,E100000123261
11591,20.0,[6119],E100000122905,E100000124169
11572,100.0,[6119],E100000124064,E100000001670
11519,50.24,[6119],E100000001392,E100000124846
11538,9.38,[6119],E100000125281,E100000125356
11540,9.38,[6119],E100000125281,E100000125358
11541,9.38,[6119],E100000125281,E100000125357
11600,55.0,[6119],E100000122667,E100000124170
11544,9.38,[6119],E100000125281,E100000125360
11511,100.0,[6119],E100000122032,E100000125504
11579,95.09,[6119],E100000123204,E100000124166
11547,100.0,[6119],E100000122404,E100000000226
11584,100.0,[6119],E100000122290,E100000124168
11539,9.38,[6119],E100000125281,E100000125355
11537,9.38,[6119],E100000125281,E100000125359
11528,51.0,[6119],E100000121626,E100000001366
11546,6.0,[6119],E100000125281,E100000125362
3306,100.0,[5096],E100001000059,E100001000060
11556,100.0,[6119],E100000122512,E100000124164
3188,5.0,"[1470, 1469]",E100000002770,E100000000596
11536,100.0,[6119],E100000124609,E100000125724
11553,1.85,[6119],E100000124163,E100000001753
11505,95.0,[6119],E100000122529,E100000000262
11555,100.0,[6119],E100000124847,E100000125725
18068,100.0,[6119],E100000130008,E100000123261
11599,45.0,[6119],E100000122667,E100000123261
11513,100.0,[6119],E100000122450,E100000124159
11582,100.0,[6119],E100000123103,E100000124167
11510,100.0,[6119],E100000123432,E100000125504
11590,80.0,[6119],E100000122905,E100000123240
11595,64.0,[6119],E100000123665,E100000121689
11527,100.0,[6119],E100000121820,E100000121853
22178,,[11693],E100000004249,E100001011189
11577,57.5,[6119],E100000124166,E100000123261
11551,80.1,[6119],E100000123294,E100000000300
11504,5.0,[6119],E100000122529,E100000000188
11575,100.0,[6119],E100000124070,E100000123261
11550,19.9,[6119],E100000123294,E100000001753
11554,98.15,[6119],E100000124163,E100000124847
11514,100.0,[6119],E100000124316,E100000123261
11531,70.0,[6119],E100000123951,E100000001366
11560,100.0,[6119],E100000001670,E100000125726
11557,60.0,[6119],E100000124789,E100000123261
637,40.67,"[1470, 1469]",E100000002770,E100000000588
11566,100.0,[6119],E100000124759,E100000124165
11608,88.25,[6119],E100000123377,E100000123261
11559,100.0,[6119],E100000123641,E100000125612
5874,7.4,"[6106, 6107]",E100001000859,E100000001723
11586,57.76,[6119],E100000122293,E100000000175
11558,40.0,[6119],E100000124789,E100000125141
18073,100.0,[6119],E100000129005,E100000129065
11587,70.0,[6119],E100000123392,E100000123240
11580,100.0,[6119],E100000123102,E100000123956
11601,0.87,[6119],E100000122671,E100000001753
11607,11.75,[6119],E100000123377,E100000001753
11535,49.0,[6119],E100000121640,E100000121611
7813,53.81,[6119],E100000123371,E100000001663
18071,51.0,[6119],E100000126465,E100000128055
11594,100.0,[6119],E100000122618,E100000122301
11574,100.0,[6119],E100000124760,E100000124165
11588,100.0,[6119],E100000122563,E100000123392
11543,24.15,[6119],E100000125281,E100000125354
18067,16.0,[6119],E100000129528,E100000129817
11508,60.0,[6119],E100000004025,E100000001666
11548,9.09,[6119],E100000000300,E100000125562
11523,53.0,[6119],E100000121847,E100000121853
21534,,[7756],E100000121341,E100000001648
11686,36.97,[6119],E100000123521,E100000123261
11642,100.0,[6119],E100000123166,E100000123261
11617,56.55,[6119],E100000123167,E100000124175
11691,16.25,[6119],E100000124861,E100000125186
11679,94.49,[6119],E100000124175,E100000124862
11678,5.51,[6119],E100000124175,E100000001753
11677,100.0,[6119],E100000124852,E100000123261
11619,16.1,[6119],E100000123523,E100000125614
20860,100.0,"[109655, 109656]",E100000131694,E100001010133
11660,100.0,[6119],E100000123831,E100000123261
11695,35.0,[6119],E100000121688,E100000124185
11622,14.68,[6119],E100000123523,E100000125615
11621,7.05,[6119],E100000123523,E100000125616
19393,90.0,[6119],E100000126429,E100000128188
21245,100.0,[5862],E100000131627,E100001000400
11699,76.74,[6119],E100000124867,E100000125187
11701,49.0,[6119],E100000124186,E100000124826
21244,69.52,[7027],E100000000175,E100000000239
11685,13.47,[6119],E100000123521,E100000001753
11687,11.3,[6119],E100000123521,E100000124864
11688,10.59,[6119],E100000123521,E100000124865
11690,5.55,[6119],E100000123521,E100000124866
11670,5.41,[6119],E100000124182,E100000124860
11696,100.0,[6119],E100000125187,E100000125617
11658,100.0,[6119],E100000124863,E100000123261
11702,35.19,[6119],E100000124186,E100000124861
15158,22.66,[6119],E100000127446,E100000001753
11671,85.29,[6119],E100000124182,E100000124859
11632,100.0,[6119],E100000124854,E100000123261
11682,95.0,[6119],E100000124693,E100000001634
21227,100.0,[6119],E100000129470,E100000130443
11697,100.0,[6119],E100000125339,E100000125187
8800,45.0,[6119],E100000122569,E100000123710
21236,100.0,[6119],E100000128683,E100001000086
11652,100.0,[6119],E100000125128,E100000125788
11700,23.26,[6119],E100000124867,E100000125188
11703,15.81,[6119],E100000124186,E100000124867
11648,100.0,[6119],E100000124859,E100000125185
11644,34.0,[6119],E100000121686,E100000124178
11613,100.0,[6119],E100000124853,E100000123261
21228,100.0,[6119],E100000129457,E100000130443
11692,83.75,[6119],E100000124861,E100000124867
21240,75.0,[6119],E100000128463,E100000130418
21238,100.0,[6119],E100000129603,E100000130439
3667,100.0,[5298],E100001000236,E100001000237
21247,100.0,[7028],E100001010562,E100000131931
21253,52.0,[7034],E100000131793,E100000131558
11693,100.0,[6119],E100000121691,E100000003048
11653,60.0,[6119],E100000121685,E100000124180
11675,50.0,[6119],E100000124177,E100000000173
11633,48.57,[6119],E100000121693,E100000124176
11708,100.0,[6119],E100000124856,E100000123261
11715,50.0,[6119],E100000121956,E100000122150
3310,100.0,[5096],E100001000065,E100001000060
11643,5.0,[6119],E100000121686,E100000001753
11610,54.3,[6119],E100000122427,E100000123261
11681,5.0,[6119],E100000124693,E100000001753
11651,100.0,[6119],E100000123968,E100000123261
11689,22.12,[6119],E100000123521,E100000124863
8799,55.0,[6119],E100000122569,E100000000217
11618,37.78,[6119],E100000123523,E100000001753
11641,100.0,[6119],E100000124295,E100000123261
11716,50.0,[6119],E100000121956,E100000121973
11676,50.0,[6119],E100000124177,E100000124861
11683,66.49,[6119],E100000124857,E100000001753
21260,50.87,[7037],E100000132165,E100001010566
11662,60.77,[6119],E100000123522,E100000124857
21241,100.0,[6119],E100000127684,E100000130515
11649,100.0,[6119],E100000125401,E100000123261
11635,100.0,[6119],E100000121713,E100000121694
11634,51.43,[6119],E100000121693,E100000121694
11709,100.0,[6119],E100000124855,E100000123261
21237,100.0,[6119],E100000129466,E100000130457
11620,24.39,[6119],E100000123523,E100000125613
11639,60.76,[6119],E100000121702,E100000121694
11669,9.3,[6119],E100000124182,E100000001753
11655,35.0,[6119],E100000121685,E100000000186
11694,65.0,[6119],E100000121688,E100000000186
11661,39.23,[6119],E100000123522,E100000124858
11640,50.0,[6119],E100000121696,E100000124177
7811,34.67,[6119],E100000123371,E100000123329
11659,100.0,[6119],E100000123678,E100000123261
21261,15.45,[7037],E100000132165,E100001010567
20454,20.0,[6495],E100000003277,E100001010323
11647,99.97,[6119],E100000124860,E100000125184
11614,47.37,[6119],E100000124858,E100000001753
7814,5.98,[6119],E100000123371,E100000125528
7812,5.54,[6119],E100000123371,E100001000401
11713,100.0,[6119],E100000124868,E100000125727
11663,100.0,[6119],E100000125310,E100000125364
11615,52.63,[6119],E100000124858,E100000123261
11672,100.0,[6119],E100000124850,E100000123261
11616,43.45,[6119],E100000123167,E100000001753
11656,25.0,[6119],E100000003048,E100000123663
21254,48.0,[7034],E100000131793,E100001000782
11684,33.51,[6119],E100000124857,E100000123261
11645,51.0,[6119],E100000121686,E100000000181
11612,21.7,[6119],E100000122427,E100000124173
11650,100.0,[6119],E100000125184,E100000125309
11786,83.33,[6119],E100000121715,E100000123261
21278,59.5,[7046],E100001000710,E100001010578
11795,51.0,[6119],E100000123867,E100000124881
11767,100.0,[6119],E100000122174,E100000124189
11778,75.0,[6119],E100000125192,E100000125696
11798,100.0,[6119],E100000123592,E100000000252
11773,2.96,[6119],E100000125191,E100000001753
11785,100.0,[6119],E100000125180,E100000125314
11806,72.5,[6119],E100000122460,E100000124195
11776,8.33,[6119],E100000125192,E100000124453
21277,33.0,"[7006, 109786]",E100000131448,E100001000765
11720,100.0,[6119],E100000121744,E100000121749
11759,20.34,[6119],E100000124878,E100000125190
11822,14.56,[6119],E100000125407,E100000125412
11719,20.0,[6119],E100000121957,E100000124188
11723,100.0,[6119],E100000124465,E100000124467
11807,20.0,[6119],E100000122460,E100000124196
11734,100.0,[6119],E100000124100,E100000124870
11742,100.0,[6119],E100000125189,E100000123261
11805,7.5,[6119],E100000122460,E100000123261
11762,100.0,[6119],E100000000235,E100000125620
11800,51.0,[6119],E100000122817,E100000123279
11804,100.0,[6119],E100000124196,E100000123261
11739,22.0,[6119],E100000124104,E100000124871
11787,16.67,[6119],E100000121715,E100000124192
11781,10.0,[6119],E100000122756,E100000124191
11729,90.0,[6119],E100000124870,E100000001664
11728,10.0,[6119],E100000124870,E100001000032
11794,20.0,[6119],E100000123867,E100000124883
11793,6.5,[6119],E100000123867,E100000124884
11750,52.0,[6119],E100000123498,E100000000171
11772,7.61,[6119],E100000124880,E100000125192
11784,100.0,[6119],E100000122765,E100000123798
11745,40.0,[6119],E100000123829,E100001000465
21251,100.0,[7032],E100000131887,E100000000649
11718,40.0,[6119],E100000121957,E100000123370
11775,87.16,[6119],E100000125191,E100000125696
11717,40.0,[6119],E100000121957,E100000122885
11746,12.0,[6119],E100000123829,E100000125619
11783,51.0,[6119],E100000122756,E100000124190
21256,100.0,[2864],E100001010127,E100001010564
11761,100.0,[6119],E100000123861,E100000124878
11721,100.0,[6119],E100000123960,E100000124869
21242,100.0,[6119],E100000128099,E100000130608
11730,100.0,[6119],E100000001664,E100000125789
11726,4.21,[6119],E100000124105,E100000001753
11757,77.43,[6119],E100000125311,E100000125729
11809,90.0,[6119],E100000124888,E100000125730
11769,24.0,[6119],E100000122804,E100000123758
11774,9.88,[6119],E100000125191,E100000125312
11733,70.56,[6119],E100000124876,E100000123261
11771,88.58,[6119],E100000124880,E100000125191
11770,3.81,[6119],E100000124880,E100000001753
11766,100.0,[6119],E100000123821,E100000123261
11796,22.5,[6119],E100000123867,E100000124882
11799,100.0,[6119],E100000122717,E100000124194
11802,100.0,[6119],E100000123085,E100000123715
11724,24.4,[6119],E100000124874,E100000001753
11813,7.6,[6119],E100000000315,E100001000032
11777,16.67,[6119],E100000125192,E100000125313
11756,22.57,[6119],E100000125311,E100000125365
11819,12.46,[6119],E100000125407,E100000001753
11820,10.01,[6119],E100000125407,E100000125413
11823,5.46,[6119],E100000125407,E100000125415
11731,100.0,[6119],E100000124871,E100000125728
11768,51.0,[6119],E100000122804,E100000123759
11722,100.0,[6119],E100000124466,E100000124467
11797,65.0,[6119],E100000124882,E100000000309
11747,48.0,[6119],E100000123829,E100000125618
11780,100.0,[6119],E100000123595,E100000124880
11743,48.72,[6119],E100000124873,E100000123261
21275,14.92,[109786],E100001000764,E100001010577
11725,75.6,[6119],E100000124874,E100000123261
21281,24.4,[109151],E100000132368,E100000123366
21282,50.47,[109151],E100000132368,E100001010579
21274,100.0,"[7044, 7045]",E100000131414,E100000001558
11791,90.0,[6119],E100000000309,E100000125790
11735,20.0,[6119],E100000124104,E100000124872
21297,,[],E100000121534,E100000124293
21267,7.87,[109154],E100001010170,E100001010175
11764,55.0,[6119],E100000001573,E100000000296
21269,14.21,[109154],E100001010170,E100001010573
11782,39.0,[6119],E100000122756,E100000122848
21268,7.56,[109154],E100001010170,E100001010572
13280,59.0,[108647],E100001010097,E100001010083
11779,100.0,[6119],E100000123492,E100000124879
11727,95.79,[6119],E100000124105,E100000123261
11801,49.0,[6119],E100000122817,E100000123587
11803,100.0,[6119],E100000121687,E100000121695
21270,8.43,[109154],E100001010170,E100001010574
21283,5.7,[109151],E100000132368,E100001010438
11808,10.0,[6119],E100000124888,E100001000032
11758,100.0,[6119],E100000125190,E100000125311
11821,30.2,[6119],E100000125407,E100000125411
11790,10.0,[6119],E100000000309,E100000125520
11744,51.28,[6119],E100000124873,E100000125189
13506,6.87,"[6465, 6466]",E100001010262,E100001010265
11826,99.99,[6119],E100000121656,E100000124197
11838,88.38,[6119],E100000124893,E100000125194
11856,51.0,[6119],E100000124199,E100000123505
11842,10.42,[6119],E100000125198,E100000125734
11911,97.93,[6119],E100000123596,E100000125624
11868,91.92,[6119],E100000124029,E100000124892
11830,24.8,[6119],E100000122385,E100000123239
11903,100.0,[6119],E100000125085,E100000123261
11848,100.0,[6119],E100000124432,E100000125621
11899,100.0,[6119],E100000001644,E100000124896
11880,34.0,[6119],E100000122912,E100000122915
11849,27.0,[6119],E100000004131,E100000123234
11874,50.0,[6119],E100000125068,E100000125317
11918,49.21,[6119],E100000123838,E100000124897
11893,44.78,[6119],E100000122806,E100000122804
18077,55.11,[6119],E100000128057,E100000123261
11832,14.32,[6119],E100000122385,E100000000275
11833,9.0,[6119],E100000122385,E100000124198
11890,100.0,[6119],E100000123758,E100000123261
11847,100.0,[6119],E100000123328,E100000000274
11870,100.0,[6119],E100000122386,E100000124200
18079,66.67,[6119],E100000128825,E100000128826
11897,100.0,[6119],E100000124203,E100000125622
11904,19.55,[6119],E100000122725,E100000123261
11908,73.33,[6119],E100000124206,E100000125623
11879,15.0,[6119],E100000122912,E100000124202
21680,100.0,"[7195, 110127]",E100001010840,E100000000360
11914,30.0,[6119],E100000122523,E100000123261
11846,99.33,[6119],E100000125124,E100000123261
11887,100.0,[6119],E100000122285,E100000122229
11851,10.0,[6119],E100000000275,E100000125562
11927,85.0,[6119],E100000123734,E100000124899
11881,51.0,[6119],E100000122912,E100000124201
11913,100.0,[6119],E100000122732,E100000123261
11850,73.0,[6119],E100000004131,E100000001841
11837,11.62,[6119],E100000124893,E100000123261
11912,99.9,[6119],E100000123437,E100000123261
11919,21.72,[6119],E100000123838,E100000124898
11916,2.82,[6119],E100000123838,E100000001753
11852,90.0,[6119],E100000000275,E100000125621
11854,19.0,[6119],E100000001841,E100000123328
11857,49.0,[6119],E100000124199,E100000123427
11925,100.0,[6119],E100000121618,E100000124209
11860,70.65,[6119],E100000124891,E100000125734
11834,70.01,[6119],E100000124033,E100000124889
11886,51.0,[6119],E100000124201,E100000000225
11906,25.93,[6119],E100000122725,E100000124206
11835,10.0,[6119],E100000124033,E100000124891
11828,90.0,[6119],E100000124809,E100000125193
11905,54.53,[6119],E100000122725,E100000124205
11844,100.0,[6119],E100000124889,E100000125733
11889,100.0,[6119],E100000123661,E100000124894
11855,51.0,[6119],E100000001841,E100000124199
11871,100.0,[6119],E100000124262,E100000124893
11867,8.08,[6119],E100000124029,E100000001753
11901,4.56,[6119],E100000122763,E100000001753
11926,15.0,[6119],E100000123734,E100000124116
21295,,"[2851, 2852, 2853]",E100000004259,E100001010061
11878,60.0,[6119],E100000122909,E100000124201
11885,15.0,[6119],E100000124201,E100000123682
11836,19.99,[6119],E100000124033,E100000124890
21535,96.0,"[7801, 7812]",E100000120136,E100001010748
11930,60.0,[6119],E100000121943,E100000123370
11845,0.67,[6119],E100000125124,E100000001753
11829,100.0,[6119],E100000125193,E100000125791
11924,100.0,[6119],E100000124899,E100000125199
11827,10.0,[6119],E100000124809,E100001000032
11876,100.0,[6119],E100000122957,E100000124201
11859,11.83,[6119],E100000124891,E100000125195
11861,5.63,[6119],E100000124891,E100000125196
11900,100.0,[6119],E100000003908,E100000001644
3858,100.0,"[5485, 106486]",E100001000322,E100000000888
11917,26.25,[6119],E100000123838,E100000123261
11896,100.0,[6119],E100000122780,E100000124203
11929,20.0,[6119],E100000121943,E100000124210
11863,100.0,[6119],E100000124892,E100000125197
11841,83.93,[6119],E100000125198,E100000125197
18078,33.33,[6119],E100000128825,E100000124528
11895,100.0,[6119],E100000124896,E100000125736
21294,79.6,[1189],E100000003140,E100000123224
11843,5.65,[6119],E100000125198,E100000125315
11915,70.0,[6119],E100000122523,E100000124207
11907,26.67,[6119],E100000124206,E100000123424
11902,95.44,[6119],E100000122763,E100000124204
11831,51.88,[6119],E100000122385,E100000123470
11858,11.89,[6119],E100000124891,E100000001753
21293,100.0,"[1633, 75862]",E100000001206,E100000001384
11882,15.0,[6119],E100000124201,E100000123301
11888,100.0,[6119],E100000124894,E100000125735
11898,100.0,[6119],E100000124011,E100000124895
11910,2.07,[6119],E100000123596,E100000001753
11862,100.0,[6119],E100000125315,E100000125798
21287,16.0,[7049],E100000120856,E100001000178
21289,7.7,[7049],E100000120856,E100001010581
21288,7.6,[7049],E100000120856,E100001000179
11946,100.0,[6119],E100000124122,E100000000209
12019,63.8,[6119],E100000121905,E100000123647
12031,98.18,[6119],E100000124907,E100000123261
12009,5.77,[6119],E100000124912,E100000001753
12015,51.0,[6119],E100000121859,E100000123647
11954,16.67,[6119],E100000124353,E100000124901
12013,90.0,[6119],E100000121904,E100000123647
11959,100.0,[6119],E100000125203,E100000123261
11755,6.0,[6119],E100000123498,E100000000239
11949,100.0,[6119],E100000125211,E100000124910
11990,12.86,[6119],E100000123582,E100000124187
12026,25.0,[6119],E100000121865,E100000124223
11939,20.0,[6119],E100000122884,E100000124213
11936,18.0,[6119],E100000122884,E100000123261
11982,75.5,[6119],E100000125290,E100000125366
12022,100.0,[6119],E100000121898,E100000123647
11987,64.29,[6119],E100000121897,E100000123367
11986,0.65,[6119],E100000121897,E100000001753
12020,7.72,[6119],E100000121863,E100000001753
11969,49.4,[6119],E100000124980,E100000125202
21308,85.0,[6119],E100000003134,E100000000192
12037,33.7,[6119],E100000124915,E100000125207
11940,90.0,[6119],E100000122906,E100000122929
12010,94.23,[6119],E100000124912,E100000125738
12032,100.0,[6119],E100000124222,E100000124907
11984,15.0,[6119],E100000121914,E100000124218
11941,10.0,[6119],E100000122906,E100000124214
11970,41.14,[6119],E100000123839,E100000123329
11972,52.34,[6119],E100000123839,E100001000401
11967,15.6,[6119],E100000124980,E100000123261
12035,16.55,[6119],E100000124915,E100000001753
11971,6.52,[6119],E100000123839,E100001000437
11962,88.51,[6119],E100000125201,E100000125200
11944,100.0,[6119],E100000004349,E100000123505
11958,100.0,[6119],E100000122676,E100000124217
11938,36.0,[6119],E100000122884,E100000124211
12027,30.0,[6119],E100000121865,E100000121893
12028,34.0,[6119],E100000124223,E100000000252
11955,16.67,[6119],E100000124353,E100000124902
11752,6.0,[6119],E100000123498,E100000000163
12030,1.82,[6119],E100000124907,E100000001753
21304,3.14,[6119],E100000002826,E100000001753
11953,45.76,[6119],E100000124910,E100000125737
11999,8.68,[6119],E100000124904,E100000125627
21303,22.34,[6119],E100000002826,E100000001417
11947,80.0,[6119],E100000122219,E100000124215
20863,100.0,[],E100000132224,E100001010087
11937,26.0,[6119],E100000122884,E100000124212
11979,100.0,[6119],E100000125397,E100000123261
21298,19.99,[6119],E100000001392,E100000001534
11520,15.65,[6119],E100000001392,E100000125611
11952,46.51,[6119],E100000124910,E100000125507
12003,98.0,[6119],E100000124233,E100000124905
12000,65.0,[6119],E100000124905,E100000125205
12017,1.2,[6119],E100000121905,E100000001753
11965,50.0,[6119],E100000124971,E100000125201
11964,50.0,[6119],E100000124971,E100000125200
11978,100.0,[6119],E100000124146,E100000124903
11951,7.73,[6119],E100000124910,E100000001753
21285,8.57,[108350],E100001000400,E100001000330
11945,100.0,[6119],E100000124813,E100000000209
11998,20.11,[6119],E100000124904,E100000124909
12036,15.96,[6119],E100000124915,E100000000252
11935,51.0,[6119],E100000124213,E100000124211
12001,25.0,[6119],E100000124905,E100000125206
12034,80.0,[6119],E100000121875,E100000124224
12012,10.0,[6119],E100000121904,E100000124221
12029,46.84,[6119],E100000124223,E100000124906
11933,100.0,[6119],E100000123550,E100000123261
11934,49.0,[6119],E100000124213,E100000124212
11989,3.68,[6119],E100000123582,E100000001753
11961,4.42,[6119],E100000125201,E100000001753
11956,66.67,[6119],E100000124353,E100000124900
12025,45.0,[6119],E100000121865,E100000123647
11983,100.0,[6119],E100000124218,E100000123313
12016,49.0,[6119],E100000121859,E100000124222
12014,100.0,[6119],E100000121873,E100000123647
12018,35.0,[6119],E100000121905,E100000000298
12024,100.0,[6119],E100000124376,E100000123261
12033,20.0,[6119],E100000121875,E100000121888
21286,7.29,[108350],E100001000400,E100001000348
11985,85.0,[6119],E100000121914,E100000123367
11997,51.0,[6119],E100000124904,E100000125507
12002,2.0,[6119],E100000124233,E100000001753
12021,92.28,[6119],E100000121863,E100000123647
12007,51.0,[6119],E100000121909,E100000123646
11942,71.43,[6119],E100000124123,E100000123503
11751,6.0,[6119],E100000123498,E100001000474
11749,6.0,[6119],E100000123498,E100000000170
21307,6.0,[6119],E100000123498,E100001000402
11753,6.0,[6119],E100000123498,E100000124534
12011,100.0,[6119],E100000124986,E100000125739
11966,100.0,[6119],E100000125414,E100000125411
11974,100.0,[6119],E100000000284,E100000123261
11943,28.57,[6119],E100000124123,E100000124813
12128,100.0,[6119],E100000122313,E100000124243
12118,13.67,[6119],E100000125206,E100000001753
3516,29.44,[5155],E100001000124,E100001000125
10750,25.0,[6119],E100000122360,E100000123482
12143,100.0,[6119],E100000124251,E100000124917
12100,100.0,[6119],E100000121908,E100000123666
12061,8.24,[6119],E100000121911,E100000124230
12059,3.86,[6119],E100000121911,E100000001753
12093,100.0,[6119],E100000121879,E100000001392
12081,51.0,[6119],E100000123583,E100000125507
12085,65.48,[6119],E100000124224,E100000124910
12122,10.0,[6119],E100000122429,E100000124031
12082,44.92,[6119],E100000123583,E100000124909
21316,68.05,[6119],E100000121880,E100000000273
12080,4.08,[6119],E100000123583,E100000001753
12104,100.0,[6119],E100000125369,E100000125388
12134,10.0,[6119],E100000123157,E100001000468
12139,10.82,[6119],E100000122508,E100000123928
12094,49.0,[6119],E100000123367,E100000124912
12055,100.0,[6119],E100000121885,E100000125507
4013,14.0,[5649],E100000000706,E100001000412
12038,12.75,[6119],E100000124915,E100000125208
12123,39.0,[6119],E100000122429,E100000124047
12141,9.61,[6119],E100000122508,E100000124249
12136,9.61,[6119],E100000122508,E100000124248
12140,6.49,[6119],E100000122508,E100000124250
12056,100.0,[6119],E100000124229,E100000123583
12098,50.0,[6119],E100000124235,E100000124913
12107,91.0,[6119],E100000121894,E100000124236
12131,25.0,[6119],E100000122314,E100000124245
10749,25.0,[6119],E100000122360,E100000000224
12079,100.0,[6119],E100000124240,E100000123261
12129,100.0,[6119],E100000124245,E100000125628
3857,6.93,[5484],E100000000890,E100001000322
12070,1.0,[6119],E100000124909,E100000001753
12073,95.52,[6119],E100000125207,E100000125507
12084,10.71,[6119],E100000124224,E100001000465
12083,1.19,[6119],E100000124224,E100000001753
11754,6.0,[6119],E100000123498,E100000000273
12120,50.0,[6119],E100000125362,E100000125804
12130,75.0,[6119],E100000122314,E100000124244
12064,20.0,[6119],E100000124911,E100000125211
12063,3.0,[6119],E100000124911,E100000001753
3967,46.77,[],E100001000329,E100000001753
3506,50.0,[5149],E100001000114,E100001000116
12065,20.0,[6119],E100000124911,E100000125212
12126,100.0,[6119],E100000124916,E100000124245
12049,100.0,[6119],E100000124220,E100000123552
12125,100.0,[6119],E100000124244,E100000125628
12137,13.46,[6119],E100000122508,E100000123310
12110,84.83,[6119],E100000123925,E100000124915
12086,22.62,[6119],E100000124224,E100000124911
3560,6.1,[5203],E100001000177,E100001000179
12144,100.0,[6119],E100000122504,E100000124251
12040,10.49,[6119],E100000124915,E100000125210
12066,57.0,[6119],E100000124911,E100000124910
12138,50.0,[6119],E100000122508,E100000124247
12043,99.9,[6119],E100000121886,E100000123261
4033,15.86,"[5684, 108417]",E100000000649,E100001000178
12105,100.0,[6119],E100000121912,E100000124235
20866,100.0,[108325],E100000132008,E100000132284
12121,50.0,[6119],E100000125362,E100000125803
3747,74.31,[5484],E100000000890,E100000001358
12071,99.0,[6119],E100000124909,E100000125507
12099,100.0,[6119],E100000124150,E100000124914
12124,51.0,[6119],E100000122429,E100000122432
12135,100.0,[6119],E100000123213,E100000123261
12127,100.0,[6119],E100000124243,E100000124916
12041,100.0,[6119],E100000121882,E100000125505
12133,90.0,[6119],E100000123157,E100000124246
12111,15.17,[6119],E100000123925,E100000124479
12062,24.72,[6119],E100000121911,E100000000298
12090,100.0,[6119],E100000124914,E100000125740
10748,16.7,[6119],E100000122360,E100000124055
12039,10.55,[6119],E100000124915,E100000125209
10751,5.3,[6119],E100000122360,E100000124056
10747,3.0,[6119],E100000122360,E100000001753
12142,100.0,[6119],E100000122519,E100000123327
3505,44.74,[5149],E100001000114,E100001000115
12109,100.0,[6119],E100000122417,E100000122425
3602,5.81,[5235],E100000000888,E100000001753
3867,28.09,[5492],E100001000329,E100001000330
12048,100.0,[6119],E100000124908,E100000125507
12132,100.0,[6119],E100001000468,E100000123261
4014,10.12,[5649],E100000000706,E100001000413
4015,6.88,[5649],E100000000706,E100001000414
12097,50.0,[6119],E100000124235,E100000121893
12067,100.0,[6119],E100000121860,E100000124231
3953,51.76,[105724],E100000000699,E100001000368
12046,62.43,[6119],E100000123666,E100000124908
12096,100.0,[6119],E100000125641,E100000125741
4012,24.36,[5649],E100000000706,E100001000411
8175,25.21,[6119],E100000121880,E100000123583
8174,6.74,[6119],E100000121880,E100000123261
12060,63.18,[6119],E100000121911,E100000123163
12108,5.0,[6119],E100000121894,E100000124237
12072,4.48,[6119],E100000125207,E100000001753
12106,4.0,[6119],E100000121894,E100000001753
12244,100.0,[6119],E100000122116,E100000001509
12184,100.0,[6119],E100000123190,E100000123261
12242,52.0,[6119],E100000122030,E100000122032
12246,100.0,[6119],E100000123670,E100000124361
3859,23.84,[5486],E100000001023,E100001000323
12215,100.0,[6119],E100000125215,E100000125793
12213,100.0,[6119],E100000124034,E100000124924
12188,30.0,[6119],E100000122978,E100000124258
3523,100.0,"[5157, 5158]",E100001000132,E100001000133
12176,100.0,[6119],E100000122511,E100000124254
12156,1.0,[6119],E100000123445,E100000001753
3756,18.0,[5370],E100000002158,E100000001753
12205,100.0,[6119],E100000121785,E100000124263
12251,100.0,[6119],E100000123385,E100000124929
3514,50.0,"[5153, 5154]",E100001000123,E100000000369
12221,100.0,[6119],E100000124135,E100000124926
12162,90.0,[6119],E100000123428,E100000124919
12250,100.0,[6119],E100000124697,E100000125746
12249,100.0,[6119],E100000123378,E100000124928
12222,45.83,[6119],E100000122737,E100000122837
12154,0.8,[6119],E100000124736,E100000001753
12186,5.0,[6119],E100000125202,E100000125321
12150,10.0,[6119],E100000122487,E100000123395
12247,100.0,[6119],E100000122303,E100000123620
12148,100.0,[6119],E100000122505,E100000000181
12203,100.0,[6119],E100000124040,E100000123261
12175,100.0,[6119],E100000125138,E100000123261
12169,80.0,[6119],E100000123486,E100000124665
12147,100.0,[6119],E100000122521,E100000000181
12145,100.0,[6119],E100000124917,E100000125588
12185,95.0,[6119],E100000125202,E100000123261
3926,5.9,[5549],E100000002934,E100001000349
3557,75.0,"[5200, 5201]",E100001000173,E100001000174
12167,10.0,[6119],E100000123486,E100000124666
12230,100.0,[6119],E100000124927,E100000125745
12181,15.0,[6119],E100000124256,E100000123424
12214,100.0,[6119],E100000124924,E100000125215
3517,7.29,[5155],E100001000124,E100001000126
3860,23.24,[5486],E100000001023,E100001000324
12196,6.02,[6119],E100000123183,E100000001753
12187,70.0,[6119],E100000122978,E100000124257
12165,32.97,[6119],E100000122507,E100000000171
12199,1.41,[6119],E100000124922,E100000001753
12231,100.0,[6119],E100000125003,E100000125611
12189,2.5,[6119],E100000124920,E100000001753
12155,99.2,[6119],E100000124736,E100000125213
12157,99.0,[6119],E100000123445,E100000123261
3983,12.51,[5631],E100000001030,E100001000324
12153,51.0,[6119],E100000124919,E100000125588
12248,100.0,[6119],E100000124484,E100000125216
12183,74.0,[6119],E100000124256,E100000000182
12240,15.0,[6119],E100000122030,E100000001753
12164,100.0,[6119],E100000124665,E100000125588
12180,10.0,[6119],E100000002790,E100000124256
12229,52.0,[6119],E100000122031,E100000122032
12170,40.0,[6119],E100000122488,E100000000181
12216,99.9,[6119],E100000124268,E100000124925
12193,100.0,[6119],E100000124921,E100000125743
3518,6.38,[5155],E100001000124,E100001000127
12219,100.0,[6119],E100000124134,E100000124926
12235,2.0,[6119],E100000122114,E100000001753
12177,10.0,[6119],E100000000182,E100000125537
12236,98.0,[6119],E100000122114,E100000124274
12204,100.0,[6119],E100000124263,E100000125630
12197,93.98,[6119],E100000123183,E100000123261
12192,27.44,[6119],E100000124260,E100000124921
12146,100.0,[6119],E100000122486,E100000000181
12166,16.03,[6119],E100000122507,E100000123486
12194,85.0,[6119],E100000122979,E100000124259
12245,1.83,[6119],E100000000311,E100000001753
12195,15.0,[6119],E100000122979,E100000124260
12160,100.0,[6119],E100000122514,E100000123310
12159,100.0,[6119],E100000122496,E100000124252
12237,100.0,[6119],E100000124272,E100000124927
12212,100.0,[6119],E100000123906,E100000123261
12200,98.59,[6119],E100000124922,E100000125214
12241,7.0,[6119],E100000122030,E100000124269
12171,60.0,[6119],E100000122488,E100000124253
12163,10.0,[6119],E100000123428,E100000125629
12149,100.0,[6119],E100000122501,E100000000181
12206,100.0,[6119],E100000123490,E100000124923
12174,80.0,[6119],E100000124952,E100000124665
12207,100.0,[6119],E100000122264,E100000124264
12243,100.0,[6119],E100000122055,E100000124020
12152,49.0,[6119],E100000124919,E100000124666
3861,10.49,[5486],E100000001023,E100001000325
3862,7.9,[5486],E100000001023,E100001000326
12190,97.5,[6119],E100000124920,E100000125743
12161,100.0,[6119],E100000124061,E100000124918
3515,50.0,[5148],E100001000123,E100001000113
12198,100.0,[6119],E100000124035,E100000124922
12182,11.0,[6119],E100000124256,E100001000465
12191,72.56,[6119],E100000124260,E100000124920
12275,100.0,[6119],E100000002710,E100000124279
3303,25.0,[5092],E100001000052,E100000001237
12276,100.0,[6119],E100000125226,E100000125224
12279,22.33,[6119],E100000125225,E100000125224
12348,51.0,[6119],E100000121664,E100000124288
12355,100.0,[6119],E100000124949,E100000125750
12256,100.0,[6119],E100000123389,E100000123261
9642,24.0,[6119],E100000003123,E100000000171
12277,10.67,[6119],E100000125225,E100000125322
3301,50.1,[5092],E100001000052,E100001000053
12301,49.0,[6119],E100000124289,E100000123163
12273,35.15,[6119],E100000124279,E100000124930
12353,100.0,[6119],E100000121683,E100000124289
12345,100.0,[6119],E100000124935,E100000125749
12312,9.57,[6119],E100000124282,E100000001428
12309,9.19,[6119],E100000124282,E100000123163
12311,6.19,[6119],E100000124282,E100000124289
12308,3.19,[6119],E100000124282,E100000001753
12332,100.0,[6119],E100000124943,E100000125509
12299,34.0,[6119],E100000124936,E100000125217
12261,13.73,[6119],E100000123152,E100000001427
12265,8.04,[6119],E100000123152,E100000124275
12264,6.33,[6119],E100000123152,E100000124276
12262,5.81,[6119],E100000123152,E100000124277
12260,60.95,[6119],E100000123152,E100000001753
12263,5.14,[6119],E100000123152,E100000001435
12358,33.31,[6119],E100000124275,E100000001427
12303,70.0,[6119],E100000121671,E100000000181
12314,6.58,[6119],E100000125323,E100000125369
12318,5.76,[6119],E100000125323,E100000125371
3866,20.24,"[5489, 5490]",E100000002692,E100001000328
12317,5.75,[6119],E100000125323,E100000124275
21320,100.0,[7055],E100000120530,E100000000327
12297,14.9,[6119],E100000124284,E100000124275
12291,100.0,[6119],E100000121676,E100000123438
12335,9.44,[6119],E100000123438,E100000001753
12338,8.14,[6119],E100000123438,E100000124937
12341,7.48,[6119],E100000123438,E100000124938
12339,6.74,[6119],E100000123438,E100000124939
12342,6.21,[6119],E100000123438,E100000124940
12340,5.8,[6119],E100000123438,E100000124941
12343,5.19,[6119],E100000123438,E100000124942
12324,100.0,[6119],E100000125217,E100000125748
3795,100.0,[5401],E100001000294,E100001000280
12330,47.54,[6119],E100000125228,E100000124275
12331,100.0,[6119],E100000124932,E100000124943
12349,49.0,[6119],E100000121664,E100000121676
12298,5.68,[6119],E100000124284,E100000124933
12295,5.07,[6119],E100000124284,E100000124934
12344,100.0,[6119],E100000121660,E100000124286
12254,90.0,[6119],E100000124698,E100000125747
12336,38.25,[6119],E100000123438,E100000123431
12296,74.34,[6119],E100000124284,E100000124932
12285,27.56,[6119],E100000124947,E100000125217
12280,100.0,[6119],E100000124288,E100000124931
12315,75.33,[6119],E100000125323,E100000125368
12302,51.0,[6119],E100000124289,E100000001431
3927,70.0,[5577],E100001000352,E100000001809
12352,100.0,[6119],E100000124931,E100000125223
12329,42.44,[6119],E100000125228,E100000125323
12292,100.0,[6119],E100000123496,E100000125631
3461,50.0,[1443],E100000002603,E100000000040
12257,100.0,[6119],E100000123379,E100000123261
12284,21.15,[6119],E100000124947,E100000125218
12287,17.15,[6119],E100000124947,E100000125219
12286,16.99,[6119],E100000124947,E100000125220
12283,10.1,[6119],E100000124947,E100000125221
12282,7.05,[6119],E100000124947,E100000125222
4028,31.85,[5680],E100000003276,E100001000428
12305,100.0,[6119],E100000124934,E100000124275
12347,100.0,[6119],E100000121662,E100000124287
12253,10.0,[6119],E100000124698,E100000001530
12313,30.85,[6119],E100000124282,E100000001431
12294,100.0,[6119],E100000124281,E100000125632
12274,64.85,[6119],E100000124279,E100000121679
12306,90.0,[6119],E100000002709,E100000124282
3764,100.0,[5376],E100000001337,E100001000204
20870,85.0,"[108442, 108443]",E100000131449,E100000132087
12300,66.0,[6119],E100000124936,E100000125220
4027,12.25,[5680],E100000003276,E100000003274
12325,100.0,[6119],E100000125220,E100000125748
12293,100.0,[6119],E100000125368,E100000123261
3815,100.0,[5543],E100000000069,E100001000304
12323,56.37,[6119],E100000123585,E100000124935
12337,12.75,[6119],E100000123438,E100000124936
12321,50.0,[6119],E100000121680,E100000124285
12328,7.49,[6119],E100000125228,E100000125324
12327,2.53,[6119],E100000125228,E100000001753
12266,99.96,[6119],E100000124276,E100000001430
12334,100.0,[6119],E100000125389,E100000125805
12357,0.25,[6119],E100000124275,E100000001753
12278,67.0,[6119],E100000125225,E100000125794
12252,100.0,[6119],E100000122258,E100000123385
12316,6.58,[6119],E100000125323,E100000125370
3302,24.9,[5092],E100001000052,E100001000054
12281,100.0,[6119],E100000124946,E100000125748
12267,100.0,[6119],E100000002708,E100000123152
12356,100.0,[6119],E100000002707,E100000121679
12310,41.01,[6119],E100000124282,E100000124291
12422,21.0,[6119],E100000122402,E100000001645
12403,97.42,[6119],E100000122328,E100000123730
12367,100.0,[6119],E100000124930,E100000121679
21351,100.0,[7092],E100001010601,E100001010602
12397,97.0,[6119],E100000124242,E100000123261
12462,10.0,[6119],E100000124160,E100000125629
12429,100.0,[6119],E100000122250,E100000122235
21332,,"[7070, 7071]",E100001010593,E100000000372
12406,25.0,[6119],E100000122327,E100000123730
12458,50.4,[6119],E100000123959,E100000001753
12444,53.73,[6119],E100000122181,E100000123480
12413,100.0,[6119],E100000124913,E100000125753
12420,69.54,[6119],E100000124253,E100000124952
12465,51.0,[6119],E100000122495,E100000123327
12382,36.0,[6119],E100000124944,E100000125227
12464,99.0,[6119],E100000124956,E100000123261
21329,100.0,[7068],E100001001383,E100000001222
21337,10.0,[107420],E100001000649,E100001000348
21325,,"[7063, 7064, 7065]",E100001010358,E100000000647
12424,14.0,[6119],E100000122402,E100000000226
12437,100.0,[6119],E100000124792,E100000124790
12432,99.1,[6119],E100000123910,E100000123261
12401,51.61,[6119],E100000124468,E100000124241
12452,2.69,[6119],E100000122883,E100000001753
3966,100.0,[5609],E100000000845,E100000000839
21328,100.0,[7067],E100000002811,E100000001222
12409,26.9,[6119],E100000124293,E100000001753
12396,3.0,[6119],E100000124242,E100000001753
12450,99.0,[6119],E100000125272,E100000123261
12440,2.59,[6119],E100000122180,E100000001753
12399,97.9,[6119],E100000124241,E100000123261
12404,100.0,[6119],E100000122126,E100000124292
12448,100.0,[6119],E100000125050,E100000123261
21313,,"[7089, 6536, 107582]",E100001010370,E100000131000
12454,68.31,[6119],E100000122883,E100000123474
12416,80.0,[6119],E100000123271,E100000124411
10203,50.0,[6119],E100000124342,E100000123261
12389,100.0,[6119],E100000125219,E100000124950
12459,49.6,[6119],E100000123959,E100000123261
12428,100.0,[6119],E100000001740,E100000125755
12398,2.1,[6119],E100000124241,E100000001753
12377,100.0,[6119],E100000124283,E100000124949
21324,,"[7063, 7064, 7065]",E100001010358,E100000000651
3339,49.0,"[2503, 6196]",E100000003890,E100000001533
12436,69.57,[6119],E100000124108,E100000125633
12434,4.35,[6119],E100000124108,E100000001753
12372,100.0,[6119],E100000124933,E100000123261
12427,100.0,[6119],E100000124559,E100000125230
12455,100.0,[6119],E100000124179,E100000124955
12386,55.0,[6119],E100000124950,E100000125751
12387,45.0,[6119],E100000124950,E100000125752
12415,20.0,[6119],E100000123271,E100000123594
12414,100.0,[6119],E100000125209,E100000125325
12453,29.0,[6119],E100000122883,E100000000157
12369,0.42,[6119],E100000121665,E100000001753
12390,89.05,[6119],E100000121679,E100000123152
12402,2.58,[6119],E100000122328,E100000001753
12447,100.0,[6119],E100000122461,E100000124294
12439,100.0,[6119],E100000123613,E100000124954
12371,100.0,[6119],E100000124948,E100000124946
12421,54.5,[6119],E100000122402,E100000123404
12456,66.67,[6119],E100000123185,E100000123261
12366,100.0,[6119],E100000125266,E100000125748
12431,0.9,[6119],E100000123910,E100000001753
12449,1.0,[6119],E100000125272,E100000001753
12412,47.97,[6119],E100000124293,E100000000189
10204,50.0,[6119],E100000124342,E100000124680
12370,99.58,[6119],E100000121665,E100000000501
12388,100.0,[6119],E100000124951,E100000125752
12360,33.31,[6119],E100000124275,E100000124943
12373,100.0,[6119],E100000123977,E100000123438
21327,0.01,[],E100001010281,E100000001753
12410,13.53,[6119],E100000124293,E100000123242
12411,11.6,[6119],E100000124293,E100000125508
12441,97.41,[6119],E100000122180,E100000123480
12451,100.0,[6119],E100000125330,E100000125329
12457,33.33,[6119],E100000123185,E100000124295
12359,10.38,[6119],E100000124275,E100000124945
12418,100.0,[6119],E100000122012,E100000123261
3751,100.0,"[5366, 5838]",E100000001354,E100001000278
12460,100.0,[6119],E100000122494,E100000123310
12408,100.0,[6119],E100000121746,E100000124293
12438,100.0,[6119],E100000124954,E100000125511
12374,100.0,[6119],E100000123164,E100000124290
12405,75.0,[6119],E100000122327,E100000122328
12425,100.0,[6119],E100000124550,E100000123261
12463,1.0,[6119],E100000124956,E100000001753
21326,99.0,[7066],E100001001300,E100001010592
12400,48.39,[6119],E100000124468,E100000125229
12383,34.0,[6119],E100000124944,E100000124276
12368,100.0,[6119],E100000125224,E100000125794
12393,73.81,[6119],E100000124287,E100000124950
12461,90.0,[6119],E100000124160,E100000124665
12521,100.0,[6119],E100000124332,E100001000403
21343,9.01,[107446],E100000001319,E100001010595
12561,100.0,[6119],E100000124690,E100000123261
12560,100.0,[6119],E100000124336,E100000125511
12500,99.86,[6119],E100000123391,E100000123261
12514,49.0,[6119],E100000122980,E100000000181
12536,60.0,[6119],E100000124335,E100000124961
12513,51.0,[6119],E100000122182,E100000123480
21335,,"[7075, 7076]",E100001000978,E100000002975
12541,100.0,[6119],E100000124171,E100000123261
12481,24.67,[6119],E100000124298,E100000124958
12478,100.0,[6119],E100000123870,E100000123261
12545,100.0,[6119],E100000122665,E100000124315
12524,100.0,[6119],E100000122668,E100000124306
12566,100.0,[6119],E100000124317,E100000123261
12543,84.17,[6119],E100000122687,E100000124313
12484,10.0,[6119],E100000123832,E100000125528
12498,100.0,[6119],E100000123093,E100000124302
12488,51.0,[6119],E100000122775,E100000123776
12476,21.34,[6119],E100000122967,E100000123699
12474,6.67,[6119],E100000122967,E100000124297
12473,6.67,[6119],E100000122967,E100000124296
12550,39.6,[6119],E100000124313,E100000125636
12553,100.0,[6119],E100000123612,E100000124303
12509,51.18,[6119],E100000122103,E100000123480
12537,40.0,[6119],E100000124335,E100000124962
12556,30.0,[6119],E100000122637,E100000122629
12479,100.0,[6119],E100000123871,E100000125634
12496,6.5,[6119],E100000123442,E100001000465
21334,100.0,"[5842, 7073]",E100000003324,E100001000278
12501,51.0,[6119],E100000124682,E100000125756
12475,38.67,[6119],E100000122967,E100000122915
12495,10.57,[6119],E100000123796,E100000124960
12482,24.33,[6119],E100000124298,E100000125499
12558,34.19,[6119],E100000124306,E100000001753
12477,26.67,[6119],E100000122967,E100000000226
12533,55.0,[6119],E100000122684,E100000122654
12534,45.0,[6119],E100000122684,E100000124311
12492,3.0,[6119],E100000123796,E100000001753
21353,100.0,[7093],E100000002365,E100001010603
12548,100.0,[6119],E100000124973,E100000124313
2397,12.51,[5822],E100000003175,E100000000960
12535,100.0,[6119],E100000122666,E100000123692
21362,100.0,[7092],E100001010611,E100001010602
12523,70.0,[6119],E100000124508,E100000124330
12522,30.0,[6119],E100000124508,E100000123012
12485,90.0,[6119],E100000123832,E100000125499
20469,8.88,[107423],E100001010336,E100001000348
12516,100.0,[6119],E100000123480,E100001000403
12467,95.0,[6119],E100000124216,E100000123261
21333,100.0,[7072],E100001000078,E100001010582
21349,89.17,[7092],E100001010599,E100001010600
1392,,"[2188, 2186, 2187]",E100000003560,E100000000924
12570,100.0,[6119],E100000124319,E100000124963
12469,100.0,[6119],E100000124250,E100000124957
12528,50.0,[6119],E100000122659,E100000124308
21348,65.0,[1343],E100001010598,E100001010599
12544,100.0,[6119],E100000122628,E100000124314
12487,12.25,[6119],E100000122775,E100000124300
21344,12.35,[107422],E100001010336,E100001010595
12555,70.0,[6119],E100000122637,E100000122150
12490,90.0,[6119],E100000122849,E100000124301
12542,15.83,[6119],E100000122687,E100001000398
12494,56.0,[6119],E100000123796,E100000122848
12515,51.0,[6119],E100000122980,E100000123480
12564,25.5,[6119],E100000122662,E100000124318
12466,49.0,[6119],E100000122495,E100000124160
21338,12.01,[107426],E100001010181,E100001010595
21352,100.0,[7092],E100001010602,E100000000882
21342,8.9,[107447],E100000001319,E100001000348
12483,100.0,[6119],E100000122918,E100000124298
12499,0.14,[6119],E100000123391,E100000001753
12493,30.43,[6119],E100000123796,E100000124959
12517,100.0,[6119],E100000122626,E100001000403
12504,90.0,[6119],E100000124681,E100000125756
12559,65.81,[6119],E100000124306,E100000123261
12546,100.0,[6119],E100000124315,E100000124313
21346,25.0,[1343],E100001010598,E100000000882
21340,8.5,[107428],E100001010181,E100001000348
12489,10.0,[6119],E100000122849,E100000123261
12557,100.0,[6119],E100000124170,E100000123261
12565,74.5,[6119],E100000122662,E100000124317
12554,100.0,[6119],E100000122680,E100000123612
12526,100.0,[6119],E100000124312,E100000123261
21341,8.1,[107427],E100001010181,E100001010597
12506,100.0,[6119],E100000121786,E100000123857
12497,93.5,[6119],E100000123442,E100000125635
12468,5.0,[6119],E100000124216,E100000124956
12547,100.0,[6119],E100000124314,E100000124313
12471,40.0,[6119],E100000121623,E100000122607
12491,100.0,[6119],E100000123797,E100000122848
12480,51.0,[6119],E100000124298,E100000123371
21312,,"[6540, 6541]",E100001010374,E100000131000
21311,,"[6539, 107582]",E100001010373,E100000131000
12551,10.0,[6119],E100000124313,E100000124954
12549,4.5,[6119],E100000124313,E100000001753
12613,1.96,[6119],E100000124961,E100000001753
12660,100.0,[6119],E100000122691,E100000122652
21474,70.71,[7741],E100001010708,E100000000953
12647,100.0,[6119],E100000124962,E100000123261
21370,35.0,[7092],E100001010608,E100001010611
12653,15.88,[6119],E100000123948,E100000124971
12623,100.0,[6119],E100000124970,E100000123695
12630,52.44,[6119],E100000124330,E100000124970
12662,100.0,[6119],E100000123993,E100001000403
12614,40.37,[6119],E100000124961,E100000124954
21345,50.83,[1343],E100000002664,E100001010598
12622,7.96,[6119],E100000123479,E100000124969
12606,70.0,[6119],E100000122674,E100000124330
12641,51.0,[6119],E100000122632,E100000124330
12654,14.53,[6119],E100000123948,E100000124973
12650,10.9,[6119],E100000123948,E100000124974
12652,10.9,[6119],E100000123948,E100000124217
12649,10.06,[6119],E100000123948,E100000001753
12655,7.24,[6119],E100000123948,E100001000403
12656,5.45,[6119],E100000123948,E100000124975
12593,9.23,[6119],E100000124305,E100000124964
12592,7.69,[6119],E100000124305,E100001000465
12619,100.0,[6119],E100000123695,E100000124336
12576,100.0,[6119],E100000122651,E100000125510
12627,100.0,[6119],E100000123491,E100000123261
12605,30.0,[6119],E100000122674,E100000123478
22179,100.0,[11697],E100001010488,E100001011190
12597,20.0,[6119],E100000124322,E100000124304
12601,100.0,[6119],E100000122694,E100000124329
12670,89.48,[6119],E100000123197,E100000124340
12611,12.73,[6119],E100000124185,E100000124967
12609,7.27,[6119],E100000124185,E100000001753
21364,100.0,[7098],E100001010612,E100000000651
12594,27.69,[6119],E100000124305,E100000124304
21470,12.53,[7731],E100000001305,E100001010595
21371,,[7099],E100001010614,E100000132148
12646,100.0,[6119],E100000122641,E100000124330
12608,100.0,[6119],E100001000403,E100000125511
12617,23.07,[6119],E100000124961,E100001000403
12666,60.0,[6119],E100000122631,E100000124338
12628,4.74,[6119],E100000124330,E100000001753
12642,100.0,[6119],E100000122678,E100000124336
12599,100.0,[6119],E100000124327,E100000122651
21354,51.0,[7093],E100001010603,E100000000882
21356,,[7093],E100001010604,E100001010605
12598,50.0,[6119],E100000124322,E100000122651
12657,14.53,[6119],E100000123948,E100000124972
21828,100.0,[10575],E100001010929,E100000001197
12629,42.82,[6119],E100000124330,E100000123695
12679,0.56,[6119],E100000124343,E100000001753
21485,50.0,"[7750, 7751]",E100000120576,E100000001418
12596,30.0,[6119],E100000124322,E100000124965
12615,23.07,[6119],E100000124961,E100000124313
12616,11.53,[6119],E100000124961,E100000124319
12635,66.0,[6119],E100000122639,E100000124319
12659,95.87,[6119],E100000124340,E100001000403
12612,54.55,[6119],E100000124185,E100001000403
21350,100.0,[7092],E100001010600,E100001010601
12607,100.0,[6119],E100000122629,E100000123480
12658,4.13,[6119],E100000124340,E100000001753
12677,1.0,[6119],E100000124677,E100000001753
12625,85.39,[6119],E100000124323,E100000124304
21475,5.82,[7741],E100001010708,E100001000730
21465,11.1,[7727],E100000001305,E100001010706
21355,49.0,[7093],E100001010603,E100001010604
12664,87.72,[6119],E100000123809,E100000124976
12582,20.0,[6119],E100000122652,E100000124324
12583,10.0,[6119],E100000122652,E100000124326
12618,100.0,[6119],E100000125321,E100000123261
12610,25.45,[6119],E100000124185,E100000124966
21368,100.0,[7098],E100001010613,E100000000776
21347,10.0,[1343],E100001010598,E100000000469
21381,,[7099],E100001010615,E100000132148
12621,78.98,[6119],E100000123479,E100000124968
12672,7.2,[6119],E100000123091,E100000001753
21464,11.0,[7726],E100000001305,E100001010705
21467,100.0,[7728],E100001010705,E100001010707
21472,7.2,[7733],E100000001305,E100001000348
21471,5.08,[7732],E100000001305,E100001010596
12671,100.0,[6119],E100000000233,E100000123261
12595,55.38,[6119],E100000124305,E100000122651
21536,100.0,[7802],E100001010748,E100000000247
12584,20.0,[6119],E100000122652,E100000124325
12678,99.0,[6119],E100000124677,E100000125231
12624,14.61,[6119],E100000124323,E100001000465
21469,100.0,[7730],E100001010706,E100001010707
12661,100.0,[6119],E100000122693,E100000122626
12585,50.0,[6119],E100000122652,E100000122651
12667,100.0,[6119],E100000123194,E100000124340
12665,40.0,[6119],E100000122631,E100000124339
21359,100.0,[7092],E100001010607,E100001010609
12638,24.0,[6119],E100000122632,E100000124334
21473,30.0,"[7739, 7740]",E100000120012,E100001010708
12620,13.06,[6119],E100000123479,E100000001753
12673,12.8,[6119],E100000123091,E100000123349
12675,93.9,[6119],E100000125341,E100000001753
12676,6.1,[6119],E100000125341,E100000125390
12634,34.0,[6119],E100000122639,E100000124332
2251,9.0,[1343],E100000002664,E100000000667
12773,9.44,[6119],E100000122608,E100000124366
20488,5.53,[6528],E100001010353,E100001001322
12695,15.0,[6119],E100000122778,E100000123261
12692,100.0,[6119],E100000123461,E100000000249
12748,36.55,[6119],E100000124266,E100000001753
12697,75.0,[6119],E100000123196,E100000124347
12786,90.5,[6119],E100000121996,E100000121999
12745,100.0,[6119],E100000125285,E100000125801
12683,36.97,[6119],E100000123813,E100000123329
12762,96.16,[6119],E100000122043,E100000123483
12701,100.0,[6119],E100000123701,E100000124345
12704,100.0,[6119],E100000124349,E100000124978
12723,70.82,[6119],E100000123643,E100000123573
21969,20.0,"[11196, 11197]",E100000132832,E100001000662
12700,100.0,[6119],E100000124345,E100000000248
12694,100.0,[6119],E100000122777,E100000124345
12781,97.5,[6119],E100000122016,E100000124368
12730,58.0,[6119],E100000124799,E100000124797
12774,100.0,[6119],E100000124678,E100000123261
12779,100.0,[6119],E100000124368,E100000124983
12737,51.0,[6119],E100000121642,E100000124357
12726,100.0,[6119],E100000121747,E100000121749
12710,100.0,[6119],E100000124365,E100000124979
12735,51.0,[6119],E100000124358,E100001000472
12771,9.48,[6119],E100000122612,E100000124365
12718,1.0,[6119],E100000122613,E100000001753
21829,100.0,[10577],E100000003317,E100000000338
12740,100.0,[6119],E100000122828,E100000124360
21482,100.0,[7745],E100001000394,E100001000092
12747,100.0,[6119],E100000000190,E100000125639
12680,99.44,[6119],E100000124343,E100000123813
12750,100.0,[6119],E100000122702,E100000124266
12693,100.0,[6119],E100000124839,E100000123261
12780,2.5,[6119],E100000122016,E100000001753
12684,58.8,[6119],E100000123813,E100001000401
12742,30.0,[6119],E100000003071,E100000000196
12736,49.0,[6119],E100000124358,E100000124981
22314,100.0,"[11926, 11927, 74278]",E100000002049,E100001011283
12778,50.69,[6119],E100000124338,E100001000403
12705,100.0,[6119],E100000125277,E100000125800
12721,50.0,[6119],E100000122554,E100000123643
12686,19.72,[6119],E100000124344,E100001000465
12715,100.0,[6119],E100000124900,E100000125638
12712,100.0,[6119],E100000122615,E100000124351
12699,100.0,[6119],E100000124348,E100000000248
12731,42.0,[6119],E100000124799,E100000124798
22566,100.0,[74818],E100000000348,E100001011562
12732,100.0,[6119],E100000123972,E100000123261
12716,51.0,[6119],E100000122609,E100000122301
12752,100.0,[6119],E100000122042,E100000001509
12772,90.56,[6119],E100000122608,E100000121734
12708,61.0,[6119],E100000124350,E100000123261
12713,100.0,[6119],E100000122611,E100000124352
12749,63.45,[6119],E100000124266,E100000122698
22446,10.0,[74068],E100001010466,E100000130730
12724,5.27,[6119],E100000123643,E100000123644
12685,0.76,[6119],E100000124344,E100000001753
12733,70.18,[6119],E100000121927,E100000124355
12734,29.82,[6119],E100000121927,E100000124356
22075,87.72,[11548],E100001011107,E100000000864
3842,100.0,[5446],E100000001418,E100000000170
12709,39.0,[6119],E100000124350,E100000124554
12681,100.0,[6119],E100000125478,E100000124343
12783,26.0,[6119],E100000125210,E100000125326
12743,35.0,[6119],E100000003071,E100000000293
12682,4.23,[6119],E100000123813,E100000001753
12687,79.52,[6119],E100000124344,E100000124977
12703,49.0,[6119],E100000124978,E100000125232
22180,100.0,[11697],E100001011190,E100001011191
12760,69.95,[6119],E100000122041,E100000124362
5856,26.0,"[6070, 6085, 108408]",E100000121104,E100001000467
12714,100.0,[6119],E100000124366,E100000125638
12696,85.0,[6119],E100000122778,E100000124346
21970,100.0,[11196],E100001000662,E100000120639
12690,100.0,[6119],E100000125385,E100000125759
12777,49.31,[6119],E100000124338,E100000124367
12759,0.92,[6119],E100000122041,E100000001753
12729,100.0,[6119],E100000124976,E100000123261
12727,100.0,[6119],E100000124354,E100000124667
12775,52.94,[6119],E100000122621,E100000124367
12744,19.0,[6119],E100000003071,E100000000251
12722,11.06,[6119],E100000123643,E100000001753
12698,25.0,[6119],E100000123196,E100000124348
12717,49.0,[6119],E100000122609,E100000124353
12702,100.0,[6119],E100000122856,E100000124349
12769,78.18,[6119],E100000122854,E100000124364
12758,68.98,[6119],E100000123668,E100000124714
12770,90.52,[6119],E100000122612,E100000121734
12738,18.91,[6119],E100000121642,E100000124359
12720,50.0,[6119],E100000122554,E100000122535
12707,90.0,[6119],E100000122614,E100000124350
12768,21.82,[6119],E100000122854,E100001000465
12776,47.06,[6119],E100000122621,E100000124338
21476,19.0,"[7739, 7740]",E100000120012,E100000129143
12711,100.0,[6119],E100000124351,E100000124352
12719,99.0,[6119],E100000122613,E100000123261
21487,8.69,[7752],E100000000975,E100000000845
22447,100.0,[9821],E100000001907,E100001011408
18093,100.0,[6119],E100000127214,E100000123261
12893,25.12,[6119],E100000123209,E100000125872
22675,8.56,[114209],E100000001213,E100001010595
12815,1.0,[6119],E100000122766,E100000001753
12823,10.0,[6119],E100000124848,E100000125722
12858,100.0,[6119],E100000123353,E100000125837
12826,73.78,[6119],E100000124866,E100000123261
12790,98.0,[6119],E100000125328,E100000123261
21495,100.0,"[7759, 6451]",E100001010714,E100000132190
12868,100.0,[6119],E100000123372,E100000125847
12801,81.96,[6119],E100000124371,E100000124984
12886,70.0,[6119],E100000122091,E100000125865
12817,76.07,[6119],E100000124208,E100000124988
12885,95.0,[6119],E100000125043,E100000125864
12889,46.7,[6119],E100000122441,E100000125868
12887,100.0,[6119],E100000123127,E100000125866
21538,,[7858],E100001010750,E100000130895
12843,100.0,[6119],E100000124719,E100000125822
12870,100.0,[6119],E100000124488,E100000125849
12866,30.0,[6119],E100000123402,E100000125845
12891,39.59,[6119],E100000124191,E100000125870
12855,90.0,[6119],E100000122695,E100000125834
22076,82.29,[11710],E100000121235,E100001011107
12833,100.0,[6119],E100000124390,E100000125812
12805,100.0,[6119],E100000124237,E100000124985
12796,93.12,[6119],E100000124369,E100000125640
12852,16.67,[6119],E100000123322,E100000125831
22947,,[61306],E100000120708,E100000002143
12867,100.0,[6119],E100000123346,E100000000154
12876,100.0,[6119],E100000124493,E100000125855
12883,31.29,[6119],E100000122389,E100000125862
12835,99.0,[6119],E100000124396,E100000125814
12856,70.29,[6119],E100000002471,E100000125835
12797,100.0,[6119],E100000122010,E100000124371
12838,100.0,[6119],E100000124299,E100000125817
18091,100.0,[6119],E100000127966,E100000124668
12824,90.0,[6119],E100000124848,E100000125761
12841,5.19,[6119],E100000124412,E100000125820
12840,8.65,[6119],E100000124412,E100000125819
21681,10.61,"[8046, 8047]",E100000120897,E100001010841
12847,49.0,[6119],E100000122669,E100000125826
12875,100.0,[6119],E100000125267,E100000125854
12832,48.78,[6119],E100000124102,E100000125811
12884,25.0,[6119],E100000124512,E100000125863
12810,9.17,[6119],E100000123313,E100000125641
12862,35.0,[6119],E100000122239,E100000125841
12871,95.0,[6119],E100000125387,E100000125850
12877,25.0,[6119],E100000123476,E100000125856
12872,40.0,[6119],E100000123765,E100000125851
18092,100.0,[6119],E100000128484,E100000124668
3502,25.0,[105719],E100000000602,E100001000109
12816,99.0,[6119],E100000122766,E100000124373
12851,100.0,[6119],E100000122759,E100000125830
12834,100.0,[6119],E100000125098,E100000125813
12874,100.0,[6119],E100000121835,E100000125853
12881,100.0,[6119],E100000000237,E100000125860
12798,100.0,[6119],E100000124984,E100000125535
12842,100.0,[6119],E100000122919,E100000125821
12800,5.75,[6119],E100000124371,E100000124790
22315,100.0,"[11928, 6367]",E100000120278,E100000000849
22567,32.2,"[74819, 74820]",E100000120824,E100000000649
12850,9.7,[6119],E100000121818,E100000125829
21830,,[10578],E100000132781,E100001010930
12844,79.82,[6119],E100000121762,E100000125823
12878,100.0,[6119],E100000121700,E100000125857
12804,100.0,[6119],E100000124985,E100000125760
12869,15.31,[6119],E100000125402,E100000125848
12822,7.0,[6119],E100000121699,E100000124374
12799,12.29,[6119],E100000124371,E100000001753
12811,90.83,[6119],E100000123313,E100000125627
12864,90.0,[6119],E100000001529,E100000125843
12890,5.0,[6119],E100000123614,E100000125869
12825,26.22,[6119],E100000124866,E100000001753
12788,100.0,[6119],E100000123475,E100000125535
12849,6.81,[6119],E100000123252,E100000125828
12845,100.0,[6119],E100000123288,E100000158873
12854,13.0,[6119],E100000122566,E100000125833
12802,100.0,[6119],E100000121992,E100000124371
12818,100.0,[6119],E100000124988,E100000000252
12814,100.0,[6119],E100000123494,E100000124987
12831,28.04,[6119],E100000124102,E100000125810
12830,100.0,[6119],E100000123541,E100000125809
12839,78.05,[6119],E100000124412,E100000125818
22870,,"[76052, 76050]",E100001012024,E100000000003
12828,99.41,[6119],E100000125233,E100000125807
22181,100.0,[11571],E100000004136,E100000000610
12879,100.0,[6119],E100000122376,E100000125858
12873,10.0,[6119],E100000123126,E100000125852
12863,24.95,[6119],E100000122244,E100000125842
12806,100.0,[6119],E100000123667,E100000124986
12861,50.0,[6119],E100000121976,E100000125840
12860,25.0,[6119],E100000122773,E100000125839
12853,17.1,[6119],E100000123742,E100000125832
22781,100.0,"[75518, 75519]",E100001011833,E100001011835
21971,,[11198],E100000132992,E100001001078
12813,100.0,[6119],E100000124987,E100000125600
18089,100.0,[6119],E100000126822,E100000123261
12940,30.0,[6119],E100000123814,E100000125919
12968,28.0,[6119],E100000121809,E100000125947
12988,8.0,[6119],E100000123699,E100000125967
12977,100.0,[6119],E100000123578,E100000125956
12911,91.89,[6119],E100000123645,E100000125890
18102,70.0,[6119],E100000126533,E100000123171
22568,100.0,[74821],E100000120853,E100001011563
12959,7.46,[6119],E100000124969,E100000125938
12975,100.0,[6119],E100000123894,E100000125954
12997,5.91,[6119],E100000124130,E100000125976
12942,25.0,[6119],E100000123811,E100000125921
12914,22.96,[6119],E100000123138,E100000125893
12981,30.0,[6119],E100000123192,E100000125960
22448,,[74074],E100001011076,E100001011409
12966,85.0,[6119],E100000121824,E100000125945
12896,76.27,[6119],E100000123206,E100000125875
12920,87.5,[6119],E100000122378,E100000125899
12898,19.74,[6119],E100000121907,E100000125877
12982,100.0,[6119],E100000125154,E100000125961
12918,45.0,[6119],E100000122406,E100000125897
12985,6.83,[6119],E100000001542,E100000125964
21539,100.0,[7804],E100000131702,E100000130895
12979,100.0,[6119],E100000000294,E100000125958
12984,8.82,[6119],E100000001542,E100000125963
20881,100.0,[],E100000131848,E100000000014
12930,55.56,[6119],E100000125306,E100000125909
12971,35.0,[6119],E100000124019,E100000125950
18094,100.0,[6119],E100000126724,E100000127965
12986,89.02,[6119],E100000000208,E100000125965
12961,100.0,[6119],E100000124036,E100000125940
12960,100.0,[6119],E100000122175,E100000125939
12989,7.0,[6119],E100000123699,E100000125968
12908,72.0,[6119],E100000122387,E100000125887
12964,96.85,[6119],E100000001521,E100000125943
12990,34.0,[6119],E100000123699,E100000125969
12957,7.46,[6119],E100000124969,E100000125936
12901,6.35,[6119],E100000121907,E100000125880
12909,6.0,[6119],E100000122387,E100000125888
12897,100.0,[6119],E100000123557,E100000125876
12931,5.0,[6119],E100000123788,E100000125910
12917,100.0,[6119],E100000124232,E100000125896
12925,18.6,[6119],E100000123751,E100000125904
12965,100.0,[6119],E100000000303,E100000125944
12993,100.0,[6119],E100000124705,E100000125972
12973,100.0,[6119],E100000125136,E100000125952
12933,6.12,[6119],E100000123799,E100000125912
12980,65.92,[6119],E100000123984,E100000125959
12922,99.9,[6119],E100000123988,E100000125901
12999,64.16,[6119],E100000122202,E100000125978
12962,100.0,[6119],E100000124655,E100000125941
12915,100.0,[6119],E100000124569,E100000125894
12932,95.0,[6119],E100000123788,E100000125911
12970,100.0,[6119],E100000123656,E100000125949
12949,100.0,[6119],E100000124639,E100000125928
12956,100.0,[6119],E100000124965,E100000125935
12929,6.92,[6119],E100000124142,E100000125908
18101,27.57,[6119],E100000126533,E100000128058
22316,30.0,"[11929, 11930, 11931]",E100001010539,E100001011284
12976,90.0,[6119],E100000124167,E100000125955
12963,100.0,[6119],E100000000299,E100000125942
13000,35.84,[6119],E100000122202,E100000125979
21831,38.0,"[10579, 10580]",E100000132836,E100000132867
12900,6.27,[6119],E100000121907,E100000125879
12903,49.0,[6119],E100000121707,E100000125882
12907,83.62,[6119],E100000124762,E100000125886
12921,100.0,[6119],E100000124571,E100000125900
18096,15.16,[6119],E100000126502,E100000001753
12943,13.4,[6119],E100000122877,E100000125922
12894,9.56,[6119],E100000123548,E100000125873
12937,34.76,[6119],E100000122902,E100000125821
12998,100.0,[6119],E100000121800,E100000125977
12991,100.0,[6119],E100000000286,E100000125970
12945,90.0,[6119],E100000124022,E100000125924
12972,65.0,[6119],E100000124019,E100000125951
12928,47.92,[6119],E100000122803,E100000125907
12924,5.67,[6119],E100000122770,E100000125903
12974,100.0,[6119],E100000122379,E100000125953
12934,33.76,[6119],E100000122793,E100000125913
21682,13.09,[8046],E100000120897,E100001010842
12912,100.0,[6119],E100000124452,E100000125891
18103,100.0,[6119],E100000127317,E100000123261
12994,5.62,[6119],E100000122149,E100000125973
21972,,[11199],E100000132584,E100001011025
12938,90.0,[6119],E100000124257,E100000125917
12947,100.0,[6119],E100000125378,E100000125926
12927,94.52,[6119],E100000123807,E100000125906
18095,100.0,[6119],E100000128544,E100000123261
22182,32.25,[11701],E100000003561,E100000004022
12910,8.42,[6119],E100000122831,E100000125889
12996,100.0,[6119],E100000124012,E100000125975
12951,25.0,[6119],E100000121791,E100000125930
12944,75.0,[6119],E100000122332,E100000125923
12983,100.0,[6119],E100000124732,E100000125962
12987,97.64,[6119],E100000125027,E100000125966
12936,50.0,[6119],E100000122767,E100000125915
12955,100.0,[6119],E100000124219,E100000125934
3075,50.0,[5822],E100000003175,E100000000890
12913,30.0,[6119],E100000123414,E100000125892
13030,7.14,[6119],E100000124077,E100000126009
13058,100.0,[6119],E100000123989,E100000126037
13041,12.5,[6119],E100000121627,E100000126020
13090,10.0,[6119],E100000124905,E100000126069
13063,7.77,[6119],E100000124166,E100000126042
23593,21.97,[101558],E100001014283,E100001010427
18111,51.0,[6119],E100000128055,E100000128537
13092,100.0,[6119],E100000122423,E100000126071
13034,55.0,[6119],E100000122081,E100000126013
13065,25.0,[6119],E100000123046,E100000126044
13097,26.0,[6119],E100000122031,E100000126076
18110,100.0,[6119],E100000128173,E100000123261
13050,100.0,[6119],E100000124686,E100000126029
13081,100.0,[6119],E100000123344,E100000126060
13096,100.0,[6119],E100000122118,E100000126075
13100,25.53,[6119],E100000121675,E100000126079
13064,23.17,[6119],E100000124166,E100000126043
18109,95.29,[6119],E100000128826,E100000125782
21497,,[7761],E100000120435,E100000000510
13087,30.0,[6119],E100000124980,E100000126066
13023,38.0,[6119],E100000123170,E100000126002
13032,100.0,[6119],E100000124529,E100000126011
13046,5.37,[6119],E100000004028,E100000126025
13013,40.79,[6119],E100000122421,E100000125992
13039,100.0,[6119],E100000124074,E100000126018
13085,100.0,[6119],E100000125199,E100000126064
13045,6.8,[6119],E100000004028,E100000126024
22183,25.0,[11701],E100000003561,E100001011195
21540,100.0,"[7806, 7807]",E100001010751,E100000132377
18108,4.71,[6119],E100000128826,E100000001753
13077,10.92,[6119],E100000125407,E100000126056
13075,35.0,[6119],E100000124882,E100000126054
13106,50.0,[6119],E100000122383,E100000126085
13008,90.0,[6119],E100000122356,E100000125987
13086,100.0,[6119],E100000124902,E100000126065
13095,100.0,[6119],E100000121934,E100000126074
13094,100.0,[6119],E100000125391,E100000126073
13103,100.0,[6119],E100000123772,E100000126082
13044,100.0,[6119],E100000125305,E100000126023
13101,35.4,[6119],E100000123585,E100000126080
13059,25.0,[6119],E100000122066,E100000126038
13049,91.63,[6119],E100000000288,E100000126028
22449,,[74076],E100000001759,E100001011410
13105,50.0,[6119],E100000122383,E100000126084
13061,38.46,[6119],E100000004385,E100000126040
13084,100.0,[6119],E100000124183,E100000126063
13068,8.0,[6119],E100000122427,E100000126047
13080,100.0,[6119],E100000125197,E100000126059
13025,36.32,[6119],E100000124761,E100000126004
22078,12.27,[11548],E100001011107,E100001011108
13070,100.0,[6119],E100000124862,E100000126049
13102,100.0,[6119],E100000123730,E100000126081
13066,30.0,[6119],E100000123392,E100000126045
13040,12.5,[6119],E100000121627,E100000126019
13043,97.0,[6119],E100000000215,E100000126022
21973,100.0,[11209],E100000132668,E100001011026
13091,19.16,[6119],E100000124223,E100000126070
13093,51.0,[6119],E100000122507,E100000126072
13033,100.0,[6119],E100000000279,E100000126012
13047,100.0,[6119],E100000125353,E100000126026
13060,100.0,[6119],E100000124621,E100000126039
13026,40.0,[6119],E100000121939,E100000126005
13098,26.0,[6119],E100000122030,E100000126077
21683,14.18,"[8048, 114917]",E100000120765,E100001010843
13036,9.9,[6119],E100000122076,E100000126015
13057,10.0,[6119],E100000124821,E100000126036
13055,100.0,[6119],E100000123886,E100000126034
13002,15.0,[6119],E100000123180,E100000125981
13024,57.21,[6119],E100000123170,E100000126003
21832,34.0,"[10579, 10580]",E100000132836,E100000000630
13012,90.0,[6119],E100000125214,E100000125991
13017,80.0,[6119],E100000123485,E100000125996
13011,86.33,[6119],E100000123852,E100000125990
13073,25.0,[6119],E100000122804,E100000126052
13083,100.0,[6119],E100000124895,E100000126062
13104,100.0,[6119],E100000123698,E100000126083
13048,100.0,[6119],E100000124149,E100000126027
13088,35.06,[6119],E100000121897,E100000126067
13007,100.0,[6119],E100000124261,E100000125986
21498,,[],E100000120916,E100000000510
13107,100.0,[6119],E100000123621,E100000126086
13020,30.0,[6119],E100000125298,E100000125999
13074,100.0,[6119],E100000122302,E100000126053
18104,7.39,[6119],E100000128230,E100000128536
13022,13.02,[6119],E100000124165,E100000126001
13021,35.0,[6119],E100000123171,E100000126000
18107,49.0,[6119],E100000126303,E100000128059
13031,96.78,[6119],E100000122060,E100000126010
22317,22.0,"[11929, 11930, 11931]",E100001010539,E100000000692
13006,23.34,[6119],E100000124200,E100000125985
13005,18.32,[6119],E100000123912,E100000125984
13004,34.94,[6119],E100000123920,E100000125983
13018,90.0,[6119],E100000125153,E100000125997
13071,93.24,[6119],E100000000251,E100000126050
13079,100.0,[6119],E100000122390,E100000126058
13038,25.0,[6119],E100000124872,E100000126017
13016,25.0,[6119],E100000122360,E100000125995
13035,25.0,[6119],E100000122109,E100000126014
18105,92.61,[6119],E100000128230,E100000125154
13160,49.0,"[6244, 6245]",E100001010032,E100001000397
8365,100.0,[6119],E100000002820,E100000000272
9892,8.28,[6119],E100000124968,E100000125114
18118,1.49,[6119],E100000127237,E100000001753
13115,90.0,[6119],E100000121699,E100000126094
22569,16.1,[74822],E100001011563,E100001000178
5399,17.5,[7999],E100000121032,E100000000707
18116,4.94,[6119],E100000129065,E100000001753
9618,100.0,[6119],E100000124742,E100000000221
22871,100.0,"[76059, 76060, 76061]",E100001012026,E100001010071
18129,24.1,[6119],E100000126289,E100000128065
3369,20.0,"[1137, 1136]",E100000002434,E100000000603
10869,49.0,[6119],E100000124699,E100000122060
22079,,[11549],E100000002085,E100001011107
8711,100.0,[6119],E100000002787,E100000002783
11028,100.0,[6119],E100000125127,E100000125302
9259,100.0,[6119],E100000124843,E100000125075
12395,100.0,[6119],E100000125371,E100000123261
9042,100.0,[6119],E100000124575,E100000125674
13109,100.0,[6119],E100000124840,E100000126088
18115,100.0,[6119],E100000127252,E100000123220
3620,45.0,"[1100, 5930, 5943]",E100000002413,E100000000675
6389,1.0,[6119],E100000125351,E100000001753
18122,100.0,[6119],E100000128063,E100000123261
13110,100.0,[6119],E100000000248,E100000126089
5202,,[],E100000121508,E100000121509
5498,38.0,[],E100000120952,E100000120524
18112,45.0,[6119],E100000127395,E100000128060
12119,86.33,[6119],E100000125206,E100000123261
1520,100.0,[2305],E100000003695,E100000001269
10604,100.0,[6119],E100000124724,E100000123261
13113,29.13,[6119],E100000122041,E100000126092
18133,25.0,[6119],E100000128393,E100000128827
23049,74.0,"[79337, 79338]",E100001012802,E100001000576
5534,,[],E100000121203,E100000120301
11960,100.0,[6119],E100000125200,E100000125792
12691,100.0,[6119],E100000000249,E100000125759
21833,18.0,"[10579, 10580]",E100000132836,E100001010931
12319,100.0,[6119],E100000125370,E100000125389
10830,100.0,[6119],E100000123543,E100000123261
5662,,[],E100000121511,E100000120044
10283,28.0,[6119],E100000124689,E100000000231
5655,70.24,[10478],E100000121391,E100000121390
12525,100.0,[6119],E100000124967,E100000123261
22948,100.0,[77030],E100001012272,E100001000090
21684,11.04,"[8048, 114917]",E100000120765,E100001000520
5706,,[],E100000121128,E100000121129
10972,100.0,[6119],E100000124775,E100000125711
12648,100.0,[6119],E100000124972,E100000125758
857,100.0,[1676],E100000002996,E100000000510
22782,100.0,"[75522, 75523]",E100001011836,E100000000671
7944,32.71,[6119],E100000124521,E100000001753
18124,41.53,[6119],E100000128538,E100000128824
11865,100.0,[6119],E100000124890,E100000125198
5423,30.0,[],E100000121077,E100000121030
18131,90.07,[6119],E100000126568,E100000123261
22184,24.0,[11701],E100000003561,E100001011106
8786,100.0,[6119],E100000124553,E100000125666
11988,100.0,[6119],E100000124906,E100000125204
18119,47.51,[6119],E100000127237,E100000123261
9736,100.0,[6119],E100000124634,E100000125107
11339,9.92,[6119],E100000124814,E100000124815
13108,100.0,[6119],E100000125231,E100000126087
22450,100.0,[74077],E100000000986,E100001011411
7160,7.63,[6119],E100000125029,E100000124481
18128,40.5,[6119],E100000126289,E100000124067
22318,48.0,"[11929, 11930, 11931]",E100001010539,E100001000384
6727,100.0,[6119],E100000002587,E100000000483
12179,90.0,[6119],E100000002790,E100000124255
5689,,[],E100000121606,E100000121605
18120,51.0,[6119],E100000127237,E100000128062
6341,100.0,[6119],E100000125088,E100000123261
13114,23.93,[6119],E100000124208,E100000126093
11240,53.99,[6119],E100000125354,E100000123261
18114,40.0,[6119],E100000127395,E100000128061
7406,100.0,[6119],E100000125034,E100001000473
18134,25.0,[6119],E100000128393,E100000128828
13111,51.0,[6119],E100000124978,E100000126090
11674,100.0,[6119],E100000124851,E100000123261
13222,100.0,"[6308, 6309]",E100000001911,E100001010066
18113,15.0,[6119],E100000127395,E100000128055
10651,100.0,[6119],E100000124723,E100000123261
5409,30.0,[],E100000121012,E100000120409
6919,9.12,[6119],E100000125019,E100000125648
11714,6.76,[6119],E100000000251,E100000125520
21974,100.0,[11209],E100001011026,E100000120419
6808,100.0,[6119],E100000125388,E100000121720
18121,100.0,[6119],E100000126718,E100000128063
18132,9.93,[6119],E100000126568,E100001000465
11760,79.66,[6119],E100000124878,E100000125729
12379,10.0,[6119],E100000001431,E100000125225
317,44.0,"[777, 3159, 775, 776]",E100000002429,E100000000995
18125,28.36,[6119],E100000128538,E100000128825
18127,25.02,[6119],E100000128538,E100000124529
13258,100.0,"[6331, 6109]",E100001010017,E100001010018
18139,25.0,[6119],E100000126333,E100000128066
9972,100.0,[6119],E100000004230,E100000123919
22319,100.0,[11932],E100000120872,E100001011285
13218,50.0,[6306],E100000120740,E100000000427
9744,55.0,[6119],E100000003146,E100000121694
18146,100.0,[6119],E100000129763,E100000125002
18154,40.0,[6119],E100000127175,E100000128069
134,100.0,"[2672, 796, 705, 5790]",E100000001652,E100000001123
6562,100.0,[6119],E100000122098,E100000000173
12178,90.0,[6119],E100000000182,E100000125742
1671,60.0,"[2475, 1785]",E100000003856,E100000000543
8192,51.0,[6119],E100000004108,E100000001595
18151,11.71,[6119],E100000128492,E100000130321
10371,44.0,[6119],E100000003185,E100000124000
18140,17.21,[6119],E100000126333,E100000124769
18138,12.16,[6119],E100000126333,E100000123261
21975,62.23,[11211],E100000129432,E100001011027
1245,100.0,"[2020, 2019]",E100000003407,E100000000669
21834,10.0,"[10579, 10580]",E100000132836,E100001010932
18160,76.92,[6119],E100000126343,E100001000432
18155,10.0,[6119],E100000127175,E100000127610
1920,,[2694],E100000004125,E100000001223
7236,10.0,[6119],E100000001529,E100000001530
1877,,"[2664, 2663, 2665, 2666, 2667]",E100000004086,E100000001227
5207,25.5,"[6086, 6070, 108408]",E100000121384,E100001000486
6327,20.0,[6119],E100000004005,E100000123245
18148,10.65,[6119],E100000128492,E100000130322
18147,5.87,[6119],E100000128492,E100000001753
22677,100.0,[75099],E100001011670,E100001010596
18152,100.0,[6119],E100000127405,E100000123261
1299,80.0,"[2086, 2087, 2084, 2088, 2085]",E100000003475,E100000001186
11763,40.0,[6119],E100000001573,E100000123261
10909,30.0,[6119],E100000003207,E100000001573
11474,49.0,[6119],E100000004385,E100000121808
18145,100.0,[6119],E100000128831,E100000125002
22185,18.75,[11701],E100000003561,E100001011196
8331,100.0,[6119],E100000003160,E100000002754
3574,100.0,"[5221, 5222]",E100001000187,E100001000188
23189,,[97993],E100001013347,E100001013348
10803,40.0,[6119],E100000003200,E100000123618
7861,100.0,[6119],E100000003624,E100000123508
18143,6.0,[6119],E100000126333,E100000128068
23494,100.0,[100810],E100001014100,E100000001179
1568,100.0,"[2346, 2347, 5587]",E100000003777,E100000001256
22783,100.0,"[75524, 2783]",E100000001046,E100001000265
1512,50.0,"[2295, 2296]",E100000003693,E100000000652
8834,30.0,[6119],E100000004213,E100000123396
18164,100.0,[6119],E100000128076,E100000123261
9046,90.0,[6119],E100000004361,E100000000156
1950,100.0,"[2729, 2728, 2730, 2727]",E100000004161,E100000000550
9613,33.0,[6119],E100000003125,E100000002592
18142,18.75,[6119],E100000126333,E100000128067
21685,98.97,"[8054, 8055]",E100001010767,E100001010847
2564,40.97,"[2436, 2438, 2437]",E100000003750,E100000001043
202,50.0,"[5603, 5604]",E100000001596,E100000001213
18156,50.0,[6119],E100000127175,E100000122041
9643,76.0,[6119],E100000003123,E100000000194
18163,100.0,[6119],E100000126442,E100000122090
21542,100.0,[7811],E100000130819,E100001010754
22451,100.0,[74079],E100001011411,E100001011412
12916,61.0,[6119],E100001000451,E100000125895
18136,25.0,[6119],E100000128393,E100000128394
23050,21.0,"[79337, 79338]",E100001012802,E100001012803
18144,100.0,[6119],E100000127122,E100000123261
18153,100.0,[6119],E100000128827,E100000123261
22570,6.7,[74822],E100001011563,E100001000179
8168,10.0,[6119],E100000004112,E100000001404
18137,0.88,[6119],E100000126333,E100000001753
18149,13.85,[6119],E100000128492,E100000130320
9471,10.0,[6119],E100001000401,E100000125528
18159,7.69,[6119],E100000126343,E100000128071
18157,3.85,[6119],E100000126343,E100000001753
1230,31.0,"[1998, 1996, 1997, 1995]",E100000003385,E100000001090
9175,100.0,[6119],E100000001660,E100000125769
6925,9.74,[6119],E100000124471,E100000125020
11932,100.0,[6119],E100000003862,E100000004371
4827,35.0,"[6279, 6280, 6281]",E100000121231,E100000000382
23098,80.0,[97544],E100001013151,E100000131974
8788,51.0,[6119],E100000004219,E100000123272
1566,50.0,"[2343, 101315]",E100000001764,E100000001096
11102,35.0,[6119],E100000004381,E100000124106
11050,70.0,[6119],E100000004371,E100000000493
18135,25.0,[6119],E100000128393,E100000128829
22080,100.0,[11569],E100001011106,E100000000874
10259,32.09,[6119],E100000000292,E100000001737
1835,100.0,"[2618, 2619]",E100000004049,E100000001175
23268,100.0,"[98384, 98385, 108575]",E100001013501,E100000131973
18158,11.54,[6119],E100000126343,E100000128070
22872,,"[76064, 76065]",E100001012027,E100001012028
18161,40.0,[6119],E100000126314,E100000128072
6632,25.0,[6119],E100000004384,E100000000498
18242,35.87,[6119],E100000130021,E100000124815
18207,83.0,[6119],E100000126106,E100000128078
13264,49.0,[6031],E100001010072,E100000000003
18243,3.33,[6119],E100000128540,E100000001753
22186,11.01,[11703],E100001010499,E100001011197
18250,100.0,[6119],E100000129802,E100000123261
18238,100.0,[6119],E100000130108,E100000130155
18232,10.99,[6119],E100000128741,E100000128950
22678,68.11,[75100],E100000003963,E100001011672
18213,86.6,[6119],E100000127544,E100000123261
18216,16.71,[6119],E100000126251,E100000128082
18217,56.09,[6119],E100000126251,E100000128080
13268,28.84,[6120],E100001000794,E100000001753
18169,32.26,[6119],E100000127189,E100000123261
18175,25.1,[6119],E100000126594,E100000128074
18181,30.0,[6119],E100000124094,E100000124075
18209,5.65,[6119],E100000127282,E100000001753
5605,49.0,"[7816, 7817]",E100000121132,E100000120042
18258,49.58,[6119],E100000128541,E100000123261
18171,100.0,[6119],E100000127613,E100000123261
18245,100.0,[6119],E100000128374,E100000130323
13265,5.72,[6340],E100000000687,E100001000348
18236,100.0,[6119],E100000128120,E100000128539
18205,100.0,[6119],E100000128394,E100000128836
18188,40.0,[6119],E100000128357,E100000128831
18230,100.0,[6119],E100000130178,E100000128741
18214,100.0,[6119],E100000127712,E100000123261
18193,100.0,[6119],E100000128126,E100000123261
18241,55.92,[6119],E100000130021,E100000130103
4731,100.0,"[8060, 8061]",E100000002687,E100000000660
18176,74.9,[6119],E100000126594,E100000124362
13267,,"[6341, 114905]",E100001010090,E100000000687
18237,100.0,[6119],E100000129358,E100000129769
18174,49.0,[6119],E100000127368,E100000122080
21835,49.0,[10581],E100000132782,E100000000630
18253,50.5,[6119],E100000126494,E100000126424
18219,100.0,[6119],E100000130174,E100000130175
18185,12.0,[6119],E100000128357,E100000128832
18224,65.0,[6119],E100000129378,E100000124043
18179,2.91,[6119],E100000124094,E100000001753
18252,49.5,[6119],E100000126494,E100000124092
18170,67.74,[6119],E100000127189,E100000128073
18167,35.0,[6119],E100000129401,E100000123261
18186,10.0,[6119],E100000128357,E100000128833
18187,8.0,[6119],E100000128357,E100000128834
18184,5.4,[6119],E100000128357,E100000128835
18166,6.07,[6119],E100000128501,E100000128830
18225,35.0,[6119],E100000129378,E100000129823
18182,4.0,[6119],E100000128357,E100000001753
22571,10.4,[74822],E100001011563,E100001011564
18221,99.75,[6119],E100000130102,E100000124772
18244,96.67,[6119],E100000128540,E100000123261
18201,26.0,[6119],E100000126160,E100000123261
18246,100.0,[6119],E100000128083,E100000128540
22081,8.33,[11569],E100000003733,E100001011111
18183,20.6,[6119],E100000128357,E100000124395
18165,6.07,[6119],E100000128501,E100000001753
18204,100.0,[6119],E100000128078,E100000123261
18173,51.0,[6119],E100000127368,E100000124362
18218,27.2,[6119],E100000126251,E100000128081
18223,100.0,[6119],E100000129916,E100000130102
18249,100.0,[6119],E100001000434,E100000130291
18227,100.0,[6119],E100000129131,E100000123261
18215,100.0,[6119],E100000127773,E100000123261
18259,100.0,[6119],E100000126383,E100000123261
18251,100.0,[6119],E100000129541,E100000129707
18211,13.03,[6119],E100000127282,E100000124714
18196,100.0,[6119],E100000128828,E100000123261
18206,100.0,[6119],E100000128836,E100000123261
22784,,[75525],E100001011837,E100001011838
18212,13.4,[6119],E100000127544,E100000001753
18228,100.0,[6119],E100000128623,E100000123261
18220,0.25,[6119],E100000130102,E100000001753
18260,100.0,[6119],E100000129406,E100000129793
18231,34.65,[6119],E100000128741,E100000001753
18222,100.0,[6119],E100000129245,E100000129822
18210,81.33,[6119],E100000127282,E100000124362
18247,30.0,[6119],E100000126425,E100000128084
18192,51.0,[6119],E100000126153,E100000126578
18197,18.0,[6119],E100000126933,E100000128076
18226,100.0,[6119],E100000129227,E100000129256
18257,50.42,[6119],E100000128541,E100000001753
22452,100.0,[74080],E100000000023,E100001011413
18248,70.0,[6119],E100000126425,E100000128083
18177,1.2,[6119],E100000129821,E100000001753
18202,74.0,[6119],E100000126160,E100000128077
18168,65.0,[6119],E100000129401,E100000129821
18189,100.0,[6119],E100000127609,E100000123261
18255,88.0,[6119],E100000126290,E100000128085
21976,,[11219],E100000132850,E100001011028
18208,17.0,[6119],E100000126106,E100000128079
5922,,[],E100001001189,E100001001265
18194,100.0,[6119],E100000126197,E100000123657
18195,100.0,[6119],E100000128626,E100000125299
13260,100.0,"[6335, 6336]",E100001000827,E100001010088
18350,6.0,[6119],E100000127353,E100000123261
18351,5.37,[6119],E100000127353,E100000128090
18327,100.0,[6119],E100000128838,E100000123261
18361,1.0,[6119],E100000129335,E100000001753
23099,20.0,[97544],E100001013151,E100000002128
18268,100.0,[6119],E100000129596,E100000129676
18290,1.0,[6119],E100000129687,E100000001753
18311,100.0,[6119],E100000129840,E100000130010
18267,100.0,[6119],E100000127941,E100000128543
18364,57.02,[6119],E100000128745,E100000123261
18317,100.0,[6119],E100000128840,E100001000030
18270,100.0,[6119],E100000129602,E100000129802
18277,32.23,[6119],E100000129572,E100000001753
18300,25.0,[6119],E100000128061,E100000126465
18345,100.0,[6119],E100000127875,E100000123261
18313,98.4,[6119],E100000130104,E100000130156
18365,33.98,[6119],E100000127845,E100000001753
23269,100.0,"[98386, 98387]",E100001013505,E100000131977
18349,14.13,[6119],E100000127353,E100000001753
18341,15.0,[6119],E100000128389,E100000128841
22082,100.0,"[11570, 11571]",E100001011111,E100000000610
18348,100.0,[6119],E100000128539,E100000123261
18312,1.6,[6119],E100000130104,E100000001753
22321,100.0,[11934],E100000121358,E100000120319
18352,29.0,[6119],E100000127353,E100000128089
18359,80.0,[6119],E100000129433,E100000129432
18322,100.0,[6119],E100000130011,E100000130104
18360,100.0,[6119],E100000128691,E100000123261
22949,,"[77168, 77169, 77170]",E100001012293,E100000120682
18343,100.0,[6119],E100000129828,E100000130013
22453,78.29,[74087],E100001000588,E100000001685
5923,,[],E100001001189,E100001001371
21500,100.0,"[7756, 7757]",E100000120222,E100000001648
18287,81.48,[6119],E100000128134,E100000123261
18281,100.0,[6119],E100000129773,E100000000229
18289,100.0,[6119],E100000129193,E100000123261
18347,100.0,[6119],E100000129929,E100000123261
18315,100.0,[6119],E100000129057,E100000129123
18356,100.0,[6119],E100000129158,E100001000030
18325,21.0,[6119],E100000129621,E100000129829
18278,8.1,[6119],E100000129572,E100000123261
18276,100.0,[6119],E100000127647,E100000123261
18344,100.0,[6119],E100000130105,E100000130037
18333,100.0,[6119],E100000128883,E100000123261
22679,20.0,"[75102, 75103]",E100000003963,E100000001361
18363,42.98,[6119],E100000128745,E100000001753
18340,45.0,[6119],E100000128389,E100000128839
18275,56.25,[6119],E100000129976,E100000123261
18346,100.0,[6119],E100000129931,E100000123261
23339,15.0,[98779],E100001013674,E100001013676
21686,44.82,[5489],E100000000185,E100001010848
18282,95.0,[6119],E100000127227,E100000123922
18262,51.89,[6119],E100000128085,E100000128541
18339,40.0,[6119],E100000128389,E100000128840
18265,51.0,[6119],E100000128086,E100000128542
18316,100.0,[6119],E100000129827,E100001000030
21977,,[11248],E100000132571,E100001000111
18271,86.68,[6119],E100000129509,E100000129824
18330,100.0,[6119],E100000129180,E100001000031
22785,,"[75528, 75530]",E100001011840,E100001011839
18272,13.32,[6119],E100000129509,E100000129825
18362,99.0,[6119],E100000129335,E100000123261
18320,10.0,[6119],E100000129807,E100000130012
18286,100.0,[6119],E100000127701,E100000123261
2294,30.0,"[1506, 1505]",E100000002762,E100000001441
18342,100.0,[6119],E100000130013,E100000130105
21836,37.0,[10581],E100000132782,E100001000130
5690,,"[97998, 5695]",E100000120529,E100001000462
18319,100.0,[6119],E100000129624,E100000129827
18264,14.7,[6119],E100000128086,E100000123261
13277,25.0,"[6341, 6350]",E100001000506,E100000000687
18263,34.3,[6119],E100000128086,E100000001753
18269,100.0,[6119],E100000127851,E100000123261
22187,8.9,[11703],E100001010499,E100001000348
18280,100.0,[6119],E100000129969,E100000129976
18354,100.0,[6119],E100000129178,E100000129191
18324,28.0,[6119],E100000129621,E100000129828
18308,75.82,[6119],E100000128837,E100000123261
21543,100.0,[7822],E100000121438,E100001010755
18337,99.9,[6119],E100000128721,E100000123261
13276,10.0,[6119],E100000124818,E100000125520
18321,90.0,[6119],E100000129807,E100000130011
18261,48.11,[6119],E100000128085,E100000124091
18301,75.0,[6119],E100000128061,E100000128544
18355,100.0,[6119],E100000129629,E100000129830
18273,100.0,[6119],E100000129834,E100000123261
18288,100.0,[6119],E100000128470,E100000123261
18266,100.0,[6119],E100000128543,E100000130324
18293,30.0,[6119],E100000129102,E100000129157
22572,100.0,[74823],E100000000366,E100001011566
18283,5.0,[6119],E100000127227,E100000128087
18331,90.0,[6119],E100000129160,E100001000031
18284,100.0,[6119],E100000129838,E100000130379
18291,99.0,[6119],E100000129687,E100000123261
18279,59.66,[6119],E100000129572,E100000129826
18357,10.0,[6119],E100000129433,E100000129643
18413,96.4,[6119],E100000127653,E100000128549
18400,2.0,[6119],E100000127652,E100000001753
18382,100.0,[6119],E100000127522,E100000128546
18393,60.0,[6119],E100000129619,E100000129713
22188,78.35,[11704],E100001010510,E100001000087
18407,100.0,[6119],E100000128549,E100000123261
18453,96.67,[6119],E100000128399,E100000123261
18408,1.0,[6119],E100000126692,E100000001753
18434,85.0,[6119],E100000128552,E100000123261
18458,100.0,[6119],E100000128400,E100000128849
9334,20.0,[6119],E100000122987,E100000123810
18406,70.0,[6119],E100000129569,E100000129835
18419,42.58,[6119],E100000126958,E100000121654
13283,100.0,"[6355, 108647]",E100001010099,E100001010097
22573,100.0,"[74824, 74825, 114912]",E100000000738,E100000000369
22083,100.0,"[11572, 11573]",E100001011112,E100001011113
22454,21.71,[],E100001000588,E100000001753
18445,100.0,[6119],E100000127841,E100000128553
18368,100.0,[6119],E100000128232,E100000123261
21837,14.0,[10581],E100000132782,E100001010933
18379,27.0,[6119],E100000128508,E100000128843
18443,100.0,[6119],E100000128560,E100000128559
18399,100.0,[6119],E100000129312,E100000129793
18372,87.5,[6119],E100000128280,E100000128842
21978,40.0,"[11249, 11175, 11176]",E100000132517,E100001011020
18428,99.96,[6119],E100000128945,E100000123261
18377,1.0,[6119],E100000128508,E100000001753
18427,100.0,[6119],E100000129030,E100000129126
18450,46.4,[6119],E100000129974,E100000124259
18390,40.0,[6119],E100000129524,E100000129832
18464,100.0,[6119],E100000128558,E100000123261
18431,100.0,[6119],E100000128398,E100000128845
18401,98.0,[6119],E100000127652,E100000128548
18418,57.42,[6119],E100000126958,E100000001753
18446,100.0,[6119],E100000130145,E100000130176
22786,16.13,[11882],E100000002309,E100001011841
18373,100.0,[6119],E100000128776,E100000123261
18367,13.13,[6119],E100000127845,E100000127846
18384,1.0,[6119],E100000128713,E100000001753
18421,37.5,[6119],E100000126889,E100000121654
18392,40.0,[6119],E100000129619,E100000129833
18462,100.0,[6119],E100000127939,E100000123261
18385,99.0,[6119],E100000128713,E100000123261
18391,100.0,[6119],E100000129832,E100000123261
18402,100.0,[6119],E100000128418,E100000128844
18454,100.0,[6119],E100000129054,E100000123261
18376,100.0,[6119],E100000128194,E100000127474
18435,15.0,[6119],E100000128552,E100000128551
18436,100.0,[6119],E100000128551,E100000123261
18409,99.0,[6119],E100000126692,E100000123261
18378,72.0,[6119],E100000128508,E100000123261
18380,100.0,[6119],E100000128502,E100000123261
18383,100.0,[6119],E100000127523,E100000128547
18466,100.0,[6119],E100000128715,E100000128957
13281,14.1,[6353],E100000000652,E100001000178
18370,100.0,[6119],E100000128547,E100000123261
18429,99.97,[6119],E100000128738,E100000123261
18371,12.5,[6119],E100000128280,E100000123261
18448,7.94,[6119],E100000129974,E100000130107
18447,0.17,[6119],E100000129974,E100000001753
18395,100.0,[6119],E100000129553,E100000129772
18404,100.0,[6119],E100000126851,E100000000252
18433,50.0,[6119],E100000128555,E100000128846
21501,100.0,[7756],E100000120773,E100000001648
18461,100.0,[6119],E100000128554,E100000123261
18452,3.33,[6119],E100000128399,E100000001753
18432,50.0,[6119],E100000128555,E100000128847
18442,100.0,[6119],E100000128350,E100000128848
22680,5.0,[75102],E100000003963,E100001011674
18465,100.0,[6119],E100000128957,E100000123261
18389,60.0,[6119],E100000129524,E100000129677
18366,52.89,[6119],E100000127845,E100000123261
18463,100.0,[6119],E100000128353,E100000125602
18405,30.0,[6119],E100000129569,E100000129836
18394,100.0,[6119],E100000128830,E100000128954
18381,100.0,[6119],E100000127521,E100000128545
9335,20.0,[6119],E100000122987,E100000123474
18420,62.5,[6119],E100000126889,E100000123324
18388,99.0,[6119],E100000128365,E100000123261
18398,10.0,[6119],E100000129549,E100000129834
18426,100.0,[6119],E100000130063,E100000127429
18460,100.0,[6119],E100000127860,E100000128554
21687,18.72,[5489],E100000000185,E100001000328
18449,45.5,[6119],E100000129974,E100000130106
18412,3.6,[6119],E100000127653,E100000001753
18423,100.0,[6119],E100000129024,E100000123261
18397,90.0,[6119],E100000129549,E100000129776
18386,100.0,[6119],E100000128545,E100000123261
3771,22.02,[5381],E100000000067,E100000000058
18437,100.0,[6119],E100000128550,E100000123261
3772,19.73,[5381],E100000000067,E100001000285
3773,10.77,"[5381, 5382]",E100000000067,E100001000286
3774,5.44,"[5381, 5383]",E100000000067,E100001000287
18524,95.0,[6119],E100000127163,E100000126571
18472,30.0,[6119],E100000127488,E100000128556
18569,100.0,[6119],E100000128043,E100000126498
18504,10.0,[6119],E100000128148,E100000128551
18542,66.66,[6119],E100000127513,E100000128565
18567,76.52,[6119],E100000129271,E100000122784
18487,100.0,[6119],E100000129266,E100000129256
23403,100.0,[99035],E100001013793,E100001010138
18518,99.0,[6119],E100000129063,E100000129127
18475,70.92,[6119],E100000128402,E100000128850
18536,100.0,[6119],E100000127615,E100000123261
18527,100.0,[6119],E100000127570,E100000123261
18543,1.42,[6119],E100000128566,E100000001753
18502,80.0,[6119],E100000128148,E100000123261
23190,,[97733],E100001013351,E100001000537
18521,80.0,[6119],E100000129095,E100000129162
18477,10.98,[6119],E100000127847,E100000123261
23100,18.5,"[97545, 108950]",E100001013153,E100001000782
18529,62.49,[6119],E100000127969,E100000128562
6972,37.0,[6119],E100000124128,E100000003269
21838,90.37,"[10582, 10583]",E100001000535,E100001000534
22084,100.0,[11574],E100001011113,E100001000197
23340,12.0,[98779],E100001013674,E100001013677
18506,1.0,[6119],E100000128762,E100000001753
10079,49.0,[6119],E100000123215,E100000123937
18495,73.33,[6119],E100000128902,E100000129069
3775,5.05,[5381],E100000000067,E100001000288
18468,100.0,[6119],E100000128802,E100000128959
18546,8.86,[6119],E100000128566,E100000124702
18550,60.0,[6119],E100000129434,E100000129837
18517,1.0,[6119],E100000129063,E100000001753
18470,40.0,[6119],E100000127488,E100000128555
18566,6.14,[6119],E100000129271,E100001000465
21546,100.0,[107912],E100001010757,E100001010756
18508,100.0,[6119],E100000129741,E100000130015
18478,11.63,[6119],E100000127847,E100000128560
18541,33.34,[6119],E100000127513,E100000001753
18493,3.33,[6119],E100000128902,E100000001753
13285,100.0,"[6356, 6355, 108647]",E100001010101,E100001010097
21502,100.0,[7756],E100000120783,E100000001648
18505,100.0,[6119],E100000128810,E100000128901
18499,25.86,[6119],E100000128436,E100000128853
18488,100.0,[6119],E100000128557,E100000123261
21979,60.0,[11250],E100000132517,E100000132515
18549,40.0,[6119],E100000129434,E100000123261
18513,100.0,[6119],E100000129617,E100000129836
18528,100.0,[6119],E100000129958,E100000130390
18490,100.0,[6119],E100000129267,E100000129704
18551,30.0,[6119],E100000129438,E100000129838
18484,100.0,[6119],E100000128556,E100000123261
22787,10.78,"[11882, 75533]",E100000002309,E100001011842
18474,100.0,[6119],E100000128800,E100000128961
23051,,[79383],E100001012804,E100001012805
18522,10.0,[6119],E100000129095,E100000129163
18534,7.5,[6119],E100000126786,E100000001753
22189,7.7,[11704],E100001010510,E100001010263
23495,100.0,[100811],E100001014099,E100001014102
18539,100.0,[6119],E100000127111,E100000123176
18544,10.0,[6119],E100000128566,E100000124815
18512,100.0,[6119],E100000129393,E100000129405
18498,74.14,[6119],E100000128436,E100000127593
18473,25.0,[6119],E100000127488,E100000128557
18471,5.0,[6119],E100000127488,E100000128558
22455,100.0,[6526],E100001011414,E100000002765
18525,100.0,[6119],E100000127095,E100000126198
18564,100.0,[6119],E100000128218,E100000128133
23270,,"[98388, 98390]",E100001013506,E100000131976
18552,70.0,[6119],E100000129438,E100000129432
18503,10.0,[6119],E100000128148,E100000128552
18501,90.0,[6119],E100000128974,E100000129071
18555,100.0,[6119],E100000130020,E100000130019
22574,36.21,[74827],E100000000774,E100001011568
18481,100.0,[6119],E100000128559,E100000123261
18538,100.0,[6119],E100000128040,E100000123261
6971,63.0,[6119],E100000124128,E100000000483
18479,77.39,[6119],E100000127847,E100000128559
18561,100.0,[6119],E100000129436,E100000129839
18500,10.0,[6119],E100000128974,E100000123261
18526,100.0,[6119],E100000127543,E100000123261
18568,100.0,[6119],E100000126811,E100000126498
18476,29.08,[6119],E100000128402,E100000128851
18511,100.0,[6119],E100000130306,E100000128854
18509,100.0,[6119],E100000130117,E100000130157
18537,100.0,[6119],E100000128211,E100000128564
18558,70.65,[6119],E100000128133,E100000125604
18494,23.33,[6119],E100000128902,E100000129070
18507,99.0,[6119],E100000128762,E100000123261
18520,10.0,[6119],E100000129095,E100000129164
18565,17.33,[6119],E100000129271,E100000001753
18570,100.0,[6119],E100000129377,E100000123874
18519,100.0,[6119],E100000128561,E100000128088
22323,,[11935],E100000121319,E100000001533
18523,5.0,[6119],E100000127163,E100000001753
18530,37.51,[6119],E100000127969,E100000128563
18510,100.0,[6119],E100000128956,E100000123261
18491,48.0,[6119],E100000128958,E100000129068
23556,33.27,"[101339, 101341, 101342]",E100001014222,E100000000034
13310,21.55,[6368],E100000000849,E100001010119
23880,100.0,[102689],E100001014709,E100000000827
23680,6.31,[101915],E100001014394,E100001014397
23191,100.0,"[98003, 108594]",E100001013353,E100000000015
23753,11.0,[102331],E100001014542,E100001000348
13343,100.0,[6379],E100000121326,E100001010133
13342,36.0,[6977],E100000120283,E100001010133
22575,6.58,[74827],E100000000774,E100001011569
741,97.17,"[3578, 5915, 102557]",E100000002899,E100000001870
13400,60.0,"[6355, 108647]",E100001010167,E100001010097
13392,100.0,[],E100001010158,E100000120156
13391,92.68,[107595],E100001010157,E100000121408
23341,8.0,[98779],E100001013674,E100001013678
22085,50.12,[11575],E100000004223,E100000000639
21980,100.0,"[11253, 116251]",E100001001078,E100001011030
23737,,[102266],E100001014519,E100001014520
13336,100.0,[6377],E100001010129,E100001010130
5920,5.36,[6141],E100000120744,E100001001096
22681,,"[75120, 11681]",E100001011680,E100000000555
23271,,"[98388, 98390]",E100001013506,E100000132001
23663,95.1,[101810],E100001014369,E100001014370
18575,50.0,[6119],E100000129841,E100000123454
22788,5.25,"[11882, 75533]",E100000002309,E100001010595
4782,54.18,[7889],E100000120059,E100000000657
23766,9.76,[102345],E100001014551,E100001014554
13416,100.0,[6410],E100001010182,E100001010181
13386,100.0,[6385],E100001010153,E100001010138
13394,100.0,[],E100001010161,E100000001940
13341,40.0,[6377],E100001010131,E100001010129
23639,50.0,"[101663, 101664, 101665]",E100001014324,E100000001321
23705,8.56,[102020],E100000001179,E100001010595
13328,48.6,[6375],E100000121504,E100000001753
14053,30.0,[6119],E100000128392,E100000128702
23594,25.58,[101558],E100001014283,E100001014284
13404,15.0,[6401],E100001010168,E100001010170
13367,100.0,[6385],E100001010140,E100001010138
13378,100.0,"[6388, 6386, 107530, 107517]",E100001010145,E100000003335
13385,100.0,[6385],E100001010151,E100001010138
20415,13.2,[6119],E100000129087,E100000130676
23595,10.15,[101558],E100001014283,E100001010429
22190,5.66,"[11704, 11705]",E100001010510,E100001011198
23496,100.0,[100815],E100001014102,E100000000746
13417,100.0,"[6411, 107450]",E100001010183,E100001010181
13381,15.0,[6390],E100001000516,E100001010147
13323,24.5,[],E100000120192,E100000123211
13382,10.95,[6390],E100001000516,E100001010148
22324,11.44,[11943],E100000002305,E100001010595
21689,6.39,[5489],E100000000185,E100001000475
13339,100.0,[6376],E100001010132,E100000000953
20414,6.92,[6119],E100000129087,E100000130675
23557,9.31,[101339],E100001014222,E100000000638
23844,100.0,[102582],E100001014653,E100001014294
23794,24.5,[102446],E100001014597,E100000001270
21547,29.54,"[7823, 7824]",E100000120561,E100001000397
23793,24.5,[102446],E100001014597,E100000000387
13357,100.0,"[6384, 6376]",E100001010137,E100000000953
23101,,[97546],E100001013154,E100001013155
13324,70.0,[],E100000121012,E100000000239
13340,60.0,[],E100001010131,E100000120213
13337,100.0,[6377],E100001010130,E100000000817
5919,5.56,[6141],E100000120744,E100001001095
13402,85.0,"[6355, 108647]",E100001010168,E100001010097
13325,55.0,[6324],E100000120575,E100000000170
23856,100.0,[102659],E100001014678,E100001014679
23619,100.0,"[101616, 101620]",E100001014303,E100001014304
23706,7.0,[102021],E100000001179,E100001000348
13399,100.0,"[6398, 107595]",E100001010162,E100001010018
23779,5.9,[102374],E100001014572,E100001014574
23808,100.0,[102461],E100001014609,E100001010474
13389,100.0,[6390],E100000120156,E100001010155
13393,100.0,[6397],E100001010160,E100000001940
13362,100.0,[6385],E100001010139,E100001010138
13320,25.0,[],E100000121340,E100000001753
13327,5.4,[],E100000120421,E100001010126
23724,100.0,[102213],E100001014501,E100001011247
13405,100.0,[6402],E100001010169,E100001010171
23752,10.57,[102330],E100001014542,E100001010595
23869,10.79,[102676],E100001014694,E100001010595
13359,5.0,[],E100000120249,E100001000833
13326,9.5,[],E100000120421,E100001010125
23889,70.0,[75865],E100001014721,E100000001213
23052,100.0,"[79491, 79492]",E100001000691,E100001012818
23831,100.0,"[102558, 102559]",E100001014638,E100000001245
5597,,[],E100000120300,E100000120936
13443,100.0,[],E100001010210,E100001010211
24019,100.0,"[105214, 105216]",E100001014947,E100001014511
13489,100.0,"[5827, 6453]",E100001000762,E100001010251
23780,5.88,[102375],E100001014572,E100001010596
13446,100.0,[6435],E100001010212,E100000001173
13494,49.5,[5939],E100001000545,E100001010253
21548,20.6,[7825],E100000120735,E100001010758
24093,11.68,[105667],E100000000645,E100001000178
23845,5.42,[102637],E100001014505,E100001000348
24070,,[105518],E100001015062,E100001015065
23809,25.0,[102462],E100001014610,E100001014611
23996,25.0,"[104859, 104862]",E100001014879,E100000000524
23858,100.0,[102661],E100001014680,E100000000685
13455,100.0,"[105827, 1797]",E100000001296,E100000001272
13490,50.0,"[5827, 108488]",E100001010251,E100000000015
23272,100.0,[98403],E100001013517,E100000132322
23795,10.55,[102447],E100000001193,E100001010595
24044,100.0,[105434],E100000150238,E100000001293
13464,100.0,[6119],E100000123747,E100000125899
13449,,[],E100001010216,E100000000382
23640,100.0,[101764],E100001014340,E100001014341
23707,6.6,[102022],E100000001179,E100001010596
13422,100.0,[6413],E100001010189,E100001010185
13441,100.0,[6433],E100000002897,E100000001135
21504,,[7756],E100000120826,E100000001648
21503,100.0,"[7758, 7756]",E100000120815,E100000001648
13430,100.0,"[6411, 107451, 107450]",E100001010198,E100001010181
21840,100.0,[10582],E100001010934,E100001000535
13445,100.0,[6435],E100001010211,E100001010212
22873,33.75,[6119],E100000129087,E100001000328
23053,51.7,[10574],E100001010927,E100000000104
23890,,[102702],E100001014723,E100000001213
23405,,[97733],E100001013797,E100001000537
23915,51.52,[104555],E100000000513,E100001000397
23767,8.87,[102345],E100001014551,E100001014555
13435,,"[6425, 6427]",E100001010202,E100001010201
22325,6.3,[11945],E100000002305,E100001011289
13442,100.0,[6434],E100001010209,E100001010210
23738,49.5,[102270],E100001014521,E100001014522
23955,100.0,"[104717, 104718]",E100001014824,E100001014825
13420,100.0,[6415],E100001010187,E100001010185
21031,30.0,[],E100000131769,E100000001753
23273,100.0,[98403],E100000132322,E100000131228
13431,100.0,"[6411, 107451, 107450]",E100001010199,E100001010181
13424,100.0,[6417],E100001010191,E100001010185
13423,100.0,[6412],E100001010190,E100001010185
21981,100.0,[11253],E100000000580,E100001011030
24026,100.0,[6116],E100001014984,E100000000457
23497,100.0,[100822],E100001014104,E100001014107
23937,60.0,[104623],E100001014800,E100001014801
24078,56.0,"[105588, 105589, 101647]",E100000000118,E100001014311
13421,100.0,[6414],E100001010188,E100001010185
23897,66.2,[104533],E100000000810,E100001000350
23946,100.0,[104675],E100001014810,E100000001640
23972,7.6,[104791],E100000001223,E100001014543
23754,12.16,[102332],E100001000361,E100001010595
22086,25.41,[11576],E100000002130,E100000002129
22576,50.1,[74829],E100001000424,E100001011570
23725,58.72,[102218],E100001014502,E100001000090
24054,65.0,[102647],E100001015053,E100000000112
23102,,[97546],E100001013154,E100001013156
13426,100.0,"[6411, 107450, 107451]",E100001010194,E100001010181
22191,51.0,"[11706, 11707]",E100001010555,E100001011199
21690,100.0,"[8074, 8075]",E100000120098,E100001000601
23963,26.89,[104740],E100001014834,E100000152695
24062,14.2,[105507],E100000001918,E100000000524
23988,,[104835],E100001014864,E100001014865
22789,6.81,"[11882, 75533]",E100000002309,E100001011843
23906,100.0,[104538],E100001014760,E100000153201
23192,51.0,"[98011, 98012, 98013]",E100001013354,E100000132368
24099,100.0,[105672],E100001015127,E100000000635
23596,8.74,[101558],E100001014283,E100001010428
23681,100.0,[101922],E100001014398,E100001014399
23927,51.0,[104577],E100001014786,E100000000030
23870,9.0,[102677],E100001014694,E100001010706
13434,,"[6424, 107389]",E100000001959,E100001010201
23342,100.0,[98782],E100001013679,E100001000300
23664,90.0,[101810],E100001014371,E100001014372
13451,100.0,[6438],E100001010219,E100000000650
13425,100.0,[6419],E100001010192,E100001010185
24011,25.0,[105138],E100001014932,E100001014933
24036,100.0,"[105337, 105338]",E100001015012,E100000002892
23979,100.0,[104808],E100001014852,E100001014853
22682,5.76,[75122],E100000000554,E100001011682
13450,100.0,[5714],E100001010217,E100000001533
22950,100.0,"[77444, 77445, 76640]",E100000132009,E100001012161
13556,96.91,[6119],E100000128113,E100000123261
18585,100.0,[6119],E100000129419,E100000129791
22683,5.78,[75122],E100000000554,E100001011683
13555,3.09,[6119],E100000128113,E100000001753
21549,17.25,[10717],E100001010758,E100001010759
18602,70.0,[6119],E100000129214,E100000129665
13554,60.0,[6119],E100000128205,E100000128204
13566,21.0,[6119],E100000128478,E100000128677
13574,100.0,[6119],E100000129851,E100000129639
13514,99.9,"[6476, 6477]",E100001010274,E100001010276
18579,39.62,[6119],E100000127985,E100000001753
22790,8.1,[75537],E100000002309,E100001011844
18603,30.0,[6119],E100000129214,E100000129683
18598,100.0,[6119],E100000129520,E100000123874
18587,100.0,[6119],E100000129229,E100000129643
13548,51.0,[6119],E100000127846,E100000123261
18597,100.0,[6119],E100000129294,E100000129848
13575,99.9,[6119],E100000129089,E100000129093
18582,50.0,[6119],E100000126928,E100000123261
18584,100.0,[6119],E100000129069,E100000129128
21841,9.6,[],E100001000535,E100000001753
13546,94.41,[6119],E100000127621,E100000123261
18596,100.0,[6119],E100000129244,E100000129848
13561,60.0,[6119],E100000127589,E100000126701
13540,71.72,[6119],E100000128893,E100000129006
13525,100.0,[108861],E100001010059,E100001010281
18580,99.99,[6119],E100000129574,E100000129843
13552,75.0,[6119],E100000130084,E100000130129
13550,100.0,[6119],E100000128720,E100000123261
13539,39.5,[6119],E100000128427,E100000128672
18590,49.0,[6119],E100000129392,E100000129845
13559,100.0,[6119],E100000128220,E100000123261
13558,40.0,[6119],E100000129590,E100000129640
18578,90.0,[6119],E100000128092,E100000128567
13538,19.25,[6119],E100000128427,E100000128673
18604,1.0,[6119],E100000127863,E100000001753
22326,14.1,[11944],E100000002305,E100001000348
18595,90.0,[6119],E100000129427,E100000129846
18600,68.25,[6119],E100000129823,E100001000465
18593,100.0,[6119],E100000129848,E100000129846
13568,30.0,[6119],E100000128478,E100000128676
13537,17.59,[6119],E100000128427,E100000128674
13536,4.08,[6119],E100000128427,E100000001753
13573,100.0,[6119],E100000128920,E100000129008
13518,99.99,[108861],E100001010281,E100001010282
13545,50.24,[6119],E100000127625,E100000123760
13523,100.0,[6479],E100001010057,E100001010281
13547,100.0,[6119],E100000128406,E100000123261
21982,20.0,"[11257, 11258, 11259]",E100000132522,E100001011031
13542,60.0,[6119],E100000129006,E100000129091
22087,23.94,[11576],E100000002130,E100001011114
13565,100.0,[6119],E100000130196,E100000130204
13502,100.0,[6463],E100001010260,E100001000743
18594,10.0,[6119],E100000129427,E100000129847
13516,99.98,"[6476, 6477]",E100001010277,E100001010270
13553,40.0,[6119],E100000128205,E100000123261
18588,100.0,[6119],E100000128569,E100000130325
18591,10.0,[6119],E100000128067,E100000125512
22577,39.7,[74829],E100001000424,E100001011572
13567,49.0,[6119],E100000128478,E100000128675
13569,100.0,[6119],E100000128677,E100000128675
13576,1.0,[6119],E100000127782,E100000001753
13543,40.0,[6119],E100000129006,E100000129092
13571,34.0,[6119],E100000128675,E100000128876
13557,100.0,[6119],E100000129311,E100000129639
18586,100.0,[6119],E100000129251,E100000129256
18592,90.0,[6119],E100000128067,E100000128569
13521,100.0,[108861],E100001010055,E100001010281
18589,51.0,[6119],E100000129392,E100000129844
13532,79.94,[6482],E100001010288,E100001010290
13577,99.0,[6119],E100000127782,E100000123261
13549,49.0,[6119],E100000127846,E100000128280
13560,100.0,[6119],E100000129082,E100000123243
13544,24.73,[6119],E100000127625,E100000123261
21691,47.0,"[8074, 8082]",E100000121171,E100001000601
18577,10.0,[6119],E100000128092,E100000128568
13551,25.0,[6119],E100000130084,E100000130130
13528,100.0,[109638],E100001000931,E100001010286
13504,17.27,"[6465, 6466]",E100001010262,E100001010263
22192,26.82,[11708],E100000002935,E100001011200
13541,28.28,[6119],E100000128893,E100000129007
13563,93.0,[6119],E100000001661,E100000130056
18599,4.76,[6119],E100000130022,E100000001753
18601,31.75,[6119],E100000129823,E100000130022
13572,100.0,[6119],E100000129184,E100000123261
13513,33.34,"[6476, 107590]",E100001010270,E100001010271
13564,7.0,[6119],E100000001661,E100000130057
13515,77.42,"[6477, 6476]",E100001010276,E100001010270
13675,4.9,[6119],E100000129515,E100000001753
13678,81.85,[6119],E100000128039,E100000123261
13664,7.0,[6119],E100000129122,E100000001753
13616,100.0,[6119],E100000127501,E100000127500
13643,10.0,[6119],E100000129228,E100000129647
13600,99.0,[6119],E100000129718,E100000129898
13618,100.0,[6119],E100000127884,E100000123261
13657,100.0,[6119],E100000128360,E100000123261
13611,100.0,[6119],E100000130089,E100000123261
13658,100.0,[6119],E100000128878,E100000123261
13635,50.0,[6119],E100000130131,E100000130164
13621,100.0,[6119],E100000128469,E100000123261
13633,100.0,[6119],E100000129645,E100000124421
13663,97.0,[6119],E100000129885,E100000123261
13642,89.0,[6119],E100000129228,E100000129646
13597,60.0,[6119],E100000128843,E100000128878
13587,99.0,[6119],E100000128359,E100000128679
21692,25.0,"[8081, 8082]",E100000121171,E100000001714
13646,99.89,[6119],E100000129194,E100000123261
13610,100.0,[6119],E100000129249,E100000129642
13595,99.0,[6119],E100000130053,E100000123261
13593,100.0,[6119],E100000128679,E100000123261
13650,25.0,[6119],E100000129591,E100000129648
13632,99.0,[6119],E100000129468,E100000129645
13592,100.0,[6119],E100000128072,E100000122571
13662,3.0,[6119],E100000129885,E100000001753
13630,100.0,[6119],E100000128651,E100000124339
13644,100.0,[6119],E100000129187,E100000129186
22684,5.97,[75122],E100000000554,E100001010256
13661,94.0,[6119],E100000128119,E100000128088
13615,98.41,[6119],E100000128282,E100000123261
13607,44.54,[6119],E100000129900,E100000001753
13609,5.1,[6119],E100000129900,E100000130058
13676,20.1,[6119],E100000129515,E100000123261
21842,100.0,[10582],E100001010935,E100001000535
13625,100.0,[6119],E100000128060,E100000126465
13640,49.0,[6119],E100000130076,E100000130132
13608,50.36,[6119],E100000129900,E100000123261
22791,18.0,[75539],E100001011845,E100001011846
13599,1.0,[6119],E100000129718,E100000001753
13598,40.0,[6119],E100000128843,E100000128879
13648,15.0,[6119],E100000129591,E100000129649
13629,100.0,[6119],E100000129192,E100000129194
13679,18.15,[6119],E100000128039,E100000128283
13631,1.0,[6119],E100000129468,E100000001753
13617,100.0,[6119],E100000130077,E100000123261
13584,100.0,[6119],E100000128678,E100000123261
13639,51.0,[6119],E100000130076,E100000130131
13626,100.0,[6119],E100000128477,E100000128478
13628,100.0,[6119],E100000129592,E100000129644
13601,100.0,[6119],E100000129701,E100000129639
13620,100.0,[6119],E100000129186,E100000129192
13665,93.0,[6119],E100000129122,E100000123261
21550,100.0,"[7826, 7827, 108813]",E100000121150,E100001010760
22088,6.4,[11576],E100000002130,E100001010887
13636,1.0,[6119],E100000129231,E100000001753
13589,97.93,[6119],E100000128290,E100000125333
13654,50.0,[6119],E100000128876,E100000130348
22327,100.0,"[33889, 33890]",E100000000829,E100000000827
13613,80.0,[6119],E100000127515,E100000128282
13645,0.11,[6119],E100000129194,E100000001753
13681,100.0,[6119],E100000127737,E100000123261
13612,20.0,[6119],E100000127515,E100000123261
13594,1.0,[6119],E100000130053,E100000001753
21983,20.0,"[11257, 11258, 11259]",E100000132522,E100001011032
13590,100.0,[6119],E100000130078,E100001000472
22193,19.5,[11708],E100000002935,E100001011201
22578,10.0,[74829],E100001000424,E100000120356
13583,100.0,[6119],E100000129649,E100000125513
13680,100.0,[6119],E100000129179,E100000129178
13588,2.07,[6119],E100000128290,E100000001753
13596,100.0,[6119],E100000128286,E100000123261
13653,51.0,[6119],E100000128877,E100000129009
13649,60.0,[6119],E100000129591,E100000129641
13637,99.0,[6119],E100000129231,E100000129646
13668,16.85,[6119],E100000125073,E100000128881
13660,6.0,[6119],E100000128119,E100000001753
13641,1.0,[6119],E100000129228,E100000001753
13585,100.0,[6119],E100000128520,E100000128678
13624,100.0,[6119],E100000129593,E100000129643
13659,100.0,[6119],E100000128881,E100000123261
13619,100.0,[6119],E100000128801,E100000123261
13667,15.33,[6119],E100000125073,E100000128882
13672,10.09,[6119],E100000125073,E100000128883
13669,8.26,[6119],E100000125073,E100000128885
13674,8.26,[6119],E100000125073,E100000128884
13670,7.67,[6119],E100000125073,E100000128886
13673,5.6,[6119],E100000125073,E100000128887
13666,1.41,[6119],E100000125073,E100000001753
13759,100.0,[6119],E100000126848,E100000127413
13742,43.78,[6119],E100000128889,E100000128892
13753,0.4,[6119],E100000126880,E100000001753
5131,94.4,"[7835, 115941]",E100000120646,E100000120024
13689,100.0,[6119],E100000129476,E100000129652
13782,25.0,[6119],E100000130165,E100000130180
22951,19.43,[77450],E100001012383,E100001012384
13745,19.69,[6119],E100000128681,E100000128890
13747,18.04,[6119],E100000128681,E100000128891
13746,9.62,[6119],E100000128681,E100000128892
13728,70.59,[6119],E100000128289,E100000124409
13733,28.52,[6119],E100000128891,E100000001753
13701,100.0,[6119],E100000126532,E100000127408
23103,50.0,[97547],E100001013159,E100001013160
22874,22.07,[6119],E100000129084,E100001000328
13780,50.0,[6119],E100000130165,E100000130179
13751,97.27,[6119],E100000128417,E100000128681
13741,17.19,[6119],E100000128889,E100000123261
13755,40.0,[6119],E100000126880,E100000127411
13698,42.75,[6119],E100000127408,E100000124038
13726,24.68,[6119],E100000128890,E100000123261
13696,100.0,[6119],E100000128284,E100000123261
13767,26.15,[6119],E100000129456,E100000001753
13727,50.5,[6119],E100000128890,E100000128892
13706,100.0,[6119],E100000129977,E100000125514
22328,87.0,[46315],E100000001175,E100001011290
13692,100.0,[6119],E100000127908,E100000123261
13694,94.0,[6119],E100000127678,E100000128284
13725,24.82,[6119],E100000128890,E100000001753
13750,2.73,[6119],E100000128417,E100000001753
13691,100.0,[6119],E100000130133,E100000130402
19490,57.02,[6119],E100000129084,E100000001753
13769,25.49,[6119],E100000129656,E100000001753
13736,100.0,[6119],E100000126102,E100000127410
13711,1.0,[6119],E100000129980,E100000001753
13707,100.0,[6119],E100000129978,E100000129977
13720,37.98,[6119],E100000124380,E100000123261
13690,100.0,[6119],E100000129652,E100000129902
21693,25.0,"[8081, 8082]",E100000121171,E100001010850
13712,99.0,[6119],E100000129980,E100000123261
13770,52.75,[6119],E100000129656,E100000123261
23054,,"[8090, 8091]",E100000120194,E100000000909
13709,51.0,[6119],E100000129253,E100000129653
13717,6.0,[6119],E100000126158,E100000001753
13710,49.0,[6119],E100000129253,E100000129654
13775,100.0,[6119],E100000129115,E100000129137
13781,20.0,[6119],E100000130165,E100000130181
13731,80.96,[6119],E100000128892,E100000129012
13789,100.0,[6119],E100000128684,E100000130330
13723,100.0,[6119],E100000127661,E100000123261
13785,91.69,[6119],E100000127416,E100000128290
13784,8.31,[6119],E100000127416,E100000001753
13771,21.76,[6119],E100000129656,E100000129904
22685,12.05,[75122],E100000000554,E100000000547
13783,5.0,[6119],E100000130165,E100000130182
13685,100.0,[6119],E100000129886,E100000123261
13695,100.0,[6119],E100000128062,E100000123261
13779,100.0,[6119],E100000129911,E100000130060
13687,96.67,[6119],E100000129902,E100000130059
13708,100.0,[6119],E100000128146,E100000123261
13702,100.0,[6119],E100000129327,E100000123261
13766,100.0,[6119],E100000129616,E100000129655
13752,100.0,[6119],E100000127025,E100000123261
13763,66.44,[6119],E100000127414,E100000128287
13762,17.88,[6119],E100000127414,E100000128288
13761,13.01,[6119],E100000127414,E100000128289
22089,5.54,[11576],E100000002130,E100001011115
13740,39.03,[6119],E100000128889,E100000001753
13758,9.98,[6119],E100000128680,E100000128894
13719,62.02,[6119],E100000124380,E100000001753
22460,7.4,[74259],E100001001396,E100001011447
13729,29.41,[6119],E100000128289,E100000128680
13748,29.95,[6119],E100000128681,E100000128888
13688,100.0,[6119],E100000130059,E100000130133
13756,22.0,[6119],E100000126880,E100000127412
22792,12.8,[75539],E100001011845,E100001000348
13693,6.0,[6119],E100000127678,E100000123261
13768,73.85,[6119],E100000129456,E100000129656
21984,20.0,"[11257, 11258, 11259]",E100000132522,E100001011033
13773,80.0,[6119],E100000130199,E100000130205
21843,100.0,[10582],E100001010936,E100001000535
13705,100.0,[6119],E100000128515,E100000123261
13721,18.57,[6119],E100000124379,E100000001753
13718,94.0,[6119],E100000126158,E100000123261
13749,22.71,[6119],E100000128681,E100000128889
13714,99.0,[6119],E100000128294,E100000123261
13776,100.0,[6119],E100000130035,E100000129172
13713,1.0,[6119],E100000128294,E100000001753
22194,100.0,[11713],E100000003336,E100001000408
22579,100.0,[74831],E100001001279,E100001011573
13732,100.0,[6119],E100000129012,E100000123261
13686,3.33,[6119],E100000129902,E100000001753
23193,49.0,"[98011, 98012, 98013, 108350]",E100001013354,E100001000400
13735,55.12,[6119],E100000128891,E100000128892
13700,31.39,[6119],E100000127408,E100000128285
13896,100.0,[6119],E100000129183,E100000129182
23621,,"[101625, 101626, 101627]",E100001014305,E100001014306
23498,100.0,[100822],E100001014107,E100001014108
23194,100.0,"[98017, 98019]",E100001013355,E100000131704
13814,100.0,[6119],E100000130091,E100001000475
13860,30.0,[6119],E100000129486,E100000129661
13890,70.0,[6119],E100000128773,E100000123564
13867,100.0,[6119],E100000128988,E100000129018
13871,100.0,[6119],E100000128235,E100000128292
21985,20.0,"[11257, 11258, 11259]",E100000132522,E100001011034
13822,99.55,[6119],E100000129948,E100000129050
13792,100.0,[6119],E100000127417,E100000124412
13869,6.25,[6119],E100000128321,E100000128682
13795,0.4,[6119],E100000129658,E100000001753
13859,9.11,[6119],E100000129486,E100000001753
13796,99.6,[6119],E100000129658,E100000123261
13802,15.0,[6119],E100000129975,E100000130062
13862,41.0,[6119],E100000129486,E100000129660
13815,100.0,[6119],E100000128728,E100000000163
13893,41.6,[6119],E100000129182,E100000001753
13864,8.39,[6119],E100000129486,E100000129662
13858,100.0,[6119],E100000129365,E100000129659
13863,6.5,[6119],E100000129486,E100000129663
13841,100.0,[6119],E100000129908,E100000123230
13800,99.9,[6119],E100000129169,E100000129171
13799,0.1,[6119],E100000129169,E100000001753
13828,5.0,[6119],E100000129877,E100000124293
7775,5.0,[6119],E100000003258,E100000123495
13872,100.0,[6119],E100000128170,E100000124428
23406,27.14,"[99043, 99045]",E100001013801,E100000002303
22952,5.94,[77450],E100001012383,E100001012386
13888,100.0,[6119],E100000130179,E100000130192
23275,,[98407],E100001013521,E100000132242
13833,40.0,[6119],E100000128897,E100000129013
22580,100.0,[74831],E100001011573,E100001011574
22090,,[11584],E100000003405,E100000003464
23104,50.0,[97547],E100001013159,E100001013161
23572,100.0,"[101475, 101476, 101477]",E100001014253,E100001000318
19492,7.02,[6119],E100000129084,E100000125220
13840,100.0,[6119],E100000129907,E100000123230
13803,15.0,[6119],E100000129975,E100000130063
23665,9.78,[101810],E100001014371,E100001014370
13801,70.0,[6119],E100000129975,E100000130061
13798,99.9,[6119],E100000129034,E100000129094
13825,97.0,[6119],E100000128121,E100000128291
13853,100.0,[6119],E100000129992,E100000000247
13898,55.0,[6119],E100000128514,E100000128684
13894,44.73,[6119],E100000129182,E100000123261
19491,5.19,[6119],E100000129084,E100000129136
21694,100.0,[5799],E100001010850,E100000001017
13831,99.27,[6119],E100000130192,E100000124420
13824,3.0,[6119],E100000128121,E100000001753
13889,100.0,[6119],E100000129274,E100000129654
13808,100.0,[6119],E100000127555,E100000125333
23343,100.0,"[97557, 98784, 108790]",E100001013680,E100000131400
13797,0.1,[6119],E100000129034,E100000001753
13876,50.75,[6119],E100000129884,E100000124961
13850,100.0,[6119],E100000129906,E100000123230
22793,11.0,[75539],E100001011845,E100001011197
22329,50.0,[46316],E100000000835,E100000001718
13873,100.0,[6119],E100000128610,E100000124790
13827,5.0,[6119],E100000129877,E100000124449
13835,15.85,[6119],E100000128897,E100000129014
13834,7.96,[6119],E100000128897,E100000129015
13836,7.2,[6119],E100000128897,E100000129016
13837,5.34,[6119],E100000128897,E100000129017
21844,100.0,[10582],E100001010937,E100001000535
13821,0.45,[6119],E100000129948,E100000001753
22461,100.0,[74260],E100001000712,E100000151577
22195,99.15,[1499],E100001010471,E100000001450
13868,93.75,[6119],E100000128321,E100000123329
21551,100.0,"[7833, 7834]",E100001010761,E100000131524
13805,99.0,[6119],E100000128349,E100000123261
13879,100.0,[6119],E100000130075,E100000130396
13855,100.0,[6119],E100000128804,E100000128895
17727,40.42,[6119],E100000129060,E100000001753
13832,23.64,[6119],E100000128897,E100000001753
13823,100.0,[6119],E100000129913,E100000130064
13895,13.68,[6119],E100000129182,E100000129184
23597,,"[6699, 107581]",E100000130858,E100001010315
13870,100.0,[6119],E100000128292,E100000128683
13804,1.0,[6119],E100000128349,E100000001753
13829,100.0,[6119],E100000129905,E100000125333
13897,100.0,[6119],E100000128793,E100000123261
13866,100.0,[6119],E100000130043,E100000124903
13826,90.0,[6119],E100000129877,E100000129905
23641,8.8,[101765],E100001014342,E100001000348
13793,100.0,[6119],E100000129384,E100000129657
13812,99.27,[6119],E100000127586,E100000125139
13856,100.0,[6119],E100000130103,E100001000473
13875,100.0,[6119],E100000128352,E100000128276
13892,100.0,[6119],E100000129809,E100000129913
13887,100.0,[6119],E100000129117,E100000129143
13874,100.0,[6119],E100000130186,E100000130184
23559,9.57,[101339],E100001014222,E100000000505
13950,100.0,[6119],E100000129535,E100000129666
13974,49.0,[6119],E100000128087,E100000128299
13931,10.0,[6119],E100000127022,E100000127424
13933,10.0,[6119],E100000127022,E100000127425
13952,51.0,[6119],E100000129842,E100000129917
13918,35.23,[6119],E100000127326,E100000127420
13964,12.93,[6119],E100000128688,E100000130331
13963,11.93,[6119],E100000128688,E100000001753
22581,100.0,[74831],E100001011574,E100000001209
13907,100.0,[6119],E100000129459,E100000129665
13957,100.0,[6119],E100000130056,E100000130134
21986,20.0,"[11257, 11258, 11259]",E100000132522,E100001011035
13990,80.0,[6119],E100000128809,E100000128901
13911,20.0,[6119],E100000127418,E100000127662
13908,10.0,[6119],E100000127418,E100000128294
13967,7.44,[6119],E100000128688,E100000123834
13968,5.77,[6119],E100000128688,E100000128900
13904,70.0,[6119],E100000127885,E100000128293
13959,100.0,[6119],E100000129318,E100000129668
13977,60.0,[6119],E100000126714,E100000122095
13960,80.0,[6119],E100000127951,E100000128297
13920,100.0,[6119],E100000127420,E100000000172
13935,15.0,[6119],E100000128686,E100000128570
13934,10.0,[6119],E100000128686,E100000123261
13995,100.0,[6119],E100000129566,E100000129670
13915,53.93,[6119],E100000126631,E100000127419
13917,88.0,[6119],E100000126230,E100000127421
21553,36.0,[7840],E100000000417,E100001010762
13938,100.0,[6119],E100000127739,E100000128295
21695,51.0,[8083],E100000121240,E100001000601
22196,100.0,[11716],E100001010504,E100001010532
13986,73.56,[6119],E100000129919,E100000129920
13942,100.0,[6119],E100000127538,E100000128296
13999,70.0,[6119],E100000129218,E100000124137
13909,20.0,[6119],E100000127418,E100000127650
22091,45.0,"[11585, 11586]",E100001010441,E100000004351
13949,31.21,[6119],E100000129666,E100000129914
14000,30.0,[6119],E100000129218,E100000129673
14001,100.0,[6119],E100000128299,E100000123261
13958,100.0,[6119],E100000129299,E100000129318
13992,100.0,[6119],E100000129881,E100000129921
13985,16.7,[6119],E100000129919,E100000129114
22330,50.0,[46316],E100000000835,E100001001152
13936,51.0,[6119],E100000128686,E100000127739
13900,40.0,[6119],E100000128835,E100000128897
13922,89.35,[6119],E100000126427,E100000127423
14002,100.0,[6119],E100000127608,E100000128301
13955,49.0,[6119],E100000129407,E100000121867
13906,49.0,[6119],E100000126142,E100000126000
13929,40.0,[6119],E100000127022,E100000123299
13925,65.0,[6119],E100000127552,E100001000399
13919,64.77,[6119],E100000127326,E100000127422
13983,84.42,[6119],E100000129932,E100000129919
13937,24.0,[6119],E100000128686,E100000126915
13947,19.07,[6119],E100000129666,E100000129915
13948,6.04,[6119],E100000129666,E100000129916
13973,100.0,[6119],E100000128308,E100000128691
13912,100.0,[6119],E100000126482,E100000127418
13996,100.0,[6119],E100000129567,E100000129566
13993,100.0,[6119],E100000129670,E100000129922
13984,9.74,[6119],E100000129919,E100000001753
13975,51.0,[6119],E100000128087,E100000128298
21845,100.0,[10582],E100001010938,E100001000535
13954,51.0,[6119],E100000129407,E100000129667
13989,100.0,[6119],E100000130092,E100000130135
13932,30.0,[6119],E100000127022,E100000124763
13981,100.0,[6119],E100000130368,E100000129357
13914,40.54,[6119],E100000126631,E100000127420
13946,24.05,[6119],E100000129666,E100000001753
13979,20.0,[6119],E100000129357,E100000129669
13945,100.0,[6119],E100000126875,E100001000399
13966,26.53,[6119],E100000128688,E100000128689
13901,25.0,[6119],E100000128835,E100000128899
13994,100.0,[6119],E100000129302,E100000129670
22462,100.0,[8457],E100001010495,E100000001240
13903,30.0,[6119],E100000127885,E100000123261
13927,100.0,[6119],E100000126272,E100000123297
13951,30.0,[6119],E100000129842,E100000123261
13910,50.0,[6119],E100000127418,E100000126750
13928,100.0,[6119],E100000128296,E100001000399
13921,10.65,[6119],E100000126427,E100000127420
13965,35.4,[6119],E100000128688,E100000127454
22794,6.3,[75539],E100001011845,E100001011847
13980,80.0,[6119],E100000129357,E100000121867
13953,19.0,[6119],E100000129842,E100000129918
13926,35.0,[6119],E100000127552,E100000127553
13982,100.0,[6119],E100000129527,E100000121867
22686,14.0,"[75128, 75129]",E100000002727,E100001011687
13899,45.0,[6119],E100000128514,E100000124069
13978,100.0,[6119],E100000127427,E100000128300
13976,40.0,[6119],E100000126714,E100000127427
14003,100.0,[6119],E100000128325,E100000123261
13924,100.0,[6119],E100000130173,E100000130183
14004,15.0,[6119],E100000129041,E100000001753
13997,90.0,[6119],E100000129609,E100000129671
21552,19.0,[7840],E100000000417,E100000004097
13991,20.0,[6119],E100000128809,E100000128902
14045,35.0,[6119],E100000127087,E100000123699
14103,2.89,[6119],E100000126885,E100000001753
14028,100.0,[6119],E100000128156,E100000128302
22687,100.0,[75142],E100001011689,E100001011690
14078,89.28,[6119],E100000127001,E100000123261
14036,100.0,[6119],E100000129632,E100001000149
22953,38.43,"[77453, 77454]",E100001012383,E100001012387
14095,100.0,[6119],E100000126326,E100000127441
14091,1.66,[6119],E100000127162,E100000001753
14079,100.0,[6119],E100000128663,E100000123261
14026,100.0,[6119],E100000127698,E100000125388
14110,100.0,[6119],E100000128206,E100000128307
23344,61.24,[98786],E100001013681,E100000121097
14069,17.94,[6119],E100000127639,E100000128305
14105,91.08,[6119],E100000126885,E100000127439
14017,38.2,[6119],E100000130177,E100000130184
14076,32.83,[6119],E100000127247,E100000123261
14022,100.0,[6119],E100000128701,E100000128700
23105,100.0,"[97557, 108794]",E100001013164,E100000131400
14046,4.58,[6119],E100000129836,E100000001753
14081,45.0,[6119],E100000126806,E100000127435
14035,59.36,[6119],E100000128873,E100000130332
14080,55.0,[6119],E100000126806,E100000122095
21554,18.0,[7840],E100000000417,E100000004095
21696,49.0,[8083],E100000121240,E100001010851
14018,12.19,[6119],E100000130177,E100000130186
14047,85.84,[6119],E100000129836,E100000129879
14092,32.78,[6119],E100000127162,E100000127439
14093,65.56,[6119],E100000127162,E100000126323
14021,100.0,[6119],E100000130194,E100000130184
14041,2.16,[6119],E100000126229,E100000001753
22092,45.0,"[11585, 11586]",E100001010441,E100000003123
14065,37.5,[6119],E100000127640,E100000127345
23276,,[98407],E100000132242,E100001013522
14089,92.8,[6119],E100000127100,E100000127437
14071,100.0,[6119],E100000129818,E100000123261
14039,8.46,[6119],E100000127430,E100000001753
10335,14.34,[6119],E100000001542,E100000001753
22197,69.71,[11719],E100001010549,E100001011202
14033,15.15,[6119],E100000128873,E100000001753
19493,8.7,[6119],E100000129084,E100000129135
14037,51.0,[6119],E100000127428,E100000123261
14031,100.0,[6119],E100000127477,E100000123261
14032,70.0,[6119],E100000129477,E100000000241
23499,50.0,[100827],E100001014109,E100001014110
14029,100.0,[6119],E100000129331,E100000129674
14067,64.37,[6119],E100000127639,E100000128304
14042,51.0,[6119],E100000126229,E100000127428
14101,30.0,[6119],E100000126802,E100000127444
14040,91.54,[6119],E100000127430,E100000123261
14073,12.0,[6119],E100000129521,E100000129678
14107,70.0,[6119],E100000126900,E100000127443
14048,9.58,[6119],E100000129836,E100000129395
14034,25.49,[6119],E100000128873,E100000123261
14109,51.0,[6119],E100000126983,E100000127444
8087,10.0,[6119],E100000000161,E100000125537
14062,100.0,[6119],E100000129598,E100000129676
14044,65.0,[6119],E100000127087,E100000127430
22582,31.0,"[74833, 74834, 74835]",E100000001883,E100001011575
14066,62.5,[6119],E100000127640,E100000128303
14090,100.0,[6119],E100000126431,E100000127438
14064,99.0,[6119],E100000129305,E100000123261
22463,43.6,[74261],E100000001762,E100001011448
14072,40.0,[6119],E100000129521,E100000123261
14050,90.0,[6119],E100000128703,E100000128392
23560,6.79,[101339],E100001014222,E100000001213
14074,48.0,[6119],E100000129521,E100000129677
14068,17.69,[6119],E100000127639,E100000128306
14027,100.0,[6119],E100000128302,E100000123318
14019,15.0,[6119],E100000130177,E100000130185
14070,100.0,[6119],E100000129519,E100000129666
23195,99.99,[98022],E100001013358,E100001013359
21987,100.0,[5578],E100001010905,E100000001096
14006,80.0,[6119],E100000129041,E100000129095
23622,,"[101625, 101626, 101627]",E100001014305,E100001014307
14112,30.0,[6119],E100000129612,E100000129680
14102,70.0,[6119],E100000126802,E100000127443
14106,30.0,[6119],E100000126900,E100000127444
14043,46.84,[6119],E100000126229,E100000127429
14061,100.0,[6119],E100000129437,E100000129675
14104,6.02,[6119],E100000126885,E100000123261
22795,98.23,[11698],E100000003732,E100001000270
14108,49.0,[6119],E100000126983,E100000123261
14082,100.0,[6119],E100000126232,E100000126424
14038,49.0,[6119],E100000127428,E100000127429
14049,10.0,[6119],E100000128703,E100000128702
14085,66.0,[6119],E100000126335,E100001000398
23573,100.0,[101315],E100001014254,E100000001096
14088,7.2,[6119],E100000127100,E100000123261
22331,100.0,[46317],E100001001444,E100000001140
10337,5.95,[6119],E100000001542,E100000125499
21846,100.0,[10582],E100001010939,E100001000535
14097,100.0,[6119],E100000126438,E100000122257
23407,43.72,[99044],E100001013801,E100000001291
23666,95.1,[101810],E100001014372,E100001014370
14075,100.0,[6119],E100000129678,E100000123261
14147,100.0,[6119],E100000126775,E100000127450
22332,80.0,"[46318, 46319]",E100000120991,E100000120926
14151,25.0,[6119],E100000127450,E100000128309
14138,28.38,[6119],E100000126976,E100000127449
14179,51.0,[6119],E100000129185,E100000125016
23055,93.69,"[80121, 80122, 80123]",E100001012891,E100001012892
14173,100.0,[6119],E100000130065,E100000000307
14201,20.85,[6119],E100000128018,E100000123261
21697,100.0,[8083],E100001010851,E100000002130
14126,23.0,[6119],E100000128929,E100000129021
14128,17.5,[6119],E100000128929,E100000129022
14130,7.5,[6119],E100000128929,E100000129023
14125,2.5,[6119],E100000128929,E100000001753
14195,100.0,[6119],E100000129195,E100000129683
14194,88.89,[6119],E100000128940,E100000129024
14113,70.0,[6119],E100000129612,E100000129679
14214,9.8,[6119],E100000127031,E100000127454
14181,100.0,[6119],E100000128621,E100000123261
14142,100.0,[6119],E100000126603,E100000126115
14218,100.0,[6119],E100000129490,E100000123261
21847,100.0,[10582],E100001010940,E100001000535
14188,100.0,[6119],E100000129600,E100000129676
14185,8.51,[6119],E100000124472,E100000125021
14149,25.0,[6119],E100000127450,E100000128310
14152,16.0,[6119],E100000127450,E100000128311
14148,1.0,[6119],E100000127450,E100000001753
22093,10.0,"[11585, 11586]",E100001010441,E100000000358
14139,42.08,[6119],E100000126976,E100000127448
14187,100.0,[6119],E100000129611,E100000129682
14171,30.0,[6119],E100000128313,E100000123336
14172,70.0,[6119],E100000128313,E100000000307
14135,51.0,[6119],E100000127448,E100000123261
14202,28.48,[6119],E100000128018,E100000128314
22796,100.0,"[75579, 75580]",E100001011307,E100001011857
14208,100.0,[6119],E100000127695,E100000127218
14186,10.51,[6119],E100000124472,E100000125023
14131,6.25,[6119],E100000126347,E100000127447
14192,100.0,[6119],E100000128693,E100000128903
14205,33.25,[6119],E100000128758,E100000001753
14129,24.5,[6119],E100000128929,E100000129020
23345,6.76,[98786],E100001013681,E100001013682
14212,100.0,[6119],E100000127357,E100000123966
14119,75.0,[6119],E100000127692,E100000123261
23408,26.57,[99046],E100001013801,E100000004244
14206,10.5,[6119],E100000128758,E100000123261
14219,100.0,[6119],E100000129507,E100000123261
14166,28.52,[6119],E100000129173,E100000000307
14123,100.0,[6119],E100000127651,E100000123261
14118,99.99,[6119],E100000129769,E100000129923
14164,12.86,[6119],E100000129173,E100000001753
14167,5.28,[6119],E100000129173,E100000129185
14165,53.34,[6119],E100000129173,E100000125647
14180,49.0,[6119],E100000129185,E100000124474
14211,100.0,[6119],E100000129293,E100001000064
14116,100.0,[6119],E100000130095,E100000128896
22688,99.0,[75143],E100001011691,E100000120511
14137,29.54,[6119],E100000126976,E100000123261
14150,25.0,[6119],E100000127450,E100001000471
14163,100.0,[6119],E100000129019,E100000125648
14215,100.0,[6119],E100000127217,E100000123118
14115,100.0,[6119],E100000129630,E100000124807
22875,100.0,[76097],E100001012032,E100001012033
14146,100.0,[6119],E100000126929,E100000127450
14122,100.0,[6119],E100000129504,E100000123261
14177,99.9,[6119],E100000129144,E100000000307
14132,93.75,[6119],E100000126347,E100000127446
14168,100.0,[6119],E100000128309,E100000123261
22464,25.0,[74261],E100000001762,E100001011449
21988,50.0,[5578],E100000132754,E100000001096
14210,96.25,[6119],E100000127696,E100000123261
14140,5.0,[6119],E100000128310,E100000128705
14121,100.0,[6119],E100000129543,E100000129681
14175,100.0,[6119],E100000129988,E100000130065
23196,51.0,[98024],E100001013361,E100001000746
14127,25.0,[6119],E100000128929,E100000129019
14120,25.0,[6119],E100000127692,E100000126204
14117,100.0,[6119],E100000130119,E100000130136
14209,3.75,[6119],E100000127696,E100000001753
14216,55.0,[6119],E100000126479,E100000123351
14184,7.2,[6119],E100000124472,E100000125648
14141,95.0,[6119],E100000128310,E100000128704
23277,100.0,"[98408, 98409]",E100001013524,E100001000258
14197,90.0,[6119],E100000129315,E100000129684
14114,100.0,[6119],E100000127449,E100000128308
14144,100.0,[6119],E100000128938,E100000123261
14174,100.0,[6119],E100000127292,E100000127453
14213,90.2,[6119],E100000127031,E100000123373
14198,11.32,[6119],E100000128314,E100000001753
14145,100.0,[6119],E100000126145,E100000127450
21555,15.0,[7840],E100000000417,E100001010763
14193,11.11,[6119],E100000128940,E100000123261
22583,33.0,"[74834, 74838]",E100000001883,E100001011576
22198,7.58,[11719],E100001010549,E100001011203
14291,100.0,[6119],E100000129248,E100000129705
21698,50.0,[],E100000120116,E100000002130
14264,30.0,[6119],E100000129627,E100000129699
14298,51.0,[6119],E100000129564,E100000129706
14324,50.0,[6119],E100000126548,E100000123697
21989,94.0,"[11263, 11264]",E100000132596,E100001011036
21463,100.0,[7723],E100000120650,E100001000408
14322,15.0,[6119],E100000126607,E100000127466
14223,49.0,[6119],E100000126683,E100000126404
14265,51.0,[6119],E100000129618,E100000129692
14274,51.0,[6119],E100000126630,E100000124669
14276,100.0,[6119],E100000128197,E100000123366
14326,25.0,[6119],E100000127497,E100000130263
14294,3.33,[6119],E100000129930,E100000001753
14289,100.0,[6119],E100000126139,E100000123261
23056,100.0,[80171],E100001012897,E100001012898
14242,100.0,[6119],E100000127848,E100000123261
14325,100.0,[6119],E100000127512,E100000123261
14235,100.0,[6119],E100000129925,E100000001484
14288,100.0,[6119],E100000127394,E100000127461
14269,6.59,[6119],E100000127646,E100000001753
14280,35.0,[6119],E100000129259,E100000129703
14295,96.67,[6119],E100000129930,E100000130066
14233,100.0,[6119],E100000129778,E100000129924
14285,15.26,[6119],E100000128153,E100000123427
14283,7.81,[6119],E100000128153,E100000123329
14282,4.24,[6119],E100000128153,E100000001753
14253,30.0,[6119],E100000129442,E100000129691
14286,45.83,[6119],E100000128153,E100000123583
14232,100.0,[6119],E100000127584,E100000123261
14266,5.0,[6119],E100000129583,E100000129700
14251,21.58,[6119],E100000128824,E100000128905
14248,4.0,[6119],E100000128824,E100000001753
14313,56.0,[6119],E100000126445,E100000122322
14224,51.0,[6119],E100000128200,E100000122322
14247,100.0,[6119],E100000129385,E100000123874
14321,85.0,[6119],E100000126607,E100000123261
14287,100.0,[6119],E100000128164,E100000123261
22876,100.0,[76098],E100001012034,E100000001324
14239,100.0,[6119],E100000129363,E100000129687
14257,40.0,[6119],E100000129273,E100000129693
22333,100.0,[46320],E100000000099,E100001011291
14273,10.0,[6119],E100000127053,E100000127459
14323,50.0,[6119],E100000126548,E100000123629
14299,49.0,[6119],E100000129564,E100000129707
14314,44.0,[6119],E100000126445,E100000127463
14227,62.39,[6119],E100000126298,E100000123261
14244,55.73,[6119],E100000128304,E100000123261
14256,60.0,[6119],E100000129273,E100000129692
14293,100.0,[6119],E100000130066,E100000123261
22094,100.0,[11589],E100001010474,E100001011117
14308,100.0,[6119],E100000128992,E100000125338
14290,100.0,[6119],E100000127070,E100000127462
14281,40.0,[6119],E100000129259,E100000129702
14311,100.0,[6119],E100000127839,E100000123368
14312,100.0,[6119],E100000128184,E100000122204
14320,29.9,[6119],E100000127117,E100000127465
14271,100.0,[6119],E100000127730,E100000123366
14220,100.0,[6119],E100000126385,E100000127455
14316,100.0,[6119],E100000126505,E100000123261
22797,100.0,[75580],E100001011857,E100001011858
14226,7.61,[6119],E100000126298,E100000001753
14249,51.0,[6119],E100000128824,E100000128904
22689,100.0,[75145],E100001011692,E100001000208
14310,85.8,[6119],E100000129317,E100000123261
14270,93.41,[6119],E100000127646,E100000123261
14254,35.0,[6119],E100000128671,E100000128706
14297,100.0,[6119],E100000126506,E100000123261
22584,31.2,"[74834, 74839]",E100000001883,E100001011577
14245,61.49,[6119],E100000128306,E100000001753
14284,26.87,[6119],E100000128153,E100000123940
14234,100.0,[6119],E100000129924,E100000129846
14292,100.0,[6119],E100000128396,E100000128708
21556,6.0,[7840],E100000000417,E100000001877
23106,100.0,"[97561, 97562]",E100001013165,E100000131400
14301,100.0,[6119],E100000130114,E100000123261
14236,100.0,[6119],E100000129254,E100000129686
14318,48.79,[6119],E100000126540,E100000123261
14267,100.0,[6119],E100000128706,E100000128906
14228,30.0,[6119],E100000126298,E100000127456
14277,100.0,[6119],E100000127952,E100000123261
14272,90.0,[6119],E100000127053,E100000122733
14296,100.0,[6119],E100000129340,E100000129638
22465,8.33,[74261],E100000001762,E100001011450
21557,6.0,[7840],E100000000417,E100001010764
14231,100.0,[6119],E100000127006,E100000127458
14278,100.0,[6119],E100000129496,E100000123261
14307,100.0,[6119],E100000129926,E100000123261
14241,100.0,[6119],E100000129367,E100000129689
14262,10.0,[6119],E100000129539,E100000129698
22955,100.0,[77462],E100001012390,E100000000953
14263,70.0,[6119],E100000129627,E100000129692
14221,100.0,[6119],E100000128627,E100000123261
14246,38.51,[6119],E100000128306,E100000123261
14222,51.0,[6119],E100000126683,E100000123362
14250,23.42,[6119],E100000128824,E100000000189
14255,15.0,[6119],E100000128671,E100000128707
23107,100.0,"[97588, 97589, 97590]",E100001013174,E100001001269
23057,100.0,[80171],E100001012898,E100000000692
21558,100.0,"[7841, 7842]",E100000001893,E100001010765
14340,100.0,[6119],E100000126500,E100000127467
14407,2.31,[6119],E100000127055,E100000001753
23574,52.98,[101478],E100000000509,E100001000397
14398,46.0,[6119],E100000127525,E100000128321
14336,100.0,[6119],E100000127262,E100000127467
23197,49.0,[98024],E100001013361,E100001013362
14412,30.0,[6119],E100000127004,E100000127485
14427,51.0,[6119],E100000127288,E100000127489
14408,97.69,[6119],E100000127055,E100000123261
14385,41.0,[6119],E100000127318,E100000124923
14339,47.0,[6119],E100000127178,E100000127469
14382,25.0,[6119],E100000126883,E100000127477
14409,100.0,[6119],E100000128335,E100000123261
14387,39.0,[6119],E100000127318,E100000127478
14334,78.52,[6119],E100000126118,E100000127467
14359,100.0,[6119],E100000128731,E100000123261
23642,100.0,"[101767, 101768, 101769]",E100001014343,E100000002574
14413,70.0,[6119],E100000127004,E100000000181
22798,,[74366],E100001011469,E100001011859
14377,28.0,[6119],E100000127290,E100000127474
14406,99.0,[6119],E100000128977,E100000123261
14386,20.0,[6119],E100000127318,E100000127479
23561,5.73,[101339],E100001014222,E100001014223
14362,100.0,[6119],E100000126366,E100000127471
14388,30.0,[6119],E100000126376,E100000127481
14433,18.0,[6119],E100000127489,E100000128326
14374,100.0,[6119],E100000128439,E100000123261
22095,50.0,[11591],E100000003571,E100000000610
14338,20.0,[6119],E100000127178,E100000127470
23278,,"[98418, 98420]",E100001013527,E100001013528
14361,99.47,[6119],E100000126632,E100000123261
14331,100.0,[6119],E100000128315,E100000128709
14384,40.0,[6119],E100000126883,E100000124253
14428,49.0,[6119],E100000127288,E100000127490
22466,8.33,[74261],E100000001762,E100001011451
14356,99.64,[6119],E100000127454,E100000128318
14375,100.0,[6119],E100000129790,E100000123261
21699,,[11464],E100000121155,E100000002130
14343,100.0,[6119],E100000127339,E100000127467
14337,33.0,[6119],E100000127178,E100000127467
14404,100.0,[6119],E100000127596,E100000123261
22956,5.89,[77465],E100001012391,E100001012392
23409,,"[99045, 99044]",E100001013801,E100000003766
14366,100.0,[6119],E100000127311,E100000124168
14370,100.0,[6119],E100000128631,E100000123261
14333,0.18,[6119],E100000126118,E100000001753
14367,100.0,[6119],E100000128629,E100000123261
21990,6.0,"[11263, 11264]",E100000132596,E100001011037
22585,65.0,[74845],E100000120990,E100001011088
14411,30.0,[6119],E100000127160,E100000127484
14360,0.53,[6119],E100000126632,E100000001753
22199,100.0,[6206],E100001011204,E100001000408
14426,100.0,[6119],E100000128324,E100000128712
14372,100.0,[6119],E100000128208,E100000123261
14369,90.0,[6119],E100000127229,E100000122235
14329,10.0,[6119],E100000128727,E100000001530
22334,100.0,[46321],E100000120021,E100001011292
23346,100.0,[98787],E100001013683,E100000132142
14335,21.3,[6119],E100000126118,E100000127468
14417,100.0,[6119],E100000126344,E100000123345
14389,51.0,[6119],E100000126376,E100000127480
4933,61.0,[],E100000120081,E100000120080
14341,100.0,[6119],E100000126937,E100000127467
14355,0.36,[6119],E100000127454,E100000001753
14402,100.0,[6119],E100000126235,E100000122150
22690,100.0,[75146],E100001011693,E100001011694
14418,51.0,[6119],E100000126107,E100000123375
22877,,"[76099, 76100]",E100001012035,E100001012036
14383,35.0,[6119],E100000126883,E100000123445
14429,20.0,[6119],E100000127489,E100000123261
14328,100.0,[6119],E100000128320,E100000123261
14358,70.0,[6119],E100000128494,E100000128710
14416,30.0,[6119],E100000126288,E100000127487
14400,50.0,[6119],E100000127469,E100000128323
14373,100.0,[6119],E100000128168,E100000123261
14431,26.0,[6119],E100000127489,E100000128324
14376,62.0,[6119],E100000127290,E100000127473
14424,42.85,[6119],E100000126297,E100000123261
23623,,"[101625, 101626, 101627]",E100001014305,E100001014308
14357,30.0,[6119],E100000128494,E100000128711
14390,19.0,[6119],E100000126376,E100001000030
14425,57.15,[6119],E100000126297,E100000126736
14410,70.0,[6119],E100000127160,E100000127483
14371,100.0,[6119],E100000128319,E100000123261
14350,100.0,[6119],E100000126409,E100000123373
23500,50.0,[100827],E100001014109,E100001014111
21849,7.07,"[10590, 10591]",E100000121159,E100000132380
14419,49.0,[6119],E100000126107,E100000127488
14330,90.0,[6119],E100000128727,E100000125526
14414,100.0,[6119],E100000128334,E100000123261
14397,42.0,[6119],E100000127525,E100000123261
21991,100.0,[11271],E100000132969,E100001011038
14473,49.0,[6119],E100000126677,E100000127495
14463,91.8,[6119],E100000127440,E100000123261
22957,8.52,[77465],E100001012391,E100001012393
14519,82.0,[6119],E100000126903,E100000123261
14453,100.0,[6119],E100000126917,E100000123261
14488,4.62,[6119],E100000127456,E100000001753
21850,23.4,[10590],E100000121159,E100000001753
14513,95.46,[6119],E100000127333,E100000127502
14459,14.47,[6119],E100000126896,E100000123381
14458,2.54,[6119],E100000126896,E100000001753
14501,40.0,[6119],E100000126103,E100000123403
14474,15.0,[6119],E100000126784,E100000127473
14435,74.71,[6119],E100000127491,E100000123261
14494,2.2,[6119],E100000127499,E100000001753
14457,93.33,[6119],E100000128199,E100000123261
14477,100.0,[6119],E100000126762,E100000123401
14518,18.0,[6119],E100000126903,E100000001753
14525,100.0,[6119],E100000128339,E100000123261
23575,100.0,[101486],E100001014258,E100001000209
14524,75.0,[6119],E100000127441,E100000128338
22467,8.33,[74261],E100000001762,E100001011452
14498,30.87,[6119],E100000126760,E100000123375
14493,100.0,[6119],E100000127437,E100000123261
14497,13.23,[6119],E100000126760,E100000123261
14539,100.0,[6119],E100000126291,E100000127506
14499,51.0,[6119],E100000126760,E100000127499
14517,25.05,[6119],E100000127400,E100000127503
14452,100.0,[6119],E100000127510,E100000123261
14508,6.08,[6119],E100000126584,E100000127501
14528,100.0,[6119],E100000129883,E100000129928
22335,100.0,"[46325, 108928]",E100000002011,E100001011294
14460,59.38,[6119],E100000126896,E100000123366
21559,100.0,"[7843, 7844, 7845]",E100000120697,E100000001893
14449,37.2,[6119],E100000127535,E100000128329
14434,4.87,[6119],E100000127491,E100000001753
23562,5.14,[101344],E100000000395,E100001000348
14537,83.0,[6119],E100000128632,E100000123261
14495,97.8,[6119],E100000127499,E100000123261
14448,43.15,[6119],E100000127535,E100000123261
14523,25.0,[6119],E100000127441,E100000128339
14533,49.01,[6119],E100000127536,E100000127537
14496,4.9,[6119],E100000126760,E100000001753
22693,100.0,"[6101, 75148]",E100001011694,E100000000946
14490,100.0,[6119],E100000129451,E100000129709
14471,99.0,[6119],E100000128712,E100000123261
14540,100.0,[6119],E100000127018,E100000123375
14439,47.23,[6119],E100000126684,E100000123261
14470,1.0,[6119],E100000128712,E100000001753
14534,55.0,[6119],E100000127373,E100000127505
14455,100.0,[6119],E100000128343,E100000128713
14440,52.77,[6119],E100000126684,E100000127491
22200,8.4,[11722],E100001010455,E100000001487
14515,40.45,[6119],E100000127524,E100000130264
14484,99.8,[6119],E100000129727,E100000129927
14491,100.0,[6119],E100000127527,E100000123261
5408,,[],E100000121042,E100000126280
14531,7.0,[6119],E100000127536,E100000001753
23058,100.0,"[80548, 80549]",E100001012966,E100001012967
14456,6.67,[6119],E100000128199,E100000001753
14489,95.38,[6119],E100000127456,E100000123261
14472,51.0,[6119],E100000126677,E100000123401
14483,0.2,[6119],E100000129727,E100000001753
23198,99.88,[98030],E100001013363,E100001013364
14468,100.0,[6119],E100000129446,E100000129708
14510,49.0,[6119],E100000126584,E100000124133
14476,15.0,[6119],E100000126784,E100000127048
14442,85.54,[6119],E100000127067,E100000127491
14485,50.0,[6119],E100000128192,E100000128333
14527,100.0,[6119],E100000128201,E100000123261
22878,65.0,"[76102, 76104]",E100001012037,E100001012038
14522,100.0,[6119],E100000126220,E100000127438
14516,74.95,[6119],E100000127400,E100000124264
14512,4.54,[6119],E100000127333,E100000001753
14536,100.0,[6119],E100000127363,E100000127458
14461,23.61,[6119],E100000126896,E100000127493
14526,100.0,[6119],E100000128336,E100000123261
14502,100.0,[6119],E100000126706,E100000122286
14509,44.92,[6119],E100000126584,E100000127500
22096,50.0,[11591],E100000003571,E100001011118
14451,100.0,[6119],E100000128333,E100000123261
14436,6.58,[6119],E100000127491,E100000128328
14514,59.55,[6119],E100000127524,E100000123261
21700,75.0,[8074],E100000121245,E100001010852
23347,100.0,[98791],E100001013684,E100001013685
14454,100.0,[6119],E100000128637,E100000123261
14464,8.2,[6119],E100000127440,E100000128331
14535,20.0,[6119],E100000127373,E100000127062
22799,100.0,[75582],E100000120868,E100001000516
14538,100.0,[6119],E100000126985,E100000127506
14529,100.0,[6119],E100000127504,E100000123261
14486,50.0,[6119],E100000128192,E100000128332
14532,44.0,[6119],E100000127536,E100000128340
22586,87.37,[74846],E100000121006,E100001011580
14462,100.0,[6119],E100000127334,E100000127494
21560,100.0,[7846],E100000120349,E100001000513
14582,60.0,[6119],E100000127167,E100000126851
14546,55.5,[6119],E100000127361,E100000127507
22958,6.92,[77465],E100001012391,E100001012394
14562,60.0,[6119],E100000129787,E100000129929
6930,7.29,[6119],E100000124471,E100000124472
23280,44.07,[98451],E100001013537,E100001013538
14543,37.15,[6119],E100000127568,E100000124698
14592,67.0,[6119],E100000127404,E100000123409
14569,51.0,[6119],E100000126510,E100000123345
14604,50.0,[6119],E100000127308,E100000127522
22201,8.0,[11722],E100001010455,E100001011205
14591,31.7,[6119],E100000127404,E100000123261
14573,100.0,[6119],E100000128307,E100000123261
14579,100.0,[6119],E100000126695,E100000123261
22468,6.4,[74261],E100000001762,E100001011453
21851,,[],E100001010942,E100000131637
14603,50.0,[6119],E100000127308,E100000127521
14590,1.3,[6119],E100000127404,E100000001753
22587,47.35,[74847],E100001011057,E100001011581
14558,61.17,[6119],E100000128729,E100000130309
14645,75.0,[6119],E100000126439,E100000124133
14557,33.07,[6119],E100000128729,E100000001753
14580,100.0,[6119],E100000127439,E100000123261
14571,100.0,[6119],E100000126561,E100000123401
14559,5.76,[6119],E100000128729,E100000130333
14647,100.0,[6119],E100000127134,E100000125029
14642,5.8,[6119],E100000127301,E100000001753
14639,51.0,[6119],E100000127142,E100000127536
14626,77.0,[6119],E100000126952,E100000126404
14561,15.0,[6119],E100000129787,E100000129931
14551,60.0,[6119],E100000126556,E100000123401
14565,100.0,[6119],E100000128337,E100000123261
14625,23.0,[6119],E100000126952,E100000123261
23708,100.0,"[102023, 102024]",E100001014435,E100000001179
14586,15.03,[6119],E100000126341,E100000127514
14587,6.78,[6119],E100000126341,E100000127515
14542,62.85,[6119],E100000127568,E100000128341
14600,22.5,[6119],E100000126349,E100000127522
14601,5.0,[6119],E100000126349,E100000127523
14583,100.0,[6119],E100000130208,E100000130408
14563,4.23,[6119],E100000127207,E100000001753
14578,100.0,[6119],E100000126295,E100000123419
14552,39.83,[6119],E100000126556,E100000127481
14588,74.42,[6119],E100000126341,E100000127513
21701,50.0,"[8074, 8085]",E100001010852,E100000000811
14545,40.6,[6119],E100000127361,E100000127508
14596,31.03,[6119],E100000127015,E100000127473
14644,100.0,[6119],E100000127490,E100000128344
14613,100.0,[6119],E100000127468,E100000123261
23643,100.0,"[101770, 101771]",E100001014344,E100000002016
14585,3.78,[6119],E100000126341,E100000001753
14606,16.0,[6119],E100000126322,E100000127524
14594,70.0,[6119],E100000127170,E100000127516
23624,100.0,[101315],E100001014310,E100000001096
14638,69.9,[6119],E100000126558,E100000127535
14544,3.9,[6119],E100000127361,E100000001753
14614,100.0,[6119],E100000126899,E100000122286
14577,100.0,[6119],E100000127516,E100000123261
21992,50.0,[11275],E100000132608,E100001011039
14608,100.0,[6119],E100000126641,E100000123261
14595,30.0,[6119],E100000127170,E100000127517
23199,100.0,"[98033, 98034]",E100001013365,E100000132163
14556,100.0,[6119],E100000127498,E100000123261
14599,22.5,[6119],E100000126349,E100000127521
14541,100.0,[6119],E100000127321,E100000127438
23563,60.0,[101348],E100001014225,E100001014226
14643,94.2,[6119],E100000127301,E100000126632
14570,49.0,[6119],E100000126510,E100000127510
23526,,[],E100000121042,E100000128998
14572,100.0,[6119],E100000127028,E100000123261
14609,48.0,[6119],E100000127156,E100000123261
23348,100.0,[98791],E100001013685,E100001013686
14607,12.0,[6119],E100000126322,E100000001529
14640,49.0,[6119],E100000127142,E100000127537
14549,100.0,[6119],E100000127481,E100000128342
14547,100.0,[6119],E100000128342,E100000123261
3309,25.02,[5098],E100000001667,E100000000217
14554,60.0,[6119],E100000127443,E100000128343
14612,100.0,[6119],E100000126313,E100000123401
14574,100.0,[6119],E100000127511,E100000123261
14646,25.0,[6119],E100000126439,E100000127539
22097,50.0,[11593],E100001010503,E100001011119
14564,95.77,[6119],E100000127207,E100000123261
14560,25.0,[6119],E100000129787,E100000129930
14593,100.0,[6119],E100000127049,E100000123401
14627,100.0,[6119],E100000127294,E100000123261
23109,33.0,"[97594, 97595]",E100001013179,E100000003294
14602,50.0,[6119],E100000126349,E100000127520
14598,17.97,[6119],E100000127015,E100000127519
23410,100.0,[99050],E100001013803,E100001000543
14610,52.0,[6119],E100000127156,E100000127525
23059,51.3,"[80555, 80556]",E100001012970,E100001010414
23501,100.0,[100827],E100001014110,E100000000513
6927,5.07,[6119],E100000124471,E100000125022
14584,100.0,[6119],E100000128565,E100000123261
14597,51.0,[6119],E100000127015,E100000127518
14751,23.53,[6119],E100000128530,E100000001753
14744,100.0,[6119],E100000130000,E100000123261
14674,100.0,[6119],E100000128976,E100000129025
14734,42.09,[6119],E100000129660,E100000129932
14729,70.0,[6119],E100000127753,E100000123261
14661,100.0,[6119],E100000126353,E100000123261
14713,60.0,[6119],E100000127897,E100000127784
14649,5.03,[6119],E100000126813,E100000001753
14703,13.5,[6119],E100000128300,E100000001753
14733,100.0,[6119],E100000128862,E100000123261
22469,100.0,[74262],E100001011449,E100001011454
14742,56.97,[6119],E100000128341,E100000001753
14719,86.33,[6119],E100000129027,E100000129097
14663,85.0,[6119],E100000127541,E100000123261
22098,99.99,"[11594, 11595]",E100000001949,E100001010136
22959,6.64,[77465],E100001012391,E100001012395
23110,67.0,"[97594, 97595]",E100001013179,E100000003765
14728,100.0,[6119],E100000129864,E100000123261
14725,75.0,[6119],E100000129237,E100000129711
14691,95.0,[6119],E100000127786,E100000123261
14673,100.0,[6119],E100000129542,E100000129710
14709,51.59,[6119],E100000129238,E100000123424
14683,1.0,[6119],E100000128722,E100000001753
14745,15.0,[6119],E100000128528,E100000128722
14754,97.76,[6119],E100000128278,E100000123261
14732,100.0,[6119],E100000127706,E100000123261
14743,43.03,[6119],E100000128341,E100000123261
14723,97.14,[6119],E100000128724,E100000123261
14672,100.0,[6119],E100000129326,E100000123931
14739,99.0,[6119],E100000129680,E100000123261
14667,1.0,[6119],E100000128507,E100000001753
14699,99.0,[6119],E100000130113,E100000123261
22694,30.9,[5791],E100001011696,E100001000723
14721,40.0,[6119],E100000129139,E100000129140
14651,19.05,[6119],E100000126813,E100000127541
14706,0.33,[6119],E100000129869,E100000001753
23564,20.0,[101348],E100001014225,E100001014227
14693,17.13,[6119],E100000129935,E100000001753
14712,40.0,[6119],E100000127897,E100000127783
14678,100.0,[6119],E100000126820,E100000123261
14682,100.0,[6119],E100000127578,E100000123261
14746,15.0,[6119],E100000128528,E100000128723
14650,75.92,[6119],E100000126813,E100000127540
14735,28.84,[6119],E100000129660,E100000129934
14666,100.0,[6119],E100000130176,E100000130404
14736,29.07,[6119],E100000129660,E100000129933
14731,100.0,[6119],E100000129052,E100000123261
14722,2.86,[6119],E100000128724,E100000001753
14676,49.0,[6119],E100000126293,E100000127542
14700,100.0,[6119],E100000130142,E100000130165
23200,100.0,"[98092, 98093]",E100001013373,E100001010368
14730,30.0,[6119],E100000127753,E100000128346
14648,100.0,[6119],E100001000149,E100001000064
14753,2.24,[6119],E100000128278,E100000001753
14716,100.0,[6119],E100000130097,E100000123261
14727,99.0,[6119],E100000129026,E100000123261
22800,32.84,"[75583, 75584, 75585]",E100001001020,E100001011023
5579,,[],E100000121241,E100000000811
14695,5.28,[6119],E100000129935,E100001000436
14662,15.0,[6119],E100000127541,E100000001753
22338,100.0,[46373],E100000000678,E100000120850
14711,24.21,[6119],E100000129238,E100000129711
14740,3.13,[6119],E100000130110,E100000001753
14681,100.0,[6119],E100000129097,E100000123261
14724,25.0,[6119],E100000129237,E100000129712
14677,100.0,[6119],E100000126606,E100000123261
14720,60.0,[6119],E100000129139,E100000123261
14685,100.0,[6119],E100000130190,E100000130193
14665,100.0,[6119],E100000129217,E100000129681
21852,90.0,[10601],E100000120390,E100001000534
14702,25.0,[6119],E100000128479,E100000128720
14726,1.0,[6119],E100000129026,E100000001753
14653,50.89,[6119],E100000127540,E100000130265
14689,100.0,[6119],E100000130181,E100000130195
5795,5.4,[6068],E100000001926,E100001000520
14690,5.0,[6119],E100000127786,E100000001753
14741,96.88,[6119],E100000130110,E100000123261
14694,77.59,[6119],E100000129935,E100000000158
22588,28.75,[74847],E100001011057,E100001011582
14714,100.0,[6119],E100000128885,E100000123261
14697,100.0,[6119],E100000130052,E100000123261
14704,86.5,[6119],E100000128300,E100000123261
14749,52.0,[6119],E100000128528,E100000128721
14705,100.0,[6119],E100000129731,E100000123261
14707,100.0,[6119],E100000128435,E100000123261
14684,99.0,[6119],E100000128722,E100000123261
14688,100.0,[6119],E100000130185,E100000130194
14679,100.0,[6119],E100000128332,E100000123261
21561,100.0,"[7850, 7851, 7852]",E100000120568,E100000001533
21702,100.0,[8074],E100000121450,E100001000601
22337,13.19,[46373],E100000002910,E100001011295
14668,99.0,[6119],E100000128507,E100000128718
14715,100.0,[6119],E100000128351,E100000123261
14701,75.0,[6119],E100000128479,E100000123261
22202,7.35,[11722],E100001010455,E100001011206
23060,,[80566],E100001012972,E100001012973
14698,1.0,[6119],E100000130113,E100000001753
14796,98.0,[6119],E100000128096,E100000128351
23282,100.0,[98465],E100001013546,E100001013547
14823,1.0,[6119],E100000129642,E100000001753
14832,50.85,[6119],E100000126575,E100000127543
14765,11.91,[6119],E100000129679,E100000001753
14782,100.0,[6119],E100000129240,E100000129713
14821,100.0,[6119],E100000128066,E100000123261
14859,100.0,[6119],E100000126528,E100000122607
21853,10.0,[10601],E100000120390,E100000001753
14828,33.5,[6119],E100000129277,E100000129715
22801,100.0,[75588],E100001011862,E100001011863
14813,86.14,[6119],E100000127569,E100000128276
14795,2.0,[6119],E100000128096,E100000001753
14819,18.64,[6119],E100000129108,E100000123261
14858,100.0,[6119],E100000130167,E100000125343
23201,100.0,[98094],E100001013374,E100001010368
14792,100.0,[6119],E100000129989,E100000123261
14818,74.38,[6119],E100000129108,E100000001753
14764,100.0,[6119],E100000129711,E100000125410
14824,99.0,[6119],E100000129642,E100000129937
14838,100.0,[6119],E100000128669,E100000124791
14845,26.1,[6119],E100000128329,E100000130309
14846,13.59,[6119],E100000128329,E100000128729
14842,0.73,[6119],E100000128329,E100000001753
14836,100.0,[6119],E100000130195,E100000130208
14834,100.0,[6119],E100000126218,E100000123309
14860,2.0,[6119],E100000127861,E100000001753
14799,1.0,[6119],E100000128338,E100000001753
14762,38.17,[6119],E100000128950,E100000129027
14849,10.0,[6119],E100000127743,E100000125528
14779,45.0,[6119],E100000129022,E100000129020
14810,90.33,[6119],E100000129719,E100000129936
14767,7.23,[6119],E100000129679,E100000123940
14772,100.0,[6119],E100000128069,E100000123261
14830,100.0,[6119],E100000127356,E100000123261
14820,6.99,[6119],E100000129108,E100000129150
14833,100.0,[6119],E100000126586,E100000123309
14769,70.0,[6119],E100000129679,E100000129711
14768,5.43,[6119],E100000129679,E100000129935
14766,5.42,[6119],E100000129679,E100000124187
14780,100.0,[6119],E100000128150,E100000128350
14861,98.0,[6119],E100000127861,E100000122377
14809,9.67,[6119],E100000129719,E100000129720
23061,100.0,"[80585, 80586]",E100001012976,E100001012977
14857,100.0,[6119],E100000127593,E100000128354
14783,100.0,[6119],E100000130138,E100000130166
22695,9.07,[5791],E100001011696,E100001000724
22203,82.29,[11723],E100001010478,E100001011207
14776,15.0,[6119],E100000130129,E100000001753
14856,49.0,[6119],E100000127727,E100000128353
14827,1.5,[6119],E100000129277,E100000001753
14781,100.0,[6119],E100000129310,E100000123261
22589,12.46,[74847],E100001011057,E100001011583
14757,100.0,[6119],E100000128907,E100000123261
14778,55.0,[6119],E100000129022,E100000123261
22960,5.01,[77465],E100001012391,E100001012397
14825,100.0,[6119],E100000129894,E100000129938
21562,100.0,[7853],E100001010768,E100000131768
14794,93.88,[6119],E100000129991,E100000123261
14793,6.12,[6119],E100000129991,E100000001753
21993,,[11297],E100000132518,E100000132515
22339,100.0,[46374],E100001011295,E100000131639
14777,85.0,[6119],E100000130129,E100000123261
14773,100.0,[6119],E100000128685,E100000123261
23111,87.5,[7039],E100001013197,E100000132183
14826,100.0,[6119],E100000129278,E100001000064
14763,61.83,[6119],E100000128950,E100000129026
14811,100.0,[6119],E100000129239,E100000129714
14785,60.0,[6119],E100000130112,E100000130138
14840,99.0,[6119],E100000129070,E100000129099
14760,100.0,[6119],E100000128058,E100000128348
14854,100.0,[6119],E100000130085,E100000130139
14774,6.67,[6119],E100000130130,E100000123261
14812,13.86,[6119],E100000127569,E100000128352
14784,40.0,[6119],E100000130112,E100000130110
14788,24.0,[6119],E100000128529,E100000128723
14844,31.54,[6119],E100000128329,E100000128727
14822,100.0,[6119],E100000130213,E100000123261
21703,52.19,"[8074, 8086]",E100000120214,E100000000811
14847,100.0,[6119],E100000127775,E100000123261
14843,28.04,[6119],E100000128329,E100000128728
22099,66.7,"[11596, 11598]",E100000000709,E100001011120
14786,100.0,[6119],E100000128075,E100000123261
14775,93.33,[6119],E100000130130,E100000130129
14841,100.0,[6119],E100000128500,E100001000472
14800,99.0,[6119],E100000128338,E100000128726
22879,80.0,[11595],E100001010136,E100001000084
14839,1.0,[6119],E100000129070,E100000001753
14855,51.0,[6119],E100000127727,E100000125265
14758,100.0,[6119],E100000129138,E100000123261
14837,100.0,[6119],E100000128098,E100000123261
14848,90.0,[6119],E100000127743,E100000001663
14761,100.0,[6119],E100000130118,E100000130137
14771,85.0,[6119],E100000127464,E100000128349
14787,24.0,[6119],E100000128529,E100000128722
14876,100.0,[6119],E100000128935,E100000123273
14901,25.0,[6119],E100000129174,E100000124790
14947,63.25,[6119],E100000129962,E100000123261
22204,12.45,[11723],E100001010478,E100001011208
14899,12.0,[6119],E100000129174,E100000129186
14900,6.0,[6119],E100000129174,E100000129187
14902,6.0,[6119],E100000129174,E100000129188
14898,2.0,[6119],E100000129174,E100000001753
22590,11.43,[74847],E100001011057,E100001011584
14893,88.88,[6119],E100000129484,E100000129719
14939,13.87,[6119],E100000128948,E100000129036
14940,13.86,[6119],E100000128948,E100000129037
14936,7.74,[6119],E100000128948,E100000001753
14884,100.0,[6119],E100000128283,E100000123261
23062,100.0,[80596],E100001012982,E100000131604
14935,100.0,[6119],E100000129943,E100000130070
14944,12.16,[6119],E100000129963,E100000001753
14889,51.0,[6119],E100000129286,E100000129717
14887,15.0,[6119],E100000129286,E100000129718
14908,24.0,[6119],E100000129942,E100000128909
14867,40.0,[6119],E100000129370,E100000129716
14952,100.0,[6119],E100000127545,E100000123261
14895,100.0,[6119],E100000129383,E100000129721
22802,17.0,[75594],E100001011864,E100001011865
23502,100.0,"[100828, 100829]",E100001014112,E100001010088
14930,100.0,[6119],E100000127720,E100000130266
14863,100.0,[6119],E100000126398,E100000124504
14943,72.66,[6119],E100000129961,E100000123261
14882,15.39,[6119],E100000129764,E100000001753
14865,100.0,[6119],E100000127044,E100000127476
14925,83.17,[6119],E100000128536,E100000128730
14931,51.0,[6119],E100000129844,E100000130370
14885,100.0,[6119],E100000130175,E100000123261
14955,49.0,[6119],E100000126497,E100000123261
14891,100.0,[6119],E100000129866,E100000129940
14942,27.34,[6119],E100000129961,E100000001753
14909,5.0,[6119],E100000129942,E100000130069
14905,1.0,[6119],E100000129942,E100000001753
14966,100.0,[6119],E100000126423,E100000123490
14968,100.0,[6119],E100000129663,E100000123261
14967,100.0,[6119],E100000129141,E100000123261
14888,34.0,[6119],E100000129286,E100000129639
14951,70.0,[6119],E100000129514,E100000129724
14897,100.0,[6119],E100000129222,E100001000064
14924,16.67,[6119],E100000128536,E100000128731
14907,55.0,[6119],E100000129942,E100000130067
14934,100.0,[6119],E100000129830,E100000129943
14914,100.0,[6119],E100000129941,E100000130349
14915,100.0,[6119],E100000129247,E100000129722
14862,100.0,[6119],E100000129306,E100000123456
14959,24.77,[6119],E100000130024,E100000130071
23283,100.0,[98311],E100001013548,E100001013549
14892,100.0,[6119],E100000130168,E100000130188
14956,51.0,[6119],E100000126497,E100000127545
14961,99.67,[6119],E100000129488,E100000129725
14894,11.12,[6119],E100000129484,E100000129720
14903,49.0,[6119],E100000129174,E100000125135
14954,98.8,[6119],E100000127275,E100000127545
14937,46.06,[6119],E100000128948,E100000129034
14926,100.0,[6119],E100000130069,E100000130349
14870,31.48,[6119],E100000128855,E100000123646
14881,20.0,[6119],E100000126206,E100000123596
23112,12.5,[7039],E100001013197,E100000131983
14950,30.0,[6119],E100000129514,E100000123261
14946,36.75,[6119],E100000129962,E100000001753
14890,100.0,[6119],E100000129822,E100000129760
14866,60.0,[6119],E100000129370,E100000123463
14868,0.6,[6119],E100000128855,E100000001753
23411,100.0,"[99571, 99572]",E100001013807,E100001013808
21563,,[7856],E100001010769,E100000000870
14928,100.0,[6119],E100000129441,E100001000064
14869,67.92,[6119],E100000128855,E100000128908
14883,84.61,[6119],E100000129764,E100000123261
15113,1.02,[6119],E100000126573,E100000001753
14933,100.0,[6119],E100000130070,E100000130397
14938,18.48,[6119],E100000128948,E100000129035
22696,8.41,[5791],E100001011696,E100001000725
14965,99.0,[6119],E100000129494,E100000123261
23202,100.0,[98095],E100001013375,E100001010368
14948,100.0,[6119],E100000129196,E100000129681
14929,20.04,[6119],E100000126480,E100000001753
14932,49.0,[6119],E100000129844,E100000128067
22340,100.0,"[46377, 46378]",E100000001019,E100001010964
23350,100.0,"[98800, 98801]",E100001013691,E100000131400
21994,,[11300],E100000132918,E100001011044
21704,53.56,[8088],E100000001941,E100001010853
14896,100.0,[6119],E100000126908,E100000127544
14910,100.0,[6119],E100000130068,E100000130349
14879,100.0,[6119],E100000127761,E100000123261
14919,100.0,[6119],E100000130067,E100000130349
14960,0.33,[6119],E100000129488,E100000001753
14964,1.0,[6119],E100000129494,E100000001753
22961,5.91,[77465],E100001012391,E100001012398
14958,37.06,[6119],E100000130024,E100000123261
14945,87.84,[6119],E100000129963,E100000123261
5581,,[],E100000121241,E100000121467
14957,38.17,[6119],E100000130024,E100000001753
15056,100.0,[6119],E100000129320,E100000124191
23284,100.0,[98311],E100001013549,E100001013550
14972,100.0,[6119],E100000128735,E100000125663
22341,100.0,"[46390, 46391]",E100001011296,E100000001331
15029,100.0,[6119],E100000127731,E100000130268
15065,100.0,[6119],E100000126840,E100000123261
15049,100.0,[6119],E100000129337,E100000129729
15027,67.0,[6119],E100000128004,E100000128359
15009,100.0,[6119],E100000130072,E100000130398
14991,100.0,[6119],E100000130140,E100000123261
14990,100.0,[6119],E100000128171,E100000128355
15037,100.0,[6119],E100000128736,E100000130334
15039,70.0,[6119],E100000126894,E100000127552
15047,100.0,[6119],E100000129938,E100000129923
15066,30.0,[6119],E100000129313,E100000123261
21995,,[11323],E100000132525,E100001011045
15053,100.0,[6119],E100000129689,E100000129938
14976,100.0,[6119],E100000129825,E100000129824
14979,17.43,[6119],E100000128732,E100000128911
14971,100.0,[6119],E100000129753,E100000123261
15067,70.0,[6119],E100000129313,E100000129731
15010,0.22,[6119],E100000128070,E100000001753
15072,84.17,[6119],E100000126150,E100000123205
15001,60.0,[6119],E100000126339,E100000124253
14982,100.0,[6119],E100000129735,E100000123261
15008,60.0,[6119],E100000129739,E100000129740
15007,40.0,[6119],E100000129739,E100000129944
14996,28.0,[6119],E100000127136,E100000000181
15074,60.0,[6119],E100000126923,E100000126785
15048,100.0,[6119],E100000129874,E100000129938
14993,46.29,[6119],E100000130094,E100000130140
15070,51.0,[6119],E100000126172,E100000123190
15006,100.0,[6119],E100000127726,E100000128356
15061,96.47,[6119],E100000126949,E100000123261
15055,100.0,[6119],E100000129493,E100000124191
15063,20.0,[6119],E100000126511,E100000126403
15003,20.0,[6119],E100000126132,E100000126936
14975,100.0,[6119],E100000129824,E100000128735
21705,9.75,[8088],E100000001941,E100001010854
15030,100.0,[6119],E100000127733,E100000128361
21564,100.0,"[7857, 7858]",E100001010770,E100000130895
15025,100.0,[6119],E100000126253,E100000123261
15051,10.0,[6119],E100000129360,E100000123261
15050,100.0,[6119],E100000129891,E100000129938
23113,100.0,"[97652, 97655]",E100001013198,E100001000569
15054,100.0,[6119],E100000129336,E100000129638
15064,80.0,[6119],E100000126511,E100000123206
15028,33.0,[6119],E100000128004,E100000128360
15002,100.0,[6119],E100000127914,E100000130267
21855,19.23,[10622],E100000121206,E100001010945
15012,100.0,[6119],E100000128832,E100000128071
15024,100.0,[6119],E100000126217,E100000127551
15040,20.0,[6119],E100000126894,E100000127553
15046,100.0,[6119],E100000128363,E100000128506
14973,49.0,[6119],E100000126433,E100000126233
15026,100.0,[6119],E100000127322,E100000123261
15014,100.0,[6119],E100000127079,E100000127550
14992,53.71,[6119],E100000130094,E100000001753
15021,51.0,[6119],E100000127550,E100000128358
14998,100.0,[6119],E100000126219,E100000123261
22205,5.24,[11723],E100001010478,E100001011209
15073,40.0,[6119],E100000126923,E100000127556
15013,100.0,[6119],E100000129944,E100000130072
14974,51.0,[6119],E100000126433,E100000127546
14999,100.0,[6119],E100000126622,E100000127547
15068,100.0,[6119],E100000127556,E100000123261
15045,92.71,[6119],E100000127957,E100000128363
15017,87.0,[6119],E100000129450,E100000129727
22591,99.9,[74853],E100000121513,E100001011585
15000,40.0,[6119],E100000126339,E100000127548
22962,5.06,[77465],E100001012391,E100001012399
15062,100.0,[6119],E100000126403,E100000123261
15011,99.78,[6119],E100000128070,E100000128357
15005,100.0,[6119],E100000128943,E100000130350
14981,100.0,[6119],E100000129495,E100000129726
14995,100.0,[6119],E100000129362,E100000123261
15022,48.78,[6119],E100000127112,E100000001753
14980,100.0,[6119],E100000126168,E100000126354
15023,51.22,[6119],E100000127112,E100000123261
22803,51.0,[75595],E100001011864,E100001011866
15035,88.71,[6119],E100000128250,E100000128362
22697,14.07,[5791],E100001011696,E100001000727
14978,82.57,[6119],E100000128732,E100000125663
14977,100.0,[6119],E100000128719,E100000123261
22101,40.0,[11599],E100000004169,E100001011121
15033,90.0,[6119],E100000128362,E100000125533
15019,100.0,[6119],E100000127313,E100000124252
14997,72.0,[6119],E100000127136,E100000127480
23063,100.0,[80622],E100001012987,E100001012989
15020,100.0,[6119],E100000129728,E100000123261
15038,100.0,[6119],E100000129540,E100000129725
15052,90.0,[6119],E100000129360,E100000129730
23351,100.0,"[98803, 98804]",E100001013693,E100001012977
15042,100.0,[6119],E100000128364,E100000123261
15071,15.83,[6119],E100000126150,E100000123261
15060,3.53,[6119],E100000126949,E100000001753
15154,1.0,[6119],E100000126670,E100000001753
22804,7.0,[75595],E100001011864,E100001011867
22473,100.0,[],E100001011462,E100000002049
15084,100.0,[6119],E100000128166,E100000128365
15135,95.9,[6119],E100000126282,E100000123261
15149,100.0,[6119],E100000127447,E100000123261
15107,71.02,[6119],E100000128949,E100000129039
15143,6.09,[6119],E100000126249,E100000123329
15168,100.0,[6119],E100000128987,E100001001051
15121,30.0,[6119],E100000128739,E100000128913
15166,60.0,[6119],E100000130060,E100000130142
15138,23.19,[6119],E100000127991,E100000123261
22963,,"[77473, 77474]",E100001012400,E100000131050
15182,15.0,[6119],E100000129334,E100000129733
15162,100.0,[6119],E100000126975,E100000123261
15175,27.5,[6119],E100000130180,E100000130196
15152,70.55,[6119],E100000129862,E100000129949
22342,99.5,[46392],E100001011297,E100000001331
15128,100.0,[6119],E100000129856,E100000123261
15153,29.45,[6119],E100000129862,E100000123569
15122,70.0,[6119],E100000128739,E100000128912
15180,8.2,[6119],E100000128668,E100000128742
15178,3.45,[6119],E100000128668,E100000001753
15127,48.76,[6119],E100000127558,E100000128374
15148,65.0,[6119],E100000128377,E100000128376
22698,7.78,[5791],E100001011696,E100001000726
15102,20.0,[6119],E100000128527,E100000128738
15085,100.0,[6119],E100000127435,E100000123261
15136,100.0,[6119],E100000127950,E100000126096
15145,100.0,[6119],E100000128376,E100000128739
15174,100.0,[6119],E100000126300,E100000000239
15103,7.76,[6119],E100000128949,E100000001753
15106,6.84,[6119],E100000128949,E100000129040
15105,5.12,[6119],E100000128949,E100000129041
3668,100.0,[5299],E100000001110,E100001000238
15160,1.0,[6119],E100000128912,E100000001753
15126,13.02,[6119],E100000127558,E100000128375
15115,26.84,[6119],E100000126458,E100000123261
15124,12.63,[6119],E100000127558,E100000001753
21565,49.11,[2247],E100000120688,E100000000658
15088,43.0,[6119],E100000129732,E100000129946
18099,51.0,[6119],E100000127093,E100000123171
15172,100.0,[6119],E100000130144,E100000000273
15167,40.0,[6119],E100000130060,E100000130143
15173,100.0,[6119],E100000129896,E100000000273
15156,100.0,[6119],E100000129015,E100000129100
15082,100.0,[6119],E100000128122,E100000123261
15132,1.0,[6119],E100000126096,E100000001753
15170,45.0,[6119],E100000130057,E100000130144
15144,69.88,[6119],E100000126249,E100000124735
15108,100.0,[6119],E100000129557,E100000123874
21706,11.8,[8093],E100000003527,E100001010855
15171,25.0,[6119],E100000130057,E100000130145
15134,4.1,[6119],E100000126282,E100000001753
15137,22.71,[6119],E100000127991,E100000001753
15140,21.95,[6119],E100000127991,E100000128377
15179,61.29,[6119],E100000128668,E100000128740
15125,25.59,[6119],E100000127558,E100000127561
15099,25.0,[6119],E100000127668,E100000128366
23064,,[80669],E100001013004,E100001000539
15176,72.5,[6119],E100000130180,E100001000465
15146,100.0,[6119],E100000128375,E100000000270
15141,100.0,[6119],E100000128084,E100000123261
15120,90.0,[6119],E100000128913,E100000123261
15142,24.04,[6119],E100000126249,E100000001753
23114,,[97673],E100001013203,E100001000540
15110,45.0,[6119],E100000127250,E100000122993
15117,47.37,[6119],E100000126458,E100000126976
15080,100.0,[6119],E100000126987,E100000123261
15109,55.0,[6119],E100000127250,E100000123561
15139,32.14,[6119],E100000127991,E100000128376
15091,49.98,[6119],E100000123580,E100000129948
15157,100.0,[6119],E100000129100,E100000129151
22206,100.0,[11726],E100000132652,E100001000277
15112,100.0,[6119],E100000127561,E100000124530
15104,9.26,[6119],E100000128949,E100000123261
15118,100.0,[6119],E100000127462,E100000128373
15083,100.0,[6119],E100000126512,E100000123261
15089,47.0,[6119],E100000129732,E100000129945
18098,49.0,[6119],E100000127093,E100000123261
15100,60.0,[6119],E100000128527,E100000123261
15150,15.0,[6119],E100000127249,E100000127560
15081,100.0,[6119],E100000127360,E100000123261
15161,99.0,[6119],E100000128912,E100000123261
15123,100.0,[6119],E100000127419,E100000123261
15096,20.0,[6119],E100000127668,E100000128367
15147,35.0,[6119],E100000128377,E100000128739
21856,17.71,[10622],E100000121206,E100001010946
15181,27.06,[6119],E100000128668,E100000128741
15155,99.0,[6119],E100000126670,E100000127561
22592,100.0,[6233],E100001011589,E100001000479
15164,30.0,[6119],E100000130198,E100000130211
15129,100.0,[6119],E100000126639,E100000123261
15119,10.0,[6119],E100000128913,E100000001753
15133,99.0,[6119],E100000126096,E100000127558
15159,68.16,[6119],E100000127446,E100000123261
15163,100.0,[6119],E100000130136,E100000123261
15169,30.0,[6119],E100000130057,E100000130056
15289,18.92,[6119],E100000126198,E100000127571
15286,3.7,[6119],E100000126198,E100000001753
23065,90.0,[80671],E100001013005,E100001013006
21857,10.3,[10622],E100000121206,E100001010947
15278,100.0,[6119],E100000128267,E100000123261
15222,100.0,[6119],E100000129207,E100000129738
15197,99.0,[6119],E100000129361,E100000129735
12101,60.0,[6119],E100000121913,E100000124234
21707,10.23,[8093],E100000003527,E100001010856
15243,25.0,[6119],E100000127263,E100000127566
15200,45.0,[6119],E100000127286,E100000127562
15192,33.33,[6119],E100000127503,E100001000475
15268,100.0,[6119],E100000129298,E100000003627
22343,100.0,"[10456, 46399]",E100001011298,E100000001785
15210,100.0,[6119],E100000129216,E100000129738
15187,28.97,[6119],E100000125332,E100000125325
15221,100.0,[6119],E100000129316,E100000129738
15242,75.0,[6119],E100000127263,E100000126300
23115,100.0,"[97679, 97680]",E100001013204,E100000132362
15184,15.0,[6119],E100000129334,E100000129734
15195,100.0,[6119],E100000129032,E100000129104
15228,100.0,[6119],E100000129570,E100000129738
15211,35.0,[6119],E100000126679,E100000001753
15248,50.1,[6119],E100000126475,E100000000175
15194,13.33,[6119],E100000127503,E100000128378
15191,3.34,[6119],E100000127503,E100000001753
15223,100.0,[6119],E100000128390,E100000128743
6452,40.0,[6119],E100000123270,E100000123594
15227,40.0,[6119],E100000126888,E100000127565
22880,,"[76163, 76164]",E100001012048,E100001012049
9142,22.04,[6119],E100000122770,E100000122772
15285,6.31,[6119],E100000128407,E100000128744
15217,100.0,[6119],E100000127392,E100000000175
15284,5.68,[6119],E100000128407,E100000128745
4127,100.0,"[5733, 5730]",E100001000552,E100001000546
15269,80.0,[6119],E100000130155,E100000130168
15219,100.0,[6119],E100000129307,E100000129738
15287,56.3,[6119],E100000126198,E100000123261
15273,20.0,[6119],E100000130189,E100000130199
15276,16.4,[6119],E100000130189,E100000130155
14921,100.0,[6119],E100000129033,E100000128909
15204,5.0,[6119],E100000129205,E100000129737
15207,100.0,[6119],E100000126538,E100000122150
15185,100.0,[6119],E100000128740,E100000128914
15244,100.0,[6119],E100000126601,E100000126300
22699,100.0,[],E100001010350,E100001000269
15235,100.0,[6119],E100000129301,E100000129738
15231,100.0,[6119],E100000129350,E100000129738
23204,100.0,"[98100, 98101]",E100001013378,E100000131400
15249,49.9,[6119],E100000126475,E100000127567
15198,28.6,[6119],E100000127286,E100000127563
15288,21.08,[6119],E100000126198,E100000127570
22474,100.0,[74377],E100001000714,E100001011470
15226,60.0,[6119],E100000126888,E100000122548
15189,14.27,[6119],E100000125332,E100000129102
15186,12.24,[6119],E100000125332,E100000001753
15183,70.0,[6119],E100000129334,E100000123992
15188,5.85,[6119],E100000125332,E100000129103
15239,51.0,[6119],E100000126321,E100000126300
21997,100.0,"[11346, 2226]",E100000001147,E100000001234
21566,49.11,[2247],E100000120688,E100000001533
15225,100.0,[6119],E100000129314,E100000129738
15255,100.0,[6119],E100000129220,E100000129738
15246,100.0,[6119],E100000129300,E100000129738
9043,100.0,[6119],E100000122157,E100000123744
15241,100.0,[6119],E100000126953,E100000126300
19821,51.0,[6119],E100000126969,E100000123612
23412,100.0,"[99572, 99571]",E100001013808,E100001013809
15238,2.45,[6119],E100000126321,E100000001753
15202,100.0,[6119],E100000128467,E100000000239
15283,53.88,[6119],E100000128407,E100000123261
15275,20.0,[6119],E100000130189,E100000130198
15272,90.0,[6119],E100000130169,E100000130189
21942,5.36,[10715],E100001011008,E100001011011
15237,100.0,[6119],E100000126694,E100000126300
15229,100.0,[6119],E100000129226,E100000129738
15274,25.0,[6119],E100000130189,E100000130197
22207,100.0,"[11727, 11728]",E100001010459,E100000000805
13172,100.0,"[6252, 6254]",E100000002097,E100000000898
15282,34.13,[6119],E100000128407,E100000001753
15205,100.0,[6119],E100000130164,E100001000514
15201,100.0,[6119],E100000129359,E100000129736
15203,95.0,[6119],E100000129205,E100000129683
9141,20.17,[6119],E100000122770,E100000123769
15193,50.0,[6119],E100000127503,E100000123748
9140,5.03,[6119],E100000122770,E100001000881
10068,100.0,[6119],E100000123851,E100000124668
15267,100.0,[6119],E100000129343,E100000129738
15259,77.1,[6119],E100000127369,E100000123637
15212,65.0,[6119],E100000126679,E100000124168
22964,,"[77475, 77476, 77477, 77478]",E100001012404,E100001012405
23285,100.0,[98311],E100001013550,E100001013463
22593,100.0,[74869],E100000120294,E100001011592
255,100.0,[1049],E100000002359,E100000000817
22102,100.0,[11600],E100000003670,E100001011122
15392,100.0,[6119],E100000128792,E100000128915
15308,60.0,[6119],E100000127009,E100000127572
15344,6.21,[6119],E100000126400,E100000125528
15396,100.0,[6119],E100000127813,E100000123261
15354,49.0,[6119],E100000129489,E100000129745
15376,99.9,[6119],E100000129747,E100000123261
15304,100.0,[6119],E100000128942,E100000128944
15387,98.0,[6119],E100000127590,E100000128380
15332,81.17,[6119],E100000126921,E100000130224
15307,90.0,[6119],E100000126379,E100000127572
15311,51.0,[6119],E100000126200,E100000127574
15394,100.0,[6119],E100000129042,E100000125542
15338,19.48,[6119],E100000127240,E100000123682
15377,36.96,[6119],E100000129405,E100000001753
15362,100.0,[6119],E100000130170,E100000130191
15333,18.83,[6119],E100000126921,E100000123682
15379,46.74,[6119],E100000129405,E100000129747
15374,60.0,[6119],E100000129677,E100000129951
15310,49.0,[6119],E100000126200,E100000123261
15358,10.0,[6119],E100000129371,E100000123261
22965,,"[77475, 77477, 77478]",E100001012404,E100001012406
15343,29.22,[6119],E100000126400,E100001000927
15381,5.5,[6119],E100000129405,E100000129748
15380,5.4,[6119],E100000129405,E100000129749
15293,100.0,[6119],E100000128622,E100000127571
15345,55.89,[6119],E100000126400,E100000130227
15349,100.0,[6119],E100000127174,E100000122273
15335,84.41,[6119],E100000126986,E100000130225
15393,10.0,[6119],E100000129608,E100000129750
15301,75.0,[6119],E100000127685,E100000127684
15391,100.0,[6119],E100000130146,E100000130171
15384,100.0,[6119],E100000129672,E100000130371
15375,100.0,[6119],E100000126850,E100000124550
15388,100.0,[6119],E100000128380,E100000128747
15382,100.0,[6119],E100000127645,E100000123261
15355,51.0,[6119],E100000129489,E100000129744
22700,100.0,[75214],E100001011704,E100001011705
15383,100.0,[6119],E100000129250,E100001000149
15360,27.5,[6119],E100000129371,E100000129351
15340,100.0,[6119],E100000126970,E100000123682
15309,40.0,[6119],E100000127009,E100000127573
15353,100.0,[6119],E100000129548,E100000129707
15357,97.37,[6119],E100000127097,E100000127586
15305,100.0,[6119],E100000127572,E100000123682
15367,85.0,[6119],E100000128143,E100000128379
15303,24.9,[6119],E100000127756,E100000123261
6800,100.0,[6119],E100000122703,E100000123317
15370,100.0,[6119],E100000128371,E100000128746
22594,100.0,"[74871, 74869]",E100001011592,E100000120308
15297,100.0,[6119],E100000128008,E100000123261
22208,84.98,[11729],E100000002484,E100001011210
15390,90.55,[6119],E100000130171,E100000130405
23116,,"[97733, 108461]",E100001013205,E100001000537
15316,49.0,[6119],E100000127386,E100000123261
15317,51.0,[6119],E100000127386,E100000123682
15363,33.33,[6119],E100000130191,E100000130407
15341,100.0,[6119],E100000127904,E100000123261
15291,77.4,[6119],E100000126605,E100000123261
15364,33.33,[6119],E100000130191,E100000130202
21858,5.58,[10622],E100000121206,E100001010948
15306,10.0,[6119],E100000126379,E100000123261
15334,100.0,[6119],E100000127186,E100000123682
15320,100.0,[6119],E100000126137,E100000123682
15337,80.52,[6119],E100000127240,E100000130226
22103,,"[11602, 11603]",E100001010505,E100001011123
15331,51.0,[6119],E100000126833,E100000127583
15356,2.63,[6119],E100000127097,E100000001753
15296,100.0,[6119],E100000127580,E100000123261
15292,22.5,[6119],E100000126605,E100000127570
15373,40.0,[6119],E100000129677,E100000123261
22344,100.0,[46400],E100000120058,E100001011299
15302,75.1,[6119],E100000127756,E100000001753
21998,100.0,[11351],E100000132680,E100001011048
15385,100.0,[6119],E100000128919,E100000130351
15352,65.0,[6119],E100000129364,E100000123475
15361,100.0,[6119],E100000130143,E100000130170
15336,15.59,[6119],E100000126986,E100000123682
15295,51.0,[6119],E100000129595,E100000129741
15300,20.0,[6119],E100000126136,E100000130223
15368,100.0,[6119],E100000129951,E100000123261
15359,62.5,[6119],E100000129371,E100000129746
23066,5.0,[80671],E100001013005,E100001013007
15372,100.0,[6119],E100000129518,E100000129256
15328,49.0,[6119],E100000127187,E100000127584
15314,49.0,[6119],E100000126372,E100000123261
22805,100.0,[75603],E100001011871,E100000002411
15389,9.45,[6119],E100000130171,E100000124553
15339,100.0,[6119],E100000126358,E100000127574
15329,51.0,[6119],E100000127187,E100000127583
15369,100.0,[6119],E100000128746,E100000123261
15395,100.0,[6119],E100000127340,E100000127587
15366,15.0,[6119],E100000128143,E100000123261
21708,10.22,[8093],E100000003527,E100000002008
15342,100.0,[6119],E100000128383,E100000123261
15371,100.0,[6119],E100000130033,E100000123261
23353,,[97733],E100001013697,E100001000537
22475,100.0,[74379],E100001011470,E100001011471
22209,100.0,"[11730, 108517, 108518]",E100000001923,E100001011211
15427,1.0,[6119],E100000130055,E100000001753
21999,51.0,"[11352, 11353]",E100000132562,E100001011049
19116,80.0,[6119],E100000130054,E100000123261
15475,100.0,[6119],E100000129751,E100000129955
15450,19.5,[6119],E100000128747,E100000128918
15448,5.0,[6119],E100000128747,E100000128919
22595,100.0,"[74926, 74927, 74928]",E100000002247,E100001011595
15462,100.0,[6119],E100000126395,E100000127587
15405,71.33,[6119],E100000129190,E100000125542
23067,5.0,[80671],E100001013005,E100001013008
15498,10.0,[6119],E100000128925,E100000125528
15493,97.92,[6119],E100000128466,E100000126312
15459,99.0,[6119],E100000130212,E100000123261
15456,68.75,[6119],E100000130093,E100000130135
15407,100.0,[6119],E100000127591,E100000127587
15499,4.9,[6119],E100000127797,E100000001753
15411,100.0,[6119],E100000126913,E100000127587
8833,40.0,[6119],E100000004213,E100000121946
15478,100.0,[6119],E100000126767,E100000127592
15421,61.96,[6119],E100000129750,E100000123708
15487,99.97,[6119],E100000128429,E100000128749
23117,,[97733],E100001013202,E100001000537
15500,51.0,[6119],E100000127797,E100001000472
15424,49.0,[6119],E100000127723,E100000128384
15418,100.0,[6119],E100000127755,E100000123261
15455,100.0,[6119],E100000129188,E100000125542
15477,100.0,[6119],E100000130147,E100000130172
15489,100.0,[6119],E100000127896,E100000123261
15442,100.0,[6119],E100000129189,E100000125542
11853,30.0,[6119],E100000001841,E100000123470
15410,100.0,[6119],E100000129937,E100000123261
15457,31.25,[6119],E100000130093,E100000130146
15484,100.0,[6119],E100000127735,E100000128385
15476,100.0,[6119],E100000129955,E100000130073
15468,90.0,[6119],E100000129191,E100000123261
15409,100.0,[6119],E100000127338,E100000127588
15414,100.0,[6119],E100000129694,E100000130372
22882,,"[76163, 76164]",E100001012048,E100001012051
15503,100.0,[6119],E100000129956,E100000130269
23206,100.0,"[98101, 98102, 98103]",E100000131400,E100001010410
15490,40.0,[6119],E100000126373,E100001000398
15423,51.0,[6119],E100000127723,E100000128383
15483,49.0,[6119],E100000127164,E100000127594
15401,100.0,[6119],E100000129176,E100000000282
15454,100.0,[6119],E100000128384,E100000123261
15451,20.0,[6119],E100000128747,E100000128917
15428,99.0,[6119],E100000130055,E100000123261
23354,,[98815],E100001013698,E100000132138
8716,100.0,[6119],E100000121876,E100000121901
22476,58.47,[74382],E100001000460,E100001011472
22104,37.43,[11604],E100001010537,E100000001358
15486,100.0,[6119],E100000127030,E100000127595
15492,2.08,[6119],E100000128466,E100000001753
15430,100.0,[6119],E100000129761,E100000129953
15467,95.27,[6119],E100000128918,E100000125058
15466,4.73,[6119],E100000128918,E100000001753
15497,90.0,[6119],E100000128925,E100000001663
15402,100.0,[6119],E100000129044,E100000129105
15481,92.93,[6119],E100000127592,E100000130269
15429,100.0,[6119],E100000128328,E100000128748
15482,51.0,[6119],E100000127164,E100000127593
2969,,"[2644, 2647, 2646, 2645]",E100000004064,E100000001137
21709,9.13,[8093],E100000003527,E100001000414
15502,100.0,[6119],E100000129752,E100000129956
15444,45.22,[6119],E100000128916,E100000129042
15461,48.98,[6119],E100000127231,E100000127590
22701,9.27,[75215],E100000004032,E100001011706
15491,60.0,[6119],E100000126373,E100000126463
21567,40.0,"[2246, 7862]",E100000003620,E100000120900
23413,,"[99576, 75736, 99577]",E100001013810,E100001000649
15501,44.1,[6119],E100000127797,E100000001663
15473,100.0,[6119],E100000130172,E100000130406
22966,,"[77475, 77477, 77478]",E100001012406,E100001012407
15440,62.52,[6119],E100000129868,E100000129954
15460,51.02,[6119],E100000127231,E100000127589
20023,75.0,[6119],E100000129843,E100000130050
15485,100.0,[6119],E100000128749,E100000130335
15449,55.5,[6119],E100000128747,E100000128916
15474,100.0,[6119],E100000130073,E100000130147
15439,29.95,[6119],E100000129868,E100000123940
15470,100.0,[6119],E100000129422,E100001000064
15408,100.0,[6119],E100000129952,E100000000281
15441,7.49,[6119],E100000129868,E100000123948
15419,2.0,[6119],E100000129709,E100000001753
15471,51.0,[6119],E100000129464,E100000123505
15472,49.0,[6119],E100000129464,E100000129751
15426,100.0,[6119],E100000129177,E100000129190
22806,100.0,[75605],E100001011873,E100000001233
23287,51.0,[98481],E100001013556,E100001013557
15438,100.0,[6119],E100000129106,E100000125542
15413,59.16,[6119],E100000127587,E100000128381
15420,98.0,[6119],E100000129709,E100000123261
15603,21.82,[6119],E100000124516,E100000128921
15544,82.98,[6119],E100000129532,E100000129645
15556,60.0,[6119],E100000126787,E100000127603
15588,24.45,[6119],E100000129049,E100000129109
15576,90.0,[6119],E100000128236,E100000128388
15537,100.0,[6119],E100000126524,E100000126717
15514,12.12,[6119],E100000128404,E100000128753
21860,100.0,"[10631, 11718]",E100000001995,E100001010949
15561,79.0,[6119],E100000127269,E100000127604
15529,100.0,[6119],E100000127924,E100000128386
15518,100.0,[6119],E100000129754,E100000129957
15605,100.0,[6119],E100000129296,E100000000241
15552,100.0,[6119],E100000126855,E100000123316
15540,100.0,[6119],E100000126483,E100000127598
15602,78.17,[6119],E100000124516,E100000123261
15558,4.0,[6119],E100000126388,E100000001753
15578,100.0,[6119],E100000130074,E100000130399
15599,51.0,[6119],E100000129626,E100000129757
15550,100.0,[6119],E100000127601,E100000126323
15594,96.84,[6119],E100000129749,E100000123261
15585,1.0,[6119],E100000126616,E100000001753
22596,100.0,"[74930, 74931]",E100001001188,E100000001283
15586,99.0,[6119],E100000126616,E100000123261
15543,17.03,[6119],E100000129532,E100000123261
15575,5.0,[6119],E100000128236,E100000128390
15539,100.0,[6119],E100000127600,E100000123261
2947,5.0,"[2588, 2587, 6046]",E100000003994,E100000000677
21568,33.5,[7862],E100000120900,E100000125809
15584,100.0,[6119],E100000129757,E100000125066
15579,100.0,[6119],E100000129959,E100000130074
15531,100.0,[6119],E100000127836,E100000123261
15545,100.0,[6119],E100000126310,E100000122526
15568,34.82,[6119],E100000129110,E100000123261
15508,90.0,[6119],E100000129512,E100000129752
15519,65.0,[6119],E100000129576,E100000123569
15541,55.0,[6119],E100000127393,E100000127599
15512,25.55,[6119],E100000128404,E100000128752
15571,100.0,[6119],E100000127553,E100000123261
15555,100.0,[6119],E100000127602,E100000123261
15504,100.0,[6119],E100000128606,E100000123261
15595,100.0,[6119],E100000128504,E100000123261
15574,100.0,[6119],E100000128941,E100000123261
15560,21.0,[6119],E100000127269,E100000123261
15569,21.3,[6119],E100000129110,E100000129154
15567,1.37,[6119],E100000129110,E100000001753
15551,100.0,[6119],E100000128757,E100000123261
15562,60.0,[6119],E100000128711,E100000124727
15546,75.0,[6119],E100000127565,E100000128387
15525,51.0,[6119],E100000126466,E100000127597
15521,100.0,[6119],E100000129957,E100000123261
15577,5.0,[6119],E100000128236,E100000128389
15506,85.0,[6119],E100000127203,E100000127596
15609,39.15,[6119],E100000129934,E100000130075
15596,99.9,[6119],E100000127893,E100000123261
15597,10.0,[6119],E100000129626,E100000129759
23068,100.0,[80672],E100001013009,E100000132368
22105,90.0,"[11605, 11606]",E100001010470,E100000000255
23118,100.0,"[97738, 97739]",E100001013226,E100001012977
15590,22.94,[6119],E100000129049,E100000129110
15582,100.0,[6119],E100000129759,E100000125066
15520,35.0,[6119],E100000129576,E100000129754
15538,100.0,[6119],E100000127599,E100000123261
15535,100.0,[6119],E100000129225,E100000129755
15607,30.0,[6119],E100000129934,E100000130077
15516,51.0,[6119],E100000127999,E100000124685
22967,100.0,"[77605, 77606, 77607]",E100000002408,E100001000296
15608,30.85,[6119],E100000129934,E100000130076
15542,45.0,[6119],E100000127393,E100000127600
15557,40.0,[6119],E100000126787,E100000122526
22000,49.0,"[11352, 11353]",E100000132562,E100001011050
15527,100.0,[6119],E100000127793,E100000123261
22702,5.91,[75215],E100000004032,E100001011707
15505,15.0,[6119],E100000127203,E100000123261
21710,100.0,[10338],E100000120079,E100001010857
23207,,"[98108, 109663]",E100001013379,E100001000539
15601,100.0,[6119],E100000126299,E100000127605
15524,48.0,[6119],E100000126466,E100000123261
15559,96.0,[6119],E100000126388,E100000123261
15606,100.0,[6119],E100000129431,E100001000064
15526,100.0,[6119],E100000127835,E100000123261
15598,39.0,[6119],E100000129626,E100000129758
15534,100.0,[6119],E100000129847,E100000129958
15507,10.0,[6119],E100000129512,E100000129753
15564,100.0,[6119],E100000128213,E100000128214
15530,100.0,[6119],E100000127946,E100000123261
15604,100.0,[6119],E100000129056,E100000129057
15554,100.0,[6119],E100000127343,E100000123261
15532,100.0,[6119],E100000127898,E100000123261
15511,27.68,[6119],E100000128404,E100000128751
15509,100.0,[6119],E100000128662,E100000128750
15548,92.73,[6119],E100000127598,E100000128387
15570,42.5,[6119],E100000129110,E100000129153
22477,100.0,[9074],E100001010844,E100001011474
15565,100.0,[6119],E100000128790,E100000128920
15572,99.9,[6119],E100000128498,E100000123261
15549,100.0,[6119],E100000126270,E100000127601
15563,40.0,[6119],E100000128711,E100000128493
15626,100.0,[6119],E100000127151,E100000127606
15693,30.0,[6119],E100000127278,E100000127616
15714,1.0,[6119],E100000128845,E100000001753
15668,37.52,[6119],E100000129382,E100000129762
15716,7.76,[6119],E100000127479,E100000001753
15652,10.0,[6119],E100000126243,E100000127612
15671,98.66,[6119],E100000129014,E100000123261
22001,100.0,[11354],E100000132947,E100001011051
15622,32.15,[6119],E100000127258,E100000130230
15633,100.0,[6119],E100000129964,E100000123261
15691,100.0,[6119],E100000129968,E100000130078
15618,100.0,[6119],E100000129232,E100000129760
22807,,[75607],E100001011876,E100000001861
15641,100.0,[6119],E100000126390,E100000127607
15632,5.0,[6119],E100000128391,E100000128756
22597,5.47,[74933],E100000120672,E100001011599
15707,100.0,[6119],E100000129224,E100001000064
15654,57.0,[6119],E100000126243,E100000127610
21861,33.33,[10632],E100000132738,E100001010950
15624,100.0,[6119],E100000126157,E100000123261
15673,100.0,[6119],E100000129967,E100000125674
15647,65.22,[6119],E100000127277,E100000123261
15703,1.0,[6119],E100000128397,E100000001753
15705,100.0,[6119],E100000128266,E100000128397
15639,75.0,[6119],E100000130137,E100000123424
15670,1.34,[6119],E100000129014,E100000001753
15611,100.0,[6119],E100000129965,E100000123261
23208,90.0,[98113],E100001013381,E100000131490
15621,100.0,[6119],E100000129681,E100000124116
15627,100.0,[6119],E100000126941,E100000127606
15645,100.0,[6119],E100000129321,E100000129761
15629,60.0,[6119],E100000127606,E100000128391
22106,10.0,"[11605, 11606]",E100001010470,E100000000709
15628,40.0,[6119],E100000127606,E100000128392
15712,100.0,[6119],E100000129344,E100000129638
15630,70.0,[6119],E100000128391,E100001000451
15709,100.0,[6119],E100000129325,E100000123874
23069,100.0,"[80675, 5928, 80676]",E100001013011,E100001013012
15635,45.0,[6119],E100000129887,E100000129965
15672,100.0,[6119],E100000129199,E100000129765
15717,10.57,[6119],E100000127479,E100000128403
15617,82.32,[6119],E100000129960,E100000123261
15623,67.85,[6119],E100000127258,E100000123324
15636,50.5,[6119],E100000129887,E100000129964
15634,4.5,[6119],E100000129887,E100000001753
15706,100.0,[6119],E100000128056,E100000124529
15687,7.41,[6119],E100000129640,E100000123228
15689,6.74,[6119],E100000129640,E100000123212
15663,51.75,[6119],E100000127610,E100000124362
15659,90.0,[6119],E100000126643,E100000127613
15680,50.0,[6119],E100000126635,E100000127615
15688,33.73,[6119],E100000129640,E100000129968
15686,6.11,[6119],E100000129640,E100000127797
15653,33.0,[6119],E100000126243,E100000127611
15643,1.1,[6119],E100000126761,E100000001753
15681,67.9,[6119],E100000128387,E100000123261
15682,32.1,[6119],E100000128387,E100000128757
15697,58.69,[6119],E100000128499,E100001000472
15679,50.0,[6119],E100000126635,E100000123261
15690,5.99,[6119],E100000129640,E100000124358
15684,5.61,[6119],E100000129640,E100000001753
15625,100.0,[6119],E100000127617,E100000123261
15620,49.0,[6119],E100000129723,E100000124116
15640,25.0,[6119],E100000130137,E100000130173
15657,51.0,[6119],E100000126159,E100000123185
15711,75.0,[6119],E100000126470,E100000127617
22478,100.0,[74393],E100000001794,E100001011475
15631,25.0,[6119],E100000128391,E100000128755
15713,100.0,[6119],E100000126783,E100000127618
23119,,"[97740, 97741]",E100001013228,E100001013229
15710,25.0,[6119],E100000126470,E100000123261
21569,66.5,[7862],E100000120900,E100000132805
918,51.0,"[1746, 1747, 1748, 1749]",E100000003072,E100000000391
15704,99.0,[6119],E100000128397,E100000130311
22884,,"[76163, 76164]",E100001012048,E100000137052
15694,100.0,[6119],E100000127209,E100001000472
21711,100.0,[10338],E100001010857,E100000120005
15656,49.0,[6119],E100000126159,E100000123261
15619,51.0,[6119],E100000129723,E100000001366
15715,99.0,[6119],E100000128845,E100000123261
22347,29.87,[46405],E100000121263,E100001011301
15695,100.0,[6119],E100000127700,E100000127463
15685,34.43,[6119],E100000129640,E100001000472
15616,81.33,[6119],E100000129683,E100000129960
15612,100.0,[6119],E100000129221,E100000129683
15708,100.0,[6119],E100000128311,E100000123261
15669,18.15,[6119],E100000129382,E100000129763
22968,64.0,[77612],E100000130693,E100000130695
15702,100.0,[6119],E100000128244,E100000128396
15644,98.9,[6119],E100000126761,E100000127608
15692,70.0,[6119],E100000127278,E100001000472
15658,10.0,[6119],E100000126643,E100000127614
22211,100.0,[11734],E100000003342,E100001011212
15738,90.0,[6119],E100000128779,E100000130313
22107,,[11608],E100000002795,E100000121566
15736,100.0,[6119],E100000128414,E100000123261
23414,38.03,[99579],E100001013811,E100001013812
15803,48.0,[6119],E100000127632,E100000001753
22969,100.0,[77619],E100001000576,E100001000088
9569,100.0,[6119],E100000125349,E100000125378
15769,28.12,[6119],E100000127623,E100000128407
15782,100.0,[6119],E100000127259,E100000127431
15728,100.0,[6119],E100000129330,E100000129769
23209,100.0,[97869],E100001013382,E100001013279
15741,99.0,[6119],E100000128780,E100000128779
15794,100.0,[6119],E100000127629,E100000123261
15801,13.4,[6119],E100000127078,E100000127633
15800,10.39,[6119],E100000127078,E100000127634
15795,100.0,[6119],E100000126317,E100000127630
15774,100.0,[6119],E100000126592,E100000123261
15763,6.73,[6119],E100000127630,E100000001753
15726,10.0,[6119],E100000129332,E100000129771
15808,73.33,[6119],E100000126352,E100000123261
15740,1.0,[6119],E100000128780,E100000001753
15793,60.0,[6119],E100000126250,E100000127629
15777,43.36,[6119],E100000128288,E100000124979
23355,77.8,"[98817, 98818]",E100001013700,E100001013701
15775,100.0,[6119],E100000128409,E100000128758
15735,40.0,[6119],E100000126535,E100000123686
15756,100.0,[6119],E100000127622,E100000123697
21862,33.33,[10632],E100000132738,E100001010951
15732,100.0,[6119],E100000128413,E100000123261
15818,93.89,[6119],E100000127656,E100000128415
15762,100.0,[6119],E100000127434,E100000127433
15723,13.6,[6119],E100000127409,E100000001753
15720,16.77,[6119],E100000127479,E100000128400
15722,15.27,[6119],E100000127479,E100000128401
15781,92.0,[6119],E100000126165,E100000124415
15797,51.0,[6119],E100000127631,E100000123261
15770,19.79,[6119],E100000127623,E100000130271
15771,6.76,[6119],E100000127623,E100000128408
15785,12.58,[6119],E100000126877,E100000123762
15783,7.96,[6119],E100000126877,E100000001753
15753,100.0,[6119],E100000126263,E100000127622
23288,100.0,[109640],E100001013559,E100001013285
15733,36.74,[6119],E100000126535,E100000127619
15750,100.0,[6119],E100000127626,E100000127625
22002,,[],E100001011052,E100000132016
15754,100.0,[6119],E100000126456,E100000127622
15772,3.56,[6119],E100000127113,E100000001753
15819,100.0,[6119],E100000126124,E100000127637
15804,26.0,[6119],E100000127632,E100000128411
22598,31.44,[74933],E100000120672,E100001011600
22479,100.0,[74395],E100000000364,E100001011476
15773,96.44,[6119],E100000127113,E100000127623
15719,17.93,[6119],E100000127479,E100000128399
15807,10.0,[6119],E100000127632,E100000128412
15806,8.0,[6119],E100000127632,E100000128414
15805,8.0,[6119],E100000127632,E100000128413
15779,10.0,[6119],E100000129706,E100000129969
15776,56.64,[6119],E100000128288,E100000128759
919,100.0,[1747],E100000003073,E100000000391
15811,12.6,[6119],E100000126990,E100000123261
15786,59.94,[6119],E100000126877,E100000130231
15792,40.0,[6119],E100000126250,E100000123261
15799,44.4,[6119],E100000127078,E100000123261
22885,,"[76163, 76164]",E100001012048,E100001012053
15718,20.0,[6119],E100000127479,E100000128398
21570,40.0,[2246],E100000003620,E100001000177
22212,100.0,[11735],E100001011212,E100001011213
15727,90.0,[6119],E100000129332,E100000129770
15802,31.81,[6119],E100000127078,E100000127632
15760,79.46,[6119],E100000127423,E100000123261
15768,39.92,[6119],E100000127623,E100000128406
15725,100.0,[6119],E100000129333,E100000129769
23120,100.0,[97740],E100001013229,E100000120990
15810,4.2,[6119],E100000126990,E100000001753
15778,30.0,[6119],E100000128003,E100000128409
15730,100.0,[6119],E100000128411,E100000123261
15796,99.9,[6119],E100000126891,E100000127631
21712,45.0,"[10338, 10341]",E100000120825,E100001010858
15748,9.0,[6119],E100000127624,E100000123760
15729,100.0,[6119],E100000128176,E100000128404
15747,100.0,[6119],E100000127627,E100000127625
15761,100.0,[6119],E100000126591,E100000127423
15739,10.0,[6119],E100000128779,E100000130336
15784,19.52,[6119],E100000126877,E100000123261
15780,8.0,[6119],E100000126165,E100000001753
6498,8.02,[6119],E100000125268,E100000001753
23070,65.0,"[80679, 80680, 109023]",E100001013014,E100000131353
6133,25.0,"[6178, 109126]",E100001001111,E100001001109
15757,100.0,[6119],E100000128624,E100000123261
15724,86.4,[6119],E100000127409,E100000123261
15737,100.0,[6119],E100000128412,E100000123261
15751,10.89,[6119],E100000126995,E100000001753
15809,26.67,[6119],E100000126352,E100000127635
15798,49.0,[6119],E100000127631,E100000128410
6500,8.02,[6119],E100000125268,E100000125334
15764,93.27,[6119],E100000127630,E100000128405
15752,89.11,[6119],E100000126995,E100000127621
15875,75.0,[6119],E100000127219,E100000127642
15896,100.0,[6119],E100000128760,E100000123261
15826,85.23,[6119],E100000129078,E100000129112
15868,91.02,[6119],E100000127384,E100000127410
15872,100.0,[6119],E100000128091,E100000123261
15833,7.17,[6119],E100000126989,E100000123261
15925,1.0,[6119],E100000129112,E100000001753
15923,19.87,[6119],E100000128405,E100000001753
15879,63.06,[6119],E100000127109,E100000127652
15884,100.0,[6119],E100000128761,E100000128922
15880,15.38,[6119],E100000127109,E100000127653
15877,2.77,[6119],E100000127109,E100000001753
15927,12.22,[6119],E100000127110,E100000123261
15900,56.2,[6119],E100000127169,E100000127656
21863,11.11,[10632],E100000132738,E100001010952
15930,100.0,[6119],E100000127664,E100000123261
21713,100.0,[10338],E100001010858,E100001010857
15878,18.78,[6119],E100000127109,E100000123261
15904,100.0,[6119],E100000129092,E100000125347
22881,,"[76163, 76164]",E100001012048,E100001012050
15883,37.74,[6119],E100000127642,E100000128418
15903,10.95,[6119],E100000127169,E100000127658
15886,90.12,[6119],E100000129589,E100000123261
15917,13.08,[6119],E100000129118,E100000001753
15881,0.1,[6119],E100000127642,E100000001753
15855,80.32,[6119],E100000128042,E100000123752
15907,15.29,[6119],E100000128922,E100000129048
15906,14.14,[6119],E100000128922,E100000128421
15905,6.59,[6119],E100000128922,E100000001753
22003,10.0,[11369],E100000001029,E100001011053
15836,100.0,[6119],E100000126947,E100000124415
15892,95.85,[6119],E100000127385,E100000123775
15852,91.0,[6119],E100000126280,E100000127646
15918,6.08,[6119],E100000129118,E100000125347
15898,99.01,[6119],E100000126707,E100000123261
15835,100.0,[6119],E100000127551,E100000123261
15919,80.84,[6119],E100000129118,E100000124701
15893,100.0,[6119],E100000130039,E100000123261
22599,100.0,"[74934, 115040]",E100000000346,E100001011601
15909,46.6,[6119],E100000128922,E100000128998
22480,100.0,[74402],E100000003316,E100001011478
15841,70.0,[6119],E100000128125,E100000123261
15845,2.98,[6119],E100000129772,E100000001753
15910,100.0,[6119],E100000129895,E100000129972
15866,20.1,[6119],E100000129079,E100000128421
15914,10.0,[6119],E100000130079,E100000130149
15920,100.0,[6119],E100000126938,E100000127662
23210,,"[98114, 108931]",E100001013383,E100000132114
15843,100.0,[6119],E100000128416,E100000123261
15895,100.0,[6119],E100000127433,E100000123261
21571,10.0,[2246],E100000003620,E100000120855
15842,30.0,[6119],E100000128125,E100000128416
15863,44.76,[6119],E100000129079,E100000125551
22703,100.0,[75217],E100001011708,E100000000391
15889,90.0,[6119],E100000126516,E100000127654
15921,100.0,[6119],E100000127382,E100000127663
15924,80.13,[6119],E100000128405,E100000123261
15853,9.0,[6119],E100000126280,E100000127647
15861,7.99,[6119],E100000129079,E100000001753
15862,6.79,[6119],E100000129079,E100000128761
15864,6.79,[6119],E100000129079,E100000000252
15865,6.79,[6119],E100000129079,E100000127432
15867,6.79,[6119],E100000129079,E100000129113
15840,100.0,[6119],E100000129972,E100000130079
15870,40.0,[6119],E100000126750,E100000123261
15929,100.0,[6119],E100000128567,E100000128568
15846,45.21,[6119],E100000129772,E100000123261
15908,17.38,[6119],E100000128922,E100000129047
15888,90.0,[6119],E100000127654,E100000123261
15832,11.7,[6119],E100000126989,E100000001753
15911,100.0,[6119],E100000130149,E100000130148
15871,60.0,[6119],E100000126750,E100000127650
15844,100.0,[6119],E100000129550,E100000129772
15894,100.0,[6119],E100000129865,E100000123261
15901,16.06,[6119],E100000127169,E100000127657
15902,8.76,[6119],E100000127169,E100000127659
15899,8.03,[6119],E100000127169,E100000127660
15915,90.0,[6119],E100000130079,E100000130148
22809,100.0,"[75608, 75609, 75610]",E100001011877,E100001011879
15916,100.0,[6119],E100000126973,E100000127661
15834,81.13,[6119],E100000126989,E100000127642
15887,10.0,[6119],E100000127654,E100000001753
15837,100.0,[6119],E100000126956,E100000123261
15874,20.0,[6119],E100000127219,E100000127651
15922,100.0,[6119],E100000127663,E100000123261
15913,92.5,[6119],E100000130148,E100000125294
15931,8.89,[6119],E100000127619,E100000001753
15885,9.88,[6119],E100000129589,E100000001753
15829,10.0,[6119],E100000127046,E100000127459
15890,10.0,[6119],E100000126516,E100000127655
15828,60.0,[6119],E100000127046,E100000127431
15882,62.16,[6119],E100000127642,E100000123261
22349,45.0,"[46421, 46422]",E100000121348,E100000120164
15847,51.81,[6119],E100000129772,E100000129971
15827,100.0,[6119],E100000129845,E100000129970
15854,19.69,[6119],E100000128042,E100000122711
15825,14.77,[6119],E100000129078,E100000123261
15998,100.0,[6119],E100000128474,E100000123261
16029,100.0,[6119],E100000128019,E100000123261
15948,66.16,[6119],E100000127666,E100000001753
15956,0.79,[6119],E100000126308,E100000001753
15946,51.0,[6119],E100000127172,E100000127666
15973,7.89,[6119],E100000128420,E100000128761
16030,0.12,[6119],E100000130081,E100000001753
22109,51.06,[11609],E100000004391,E100000001072
22350,55.0,"[46421, 46422]",E100000121348,E100000120334
16023,100.0,[6119],E100000126507,E100000127681
16033,51.0,[6119],E100000127741,E100000128426
16027,100.0,[6119],E100000126882,E100000127682
15969,50.58,[6119],E100000127017,E100000123983
16016,23.1,[6119],E100000127759,E100000128425
15967,19.06,[6119],E100000127017,E100000001753
16015,54.52,[6119],E100000127759,E100000123261
15995,51.0,[6119],E100000127526,E100000128422
16006,54.6,[6119],E100000127674,E100000126312
16012,49.0,[6119],E100000127033,E100000127678
16019,100.0,[6119],E100000126955,E100000123261
15940,100.0,[6119],E100000127432,E100000000252
16007,25.0,[6119],E100000127674,E100000127789
15994,49.0,[6119],E100000127526,E100000128423
16035,20.0,[6119],E100000126161,E100000127683
15961,17.53,[6119],E100000128759,E100000128924
15959,6.73,[6119],E100000128759,E100000001753
22970,100.0,"[77620, 77621, 77622]",E100000130955,E100001000281
16020,100.0,[6119],E100000127681,E100000123261
15958,48.61,[6119],E100000126308,E100000124598
15966,51.0,[6119],E100000129558,E100000129773
15972,53.26,[6119],E100000128420,E100000123261
15947,49.0,[6119],E100000127172,E100000127667
23289,100.0,[98551],E100001013580,E100001013582
15986,49.0,[6119],E100000126856,E100000127670
21714,55.0,[10341],E100000120825,E100001010859
15983,64.13,[6119],E100000127641,E100000123261
15950,100.0,[6119],E100000129584,E100000129707
15990,100.0,[6119],E100000127341,E100000127671
16025,100.0,[6119],E100000126520,E100000127682
23211,100.0,"[98120, 98121]",E100001013386,E100001013387
22704,,[75222],E100001011710,E100000001262
16002,60.0,[6119],E100000126887,E100000127674
15952,21.83,[6119],E100000126177,E100000123261
15951,6.05,[6119],E100000126177,E100000001753
23121,37.13,"[97742, 97743]",E100001013230,E100001000400
15997,100.0,[6119],E100000127774,E100000123261
15999,9.3,[6119],E100000126781,E100000125284
16017,85.0,[6119],E100000127089,E100000127679
16003,40.0,[6119],E100000126887,E100000127675
21864,11.11,[10632],E100000132738,E100001010953
16014,100.0,[6119],E100000127548,E100000123261
16001,82.6,[6119],E100000126781,E100000127672
15953,40.31,[6119],E100000126177,E100000127668
16026,100.0,[6119],E100000127270,E100000127682
15976,7.89,[6119],E100000128420,E100000128762
15975,5.26,[6119],E100000128420,E100000128763
16011,100.0,[6119],E100000127944,E100000123261
16018,15.0,[6119],E100000127089,E100000127680
15968,30.36,[6119],E100000127017,E100000123261
15962,44.97,[6119],E100000128759,E100000128923
16028,100.0,[6119],E100000127019,E100000123261
22883,,"[76163, 76164]",E100001012048,E100001012052
15965,49.0,[6119],E100000129558,E100000123261
15932,91.11,[6119],E100000127619,E100000127620
9329,4.16,[6119],E100000124212,E100000001753
22810,100.0,"[75611, 75610]",E100001011879,E100001011878
16000,8.1,[6119],E100000126781,E100000127673
15942,40.01,[6119],E100000127431,E100000122320
16010,49.0,[6119],E100000127320,E100000127676
22004,7.96,[11369],E100000001029,E100001011054
21673,100.0,[8022],E100000121386,E100000120718
15977,100.0,[6119],E100000127411,E100000128421
15981,100.0,[6119],E100000129700,E100000130375
22481,100.0,[74407],E100000002068,E100001011480
15954,31.82,[6119],E100000126177,E100000127669
15964,95.77,[6119],E100000126462,E100000123261
15996,100.0,[6119],E100000127920,E100000128424
23415,20.55,[99579],E100001013811,E100001013813
15949,33.84,[6119],E100000127666,E100000123261
23356,,"[98822, 98823]",E100001013702,E100001013704
15970,85.87,[6119],E100000128191,E100000128419
15935,1.0,[6119],E100000126943,E100000001753
16032,49.0,[6119],E100000127741,E100000128427
15988,100.0,[6119],E100000130027,E100000130384
16009,51.0,[6119],E100000127320,E100000126609
15991,100.0,[6119],E100000127413,E100000123261
15960,30.77,[6119],E100000128759,E100000128289
15945,20.93,[6119],E100000127431,E100000124988
15989,100.0,[6119],E100000129776,E100000123261
22600,99.9,[74936],E100000001834,E100001011602
15955,100.0,[6119],E100000127306,E100000123261
15936,99.0,[6119],E100000126943,E100000127665
15987,100.0,[6119],E100000129721,E100000000252
15957,50.6,[6119],E100000126308,E100000126101
15934,82.53,[6119],E100000127620,E100000123261
15971,14.13,[6119],E100000128191,E100000128420
22811,100.0,"[75628, 75629]",E100001011886,E100001011887
22482,100.0,[],E100001011480,E100000000851
16063,78.88,[6119],E100000128768,E100000001753
22886,65.17,[76175],E100000134363,E100001012055
16098,9.77,[6119],E100000127697,E100000001753
16064,21.12,[6119],E100000128768,E100000123261
16125,20.0,[6119],E100000126940,E100000125099
16113,70.0,[6119],E100000126867,E100000127552
16140,100.0,[6119],E100000127003,E100000127705
16128,46.8,[6119],E100000127132,E100000127704
16121,8.3,[6119],E100000127857,E100000128429
16120,1.0,[6119],E100000127857,E100000001753
23122,37.13,"[97742, 97743]",E100001013230,E100000000657
22351,51.28,"[46424, 108804]",E100000000522,E100001000397
16106,51.0,[6119],E100000126306,E100000121884
16096,40.0,[6119],E100000127188,E100000127697
16129,80.0,[6119],E100000127718,E100000126399
16092,42.0,[6119],E100000127091,E100000127218
16043,100.0,[6119],E100000128428,E100000123261
16065,72.2,[6119],E100000128765,E100000001753
22705,45.43,[75229],E100001011233,E100001011711
16047,100.0,[6119],E100000126583,E100000127594
22601,92.61,[74936],E100001011602,E100001011603
16095,15.0,[6119],E100000127188,E100000127698
23212,,[97733],E100001013390,E100001000537
16081,100.0,[6119],E100000127429,E100000123261
16041,75.0,[6119],E100000127783,E100000128428
22971,100.0,[6930],E100000131184,E100001010117
16062,21.33,[6119],E100000128769,E100000123261
16143,100.0,[6119],E100000128473,E100000123368
16142,100.0,[6119],E100000126596,E100000127594
16044,100.0,[6119],E100000127694,E100000126327
16072,100.0,[6119],E100000127069,E100000127691
22005,45.18,[11370],E100001011053,E100000001035
16079,41.0,[6119],E100000126934,E100000126399
16082,100.0,[6119],E100000128423,E100000128764
16107,25.0,[6119],E100000128764,E100000127743
16109,25.0,[6119],E100000128764,E100000128925
16046,100.0,[6119],E100000126473,E100000122988
23072,99.99,[80703],E100001013021,E100001013022
16097,39.0,[6119],E100000127188,E100000126306
21573,5.0,[2246],E100000003620,E100000120688
16087,61.0,[6119],E100000127195,E100000127218
16085,42.0,[6119],E100000127283,E100000127218
16045,100.0,[6119],E100000127060,E100000122988
16103,51.0,[6119],E100000126307,E100000126306
16102,49.0,[6119],E100000126307,E100000123261
16061,78.67,[6119],E100000128769,E100000001753
16134,7.55,[6119],E100000127705,E100001000434
16088,20.0,[6119],E100000126610,E100000123261
16114,60.0,[6119],E100000126381,E100000127552
16131,7.2,[6119],E100000127705,E100000125528
16135,6.17,[6119],E100000127705,E100000125285
16056,100.0,[6119],E100000127688,E100000123810
16130,20.0,[6119],E100000127718,E100000126266
16067,85.87,[6119],E100000128770,E100000001753
16086,39.0,[6119],E100000127195,E100000123261
16090,44.44,[6119],E100000126610,E100000127218
16132,51.07,[6119],E100000127705,E100000128430
17258,100.0,[6119],E100000127295,E100000127969
21715,19.32,[10347],E100000120857,E100001000178
16126,29.0,[6119],E100000126940,E100000127703
16042,100.0,[6119],E100000128690,E100000130331
16112,27.0,[6119],E100000126867,E100000123261
16100,60.0,[6119],E100000127138,E100000123261
16069,76.59,[6119],E100000128766,E100000001753
16057,56.59,[6119],E100000128767,E100000001753
16075,100.0,[6119],E100000127708,E100000127691
21865,11.11,[10632],E100000132738,E100001010954
22214,99.0,[11739],E100000120718,E100001011214
16093,100.0,[6119],E100000127148,E100000127218
22110,6.77,[11609],E100000004391,E100001011125
16138,53.34,[6119],E100000127061,E100000126399
16144,100.0,[6119],E100000127824,E100000126348
16066,27.8,[6119],E100000128765,E100000123261
16091,58.0,[6119],E100000127091,E100000123261
16133,28.01,[6119],E100000127705,E100000127037
16076,100.0,[6119],E100000127265,E100000127691
16070,23.41,[6119],E100000128766,E100000123261
16089,35.56,[6119],E100000126610,E100000127696
16040,25.0,[6119],E100000127783,E100000123261
16068,14.13,[6119],E100000128770,E100000123261
16053,100.0,[6119],E100000127689,E100000123261
16059,90.54,[6119],E100000128771,E100000001753
16108,25.0,[6119],E100000128764,E100000125095
16119,100.0,[6119],E100000128777,E100000122804
16116,10.0,[6119],E100000126381,E100000127701
16054,45.0,[6119],E100000127147,E100000127689
16055,55.0,[6119],E100000127147,E100000127688
16127,53.2,[6119],E100000127132,E100000126399
16110,25.0,[6119],E100000128764,E100000128450
16417,99.0,[6119],E100000128449,E100000123261
16058,43.41,[6119],E100000128767,E100000123261
16124,51.0,[6119],E100000126940,E100000126399
16137,33.12,[6119],E100000127061,E100000127705
16162,51.0,[6119],E100000127376,E100000123297
22602,7.39,[74936],E100001011602,E100001000111
16176,15.0,[6119],E100000127816,E100000123261
16252,100.0,[6119],E100000127922,E100000004010
22707,12.0,[75229],E100001011233,E100001011712
16187,99.5,[6119],E100000127930,E100000123261
16239,95.0,[6119],E100000127222,E100000127734
16246,39.84,[6119],E100000129973,E100000129974
16251,25.33,[6119],E100000129676,E100000129974
16184,49.0,[6119],E100000126301,E100000127712
16204,100.0,[6119],E100000127772,E100000123261
16205,0.54,[6119],E100000127260,E100000001753
16146,62.99,[6119],E100000126526,E100000000261
16148,43.05,[6119],E100000128431,E100000123261
22891,100.0,"[76389, 76390]",E100001012096,E100001012097
16186,0.5,[6119],E100000127930,E100000001753
16225,100.0,[6119],E100000126234,E100000127724
16213,51.0,[6119],E100000127073,E100000127723
16203,8.59,[6119],E100000126994,E100000130232
16200,2.26,[6119],E100000126994,E100000001753
16171,97.0,[6119],E100000126367,E100000127709
16181,97.39,[6119],E100000126638,E100000123261
16178,80.0,[6119],E100000127816,E100000128438
17962,4.57,[6119],E100000126140,E100000001753
16233,51.0,[6119],E100000127732,E100000128442
16156,19.32,[6119],E100000127690,E100000128433
16224,51.0,[6119],E100000127230,E100000123839
16168,51.0,[6119],E100000127297,E100000126809
22111,100.0,[11610],E100000133097,E100001000208
16223,22.65,[6119],E100000127230,E100000127728
16185,100.0,[6119],E100000127267,E100000127713
16189,41.0,[6119],E100000126868,E100000127714
16216,100.0,[6119],E100000126258,E100000127725
16159,100.0,[6119],E100000127819,E100000128434
16155,8.21,[6119],E100000128431,E100000128766
16182,100.0,[6119],E100000127711,E100000128439
16242,19.92,[6119],E100000129973,E100000130081
16161,81.7,[6119],E100000128227,E100000128435
16244,9.96,[6119],E100000129973,E100000122885
16245,9.96,[6119],E100000129973,E100000130082
16202,60.55,[6119],E100000126994,E100000123405
5328,20.0,"[6098, 6099]",E100000121008,E100000121239
16230,81.31,[6119],E100000127126,E100000127730
16160,18.3,[6119],E100000128227,E100000123261
23213,,[98129],E100001013395,E100001000539
16208,55.17,[6119],E100000126265,E100000127721
16231,18.69,[6119],E100000127126,E100000127731
16180,2.61,[6119],E100000126638,E100000001753
16191,33.99,[6119],E100000127714,E100000127893
16201,28.6,[6119],E100000126994,E100000123261
16229,100.0,[6119],E100000127937,E100000130272
16157,50.72,[6119],E100000127690,E100000128431
16183,51.0,[6119],E100000126301,E100000127711
16174,58.0,[6119],E100000127594,E100000128436
16192,100.0,[6119],E100000126705,E100000127715
16221,100.0,[6119],E100000126384,E100000127724
5329,20.0,"[6098, 6099]",E100000121008,E100000120611
16218,49.0,[6119],E100000127264,E100000123261
16170,3.0,[6119],E100000126367,E100000001753
16177,5.0,[6119],E100000127816,E100000127812
21716,8.87,[10347],E100000120857,E100001000179
23073,99.99,[80703],E100001013022,E100001013023
22006,7.64,[11370],E100001011053,E100001010887
16220,100.0,[6119],E100000126394,E100000127724
16232,49.0,[6119],E100000127732,E100000123261
16207,44.83,[6119],E100000126265,E100000123261
22483,100.0,"[74424, 74425]",E100000120738,E100001011482
16217,100.0,[6119],E100000126873,E100000127030
16249,5.8,[6119],E100000129676,E100000129975
16248,2.64,[6119],E100000129676,E100000001753
16212,100.0,[6119],E100000127778,E100000123261
16153,8.22,[6119],E100000128431,E100000128765
16196,55.0,[6119],E100000126346,E100000127718
22812,,[75631],E100001011888,E100001011890
16240,100.0,[6119],E100000130061,E100000130150
16243,19.92,[6119],E100000129973,E100000130080
16228,51.0,[6119],E100000127870,E100000128440
16169,49.0,[6119],E100000127297,E100000123810
16158,29.95,[6119],E100000127690,E100000128432
16179,71.74,[6119],E100000126816,E100000127710
16247,100.0,[6119],E100000128354,E100000124434
16206,99.46,[6119],E100000127260,E100000127721
16227,49.0,[6119],E100000127870,E100000128441
16222,26.35,[6119],E100000127230,E100000127727
16163,49.0,[6119],E100000127376,E100000127708
21866,70.0,"[10633, 10634]",E100001010955,E100001000796
16234,49.0,[6119],E100000126183,E100000127733
16215,100.0,[6119],E100000127158,E100000127724
16214,49.0,[6119],E100000127073,E100000123682
16250,66.23,[6119],E100000129676,E100000129973
22352,42.84,[46425],E100000000828,E100001011303
23290,51.0,[98553],E100001013583,E100001013279
16211,100.0,[6119],E100000127936,E100000123261
16226,100.0,[6119],E100000126196,E100000127729
16147,32.53,[6119],E100000126526,E100000127707
16193,100.0,[6119],E100000127716,E100000123261
16238,5.0,[6119],E100000127222,E100000127735
16303,63.19,[6119],E100000127402,E100000122204
22112,99.0,[11612],E100001010492,E100001011126
16296,100.0,[6119],E100000127746,E100000128444
16317,100.0,[6119],E100000127887,E100000130273
16318,0.5,[6119],E100000128165,E100000001753
16267,21.93,[6119],E100000126915,E100000127740
23123,22.24,"[97742, 97743]",E100001013230,E100001013231
16359,100.0,[6119],E100000126204,E100000123840
16304,20.02,[6119],E100000127402,E100000123748
16330,33.99,[6119],E100000127942,E100000128445
22708,5.26,[75229],E100001011233,E100001011713
16332,51.01,[6119],E100000127942,E100000130274
16333,100.0,[6119],E100000127905,E100000128446
16272,100.0,[6119],E100000127947,E100000123261
16334,100.0,[6119],E100000127679,E100000123261
16284,26.0,[6119],E100000126192,E100000127743
16340,100.0,[6119],E100000127758,E100000130275
16288,100.0,[6119],E100000127791,E100000123261
13677,75.0,[6119],E100000129515,E100000129651
16286,23.0,[6119],E100000126192,E100000123843
3847,100.0,"[5451, 75634]",E100000002003,E100001000319
9297,50.0,[6119],E100000123804,E100000124595
16271,100.0,[6119],E100000127902,E100000123261
16312,24.0,[6119],E100000127092,E100000127752
16416,1.0,[6119],E100000128449,E100000001753
16310,26.0,[6119],E100000126801,E100000127750
16351,75.0,[6119],E100000126911,E100000127765
16339,51.0,[6119],E100000126853,E100000127758
16265,39.48,[6119],E100000126915,E100000127739
16287,100.0,[6119],E100000127917,E100000123261
16256,70.0,[6119],E100000126281,E100000127736
16302,16.79,[6119],E100000127402,E100000001753
16315,70.0,[6119],E100000126861,E100000127748
16253,100.0,[6119],E100000126824,E100000123261
16341,2.0,[6119],E100000127000,E100000001753
16259,65.0,[6119],E100000127244,E100000123261
16358,100.0,[6119],E100000128778,E100000123261
16345,9.71,[6119],E100000126194,E100000127714
16266,38.59,[6119],E100000126915,E100001000434
23357,100.0,[98824],E100001013705,E100000132107
16336,40.05,[6119],E100000127316,E100000127758
22353,32.04,[46425],E100000000828,E100001011304
21867,30.0,"[10633, 10634]",E100001010955,E100001000797
16260,35.0,[6119],E100000127244,E100000000261
16344,56.31,[6119],E100000126194,E100000123500
23416,15.43,[99579],E100001013811,E100001013814
16024,100.0,[6119],E100000127682,E100000123261
16280,10.0,[6119],E100000127742,E100000125528
16352,100.0,[6119],E100000127765,E100000123261
16346,7.62,[6119],E100000126194,E100000130234
22216,100.0,[2014],E100001010892,E100001011215
16338,49.0,[6119],E100000126853,E100000127761
16350,25.0,[6119],E100000126911,E100000123261
22484,100.0,"[74598, 74599, 74600]",E100000003017,E100001011496
16297,51.0,[6119],E100000127918,E100000123821
16331,15.0,[6119],E100000127942,E100000130255
16292,17.0,[6119],E100000126950,E100000123261
16257,100.0,[6119],E100000127724,E100000123261
23074,100.0,"[80707, 80708]",E100001013025,E100000131323
22007,7.9,[11372],E100000001034,E100001010887
16295,100.0,[6119],E100000126904,E100000127746
16255,30.0,[6119],E100000126281,E100000127737
16285,51.0,[6119],E100000126192,E100000123500
16274,49.0,[6119],E100000126382,E100000123261
16357,65.0,[6119],E100000127766,E100000122377
16261,60.0,[6119],E100000127129,E100000122322
16281,90.0,[6119],E100000127742,E100000128443
16354,98.74,[6119],E100000128441,E100000128773
16264,100.0,[6119],E100000127734,E100000128385
16290,60.0,[6119],E100000126656,E100000123261
16313,51.0,[6119],E100000127092,E100000127748
16275,51.0,[6119],E100000126382,E100000127742
16263,100.0,[6119],E100000127738,E100000123261
16270,100.0,[6119],E100000127744,E100000123261
16314,30.0,[6119],E100000126861,E100000127753
16282,49.0,[6119],E100000126410,E100000123261
16353,1.26,[6119],E100000128441,E100000001753
16262,40.0,[6119],E100000127129,E100000127738
16283,51.0,[6119],E100000126410,E100000127742
16269,100.0,[6119],E100000127832,E100000123261
16319,99.5,[6119],E100000128165,E100000123261
16347,21.51,[6119],E100000126194,E100000127763
22603,,[74942],E100001010546,E100001011605
22892,,[76419],E100001012099,E100000132374
16355,100.0,[6119],E100000127181,E100000127766
16307,60.0,[6119],E100000126419,E100000127748
16329,100.0,[6119],E100000127687,E100000123261
16311,25.0,[6119],E100000127092,E100000127751
16342,51.0,[6119],E100000127000,E100000127762
16308,40.0,[6119],E100000126419,E100000127749
16279,51.0,[6119],E100000126982,E100000127742
16273,100.0,[6119],E100000127899,E100000123261
22973,,"[77650, 77661]",E100001012452,E100001012453
16356,35.0,[6119],E100000127766,E100000128447
16408,35.0,[6119],E100000127304,E100000127784
16406,10.0,[6119],E100000127304,E100000127785
11583,100.0,[6119],E100000125133,E100000125308
16396,51.0,[6119],E100000126620,E100000127768
16434,100.0,[6119],E100000127010,E100000127791
16371,30.0,[6119],E100000127177,E100000127772
16389,7.0,[6119],E100000126311,E100000124169
16414,90.45,[6119],E100000127907,E100000123261
16451,49.0,[6119],E100000126752,E100000127795
16379,29.71,[6119],E100000127192,E100000123261
16411,98.04,[6119],E100000127751,E100000123261
18415,25.0,[6119],E100000127302,E100000128091
16394,49.0,[6119],E100000126224,E100000127779
16373,22.0,[6119],E100000127177,E100000127773
16363,100.0,[6119],E100000127838,E100000128448
16425,55.0,[6119],E100000126580,E100000123371
16444,40.0,[6119],E100000128052,E100000123261
16427,100.0,[6119],E100000126476,E100000127788
16415,100.0,[6119],E100000128654,E100000123261
16428,100.0,[6119],E100000126998,E100000123500
16407,35.0,[6119],E100000127304,E100000127783
16438,61.0,[6119],E100000127196,E100000127792
16401,100.0,[6119],E100000126924,E100000127781
16370,3.0,[6119],E100000127177,E100000001753
16433,61.67,[6119],E100000127916,E100000123261
16423,51.0,[6119],E100000126716,E100000127721
16421,100.0,[6119],E100000127721,E100000123261
23215,,[98135],E100001013398,E100000132138
16439,39.0,[6119],E100000127196,E100000123699
16430,10.0,[6119],E100000127191,E100000127680
22709,25.38,[108554],E100001000668,E100000000517
22813,,[75642],E100001011894,E100000001624
21574,45.5,"[7867, 7863, 7866]",E100000121052,E100001010772
16393,51.0,[6119],E100000126224,E100000127768
16361,97.04,[6119],E100000126936,E100000127767
16452,51.0,[6119],E100000126752,E100000127794
16375,51.0,[6119],E100000126909,E100000127768
8845,12.25,[6119],E100000123853,E100000123261
16398,51.0,[6119],E100000126884,E100000127349
16453,49.0,[6119],E100000126127,E100000123261
16395,49.0,[6119],E100000126620,E100000123261
16413,9.55,[6119],E100000127907,E100000001753
16429,51.0,[6119],E100000127191,E100000127789
22354,7.83,[46425],E100000000828,E100001011305
16360,2.96,[6119],E100000126936,E100000001753
16367,40.0,[6119],E100000126997,E100000127770
16443,100.0,[6119],E100000127928,E100000123261
18414,24.0,[6119],E100000127302,E100000123261
16424,100.0,[6119],E100000127895,E100000128450
16435,14.29,[6119],E100000127779,E100000123261
16372,45.0,[6119],E100000127177,E100000127768
16458,100.0,[6119],E100000127792,E100000123261
16455,7.28,[6119],E100000127866,E100000001753
16388,13.0,[6119],E100000126311,E100000127778
16402,51.0,[6119],E100000127145,E100000123261
16366,60.0,[6119],E100000126997,E100000127768
22217,100.0,[2014],E100000121452,E100001011215
16465,100.0,[6119],E100000126283,E100000123686
16436,85.71,[6119],E100000127779,E100000128451
16410,1.96,[6119],E100000127751,E100000001753
16387,100.0,[6119],E100000126662,E100000127768
16459,49.0,[6119],E100000126336,E100000127797
23124,100.0,"[97746, 97747, 109151]",E100001013234,E100000132368
23292,,[98560],E100001013587,E100001013588
16442,100.0,[6119],E100000126435,E100000127729
16368,51.0,[6119],E100000126151,E100000127768
16403,49.0,[6119],E100000127145,E100000127782
16386,51.0,[6119],E100000127243,E100000127768
23352,51.0,[98808],E100000121131,E100000131607
16390,80.0,[6119],E100000126311,E100000127768
16397,49.0,[6119],E100000126884,E100000127489
23417,99.2,"[99580, 97911]",E100001013815,E100001013298
16431,39.0,[6119],E100000127191,E100000127790
22113,48.13,[11613],E100001011127,E100001010427
16391,10.0,[6119],E100000127768,E100000125528
16369,49.0,[6119],E100000126151,E100000127771
16419,97.8,[6119],E100000128215,E100000128449
16380,40.57,[6119],E100000127192,E100000127768
22604,6.85,[74943],E100000120829,E100001011606
22485,100.0,[74603],E100000000327,E100001011497
16409,100.0,[6119],E100000127760,E100000123261
16422,49.0,[6119],E100000126716,E100000123261
14441,14.46,[6119],E100000127067,E100000123261
22008,99.99,[2814],E100000004146,E100000002134
16441,51.0,[6119],E100000127140,E100000127729
16418,2.2,[6119],E100000128215,E100000001753
16432,38.33,[6119],E100000127916,E100000001753
16426,45.0,[6119],E100000126580,E100000127787
16365,49.0,[6119],E100000126709,E100000127769
23075,32.73,[80721],E100000130745,E100001013029
16440,49.0,[6119],E100000127140,E100000127793
21868,18.12,[10636],E100001010917,E100001010956
16392,90.0,[6119],E100000127768,E100000130276
16362,100.0,[6119],E100000127767,E100000125308
23358,100.0,[98824],E100001013706,E100000132107
23418,,[97733],E100001013817,E100001000537
22218,100.0,[2014],E100000000668,E100001011215
16522,70.0,[6119],E100000126460,E100000127821
16502,100.0,[6119],E100000126667,E100000126399
16513,1.0,[6119],E100000126108,E100000001753
16503,100.0,[6119],E100000126740,E100000127814
16470,100.0,[6119],E100000127802,E100000123686
16486,9.66,[6119],E100000126221,E100000001753
16506,100.0,[6119],E100000127257,E100000123473
23359,100.0,"[5864, 108350]",E100001013708,E100001000400
16478,2.0,[6119],E100000126827,E100000001753
16520,30.0,[6119],E100000127253,E100000127820
16517,40.0,[6119],E100000127157,E100000127817
16534,100.0,[6119],E100000127814,E100000124438
16482,98.12,[6119],E100000127803,E100000123686
16528,100.0,[6119],E100000127225,E100000127818
22887,,"[76232, 76233, 76234]",E100001012066,E100000131142
21724,12.03,[10348],E100000001830,E100001010860
16480,51.0,[6119],E100000126827,E100000127803
16477,9.8,[6119],E100000127242,E100000127805
16491,100.0,[6119],E100000127925,E100000123261
16536,100.0,[6119],E100000126100,E100000127824
16487,77.34,[6119],E100000126221,E100000127802
16555,24.73,[6119],E100000127827,E100000128456
16500,40.0,[6119],E100000126211,E100000127783
16551,15.0,[6119],E100000127725,E100000123261
16490,100.0,[6119],E100000127776,E100000123261
16535,35.2,[6119],E100000126468,E100000127281
16476,39.2,[6119],E100000127242,E100000127804
21336,10.11,[107419],E100001000649,E100001010595
16494,99.0,[6119],E100000128189,E100000128454
16504,100.0,[6119],E100000126193,E100000127754
16556,45.0,[6119],E100000126797,E100000127828
16530,20.0,[6119],E100000127284,E100000123261
21575,100.0,"[7867, 7863]",E100001010772,E100000001636
16525,30.0,[6119],E100000126278,E100000127823
16510,100.0,[6119],E100000127137,E100000127816
16568,100.0,[6119],E100000127717,E100000128457
16538,75.0,[6119],E100000128361,E100000128777
7470,100.0,[6119],E100000122156,E100000122607
16516,60.0,[6119],E100000127157,E100000123473
16505,100.0,[6119],E100000126167,E100000123473
22710,15.27,[108554],E100001000668,E100001011714
16475,51.0,[6119],E100000127242,E100000127803
16573,1.64,[6119],E100000127745,E100000001753
16493,1.0,[6119],E100000128189,E100000001753
16540,100.0,[6119],E100000127279,E100000127746
16481,1.88,[6119],E100000127803,E100000001753
8027,23.88,[6119],E100000123209,E100000123543
16524,100.0,[6119],E100000126979,E100000123301
16514,19.22,[6119],E100000126108,E100000123261
16509,100.0,[6119],E100000126644,E100000126399
16515,79.78,[6119],E100000126108,E100000123473
16488,13.0,[6119],E100000126221,E100000127809
16471,29.51,[6119],E100000127050,E100000123371
16569,100.0,[6119],E100000127911,E100000130277
16519,70.0,[6119],E100000127253,E100000127819
22114,13.22,[11613],E100001011127,E100001010428
16553,100.0,[6119],E100000127828,E100000123261
21869,6.66,[10636],E100001010917,E100001010957
16496,100.0,[6119],E100000126271,E100000127811
16552,85.0,[6119],E100000127725,E100000128455
16532,100.0,[6119],E100000128774,E100000123261
16469,100.0,[6119],E100000126247,E100000127802
16526,70.0,[6119],E100000126278,E100000127821
23216,55.0,"[98137, 108826]",E100001013399,E100000131832
16828,49.0,[6119],E100000127891,E100000128467
22605,14.16,[74943],E100000120829,E100001011607
10215,100.0,[6119],E100000123067,E100000123970
16539,25.0,[6119],E100000128361,E100000128778
16554,75.27,[6119],E100000127827,E100000123261
16518,100.0,[6119],E100000127180,E100000127818
16571,60.0,[6119],E100000127274,E100000127722
16558,100.0,[6119],E100000127595,E100000123261
16531,80.0,[6119],E100000127284,E100000127777
16527,100.0,[6119],E100000127065,E100000123473
16523,30.0,[6119],E100000126460,E100000127822
16508,100.0,[6119],E100000127036,E100000127815
16495,100.0,[6119],E100000127811,E100000123261
16547,35.0,[6119],E100000127281,E100000127825
16483,100.0,[6119],E100000126105,E100000127806
16507,100.0,[6119],E100000126968,E100000123473
22355,5.92,[46425],E100000000828,E100000000825
16559,100.0,[6119],E100000127823,E100000123261
16567,51.0,[6119],E100000126274,E100000127830
22009,5.23,[108358],E100000000388,E100000000376
16479,47.0,[6119],E100000126827,E100000123261
16474,51.0,[6119],E100000126256,E100000127803
23293,75.4,"[98483, 109640]",E100001013589,E100001013285
23076,20.36,[80721],E100000130745,E100001013030
16521,100.0,[6119],E100000126402,E100000123261
16472,70.49,[6119],E100000127050,E100000123686
22486,10.28,[74606],E100000120724,E100001011498
22975,100.0,[77664],E100000130903,E100001011044
16663,51.0,[6119],E100000126926,E100000123834
23360,51.0,[109786],E100001013713,E100000131448
22487,85.71,[74611],E100000121062,E100000001220
16673,2.81,[6119],E100000127312,E100000001753
16609,51.0,[6119],E100000126844,E100000127840
16601,50.0,[6119],E100000126491,E100000127840
16592,51.0,[6119],E100000126248,E100000123994
16593,49.0,[6119],E100000126248,E100000127837
16678,5.74,[6119],E100000127328,E100000001753
16595,51.0,[6119],E100000126334,E100000123994
23217,,"[98139, 98140]",E100001013401,E100001013402
16631,60.0,[6119],E100000126495,E100000127810
16613,15.01,[6119],E100000127840,E100000128432
16652,25.0,[6119],E100000126134,E100000127675
16653,100.0,[6119],E100000127101,E100000127371
16662,29.42,[6119],E100000126926,E100000127856
16604,50.0,[6119],E100000127236,E100000127839
16665,51.72,[6119],E100000126812,E100000127852
16575,100.0,[6119],E100000127686,E100000123261
16672,100.0,[6119],E100000127212,E100000127312
23126,100.0,[97748],E100001013235,E100000131296
16661,19.58,[6119],E100000126926,E100000123261
16640,99.0,[6119],E100000127754,E100000128459
22814,,"[75652, 75653]",E100001011896,E100001011897
16600,50.0,[6119],E100000126491,E100000127839
16577,97.67,[6119],E100000127762,E100000123261
16637,51.0,[6119],E100000126174,E100000127688
16680,11.39,[6119],E100000127328,E100000127859
16654,100.0,[6119],E100000128464,E100000123834
16650,3.41,[6119],E100000126134,E100000001753
16039,100.0,[6119],E100000126961,E100000123299
16581,51.0,[6119],E100000126422,E100000123994
16594,49.0,[6119],E100000126334,E100000123261
22893,100.0,[76475],E100001012112,E100001012113
16618,49.0,[6119],E100000127298,E100000127844
22888,100.0,[6582],E100000130916,E100001010326
16627,100.0,[6119],E100000127241,E100000127030
16679,82.87,[6119],E100000127328,E100000127371
16626,51.0,[6119],E100000126821,E100000127766
22115,7.41,[11613],E100001011127,E100001011128
23294,75.4,"[98483, 109640]",E100001013590,E100001013285
16667,80.0,[6119],E100000127002,E100000123834
16612,70.99,[6119],E100000127840,E100000123994
21725,5.5,[10349],E100000001830,E100001010861
16590,51.0,[6119],E100000126329,E100000123994
16638,49.0,[6119],E100000126174,E100000127851
22711,14.79,[108554],E100001000668,E100000153079
16629,20.0,[6119],E100000126495,E100000127848
16630,20.0,[6119],E100000126495,E100000127849
16587,80.0,[6119],E100000126737,E100000123994
16591,49.0,[6119],E100000126329,E100000123995
22010,5.15,[108358],E100000000388,E100001000348
22356,100.0,[46444],E100000121423,E100001010053
16585,76.96,[6119],E100000126453,E100000127834
16675,39.38,[6119],E100000127312,E100000123834
16597,51.0,[6119],E100000127166,E100000123994
16621,15.67,[6119],E100000126332,E100000127846
16574,98.36,[6119],E100000127745,E100000123261
16596,49.0,[6119],E100000127166,E100000123819
16611,14.0,[6119],E100000127840,E100000128458
16666,20.0,[6119],E100000127002,E100000123261
16649,100.0,[6119],E100000127856,E100000128464
23077,12.95,[80721],E100000130745,E100001013031
16589,51.0,[6119],E100000126759,E100000123994
16635,90.0,[6119],E100000127850,E100001000434
16617,51.0,[6119],E100000127298,E100000127037
16578,100.0,[6119],E100000128222,E100000123261
16579,100.0,[6119],E100000127812,E100000127784
16614,100.0,[6119],E100000126974,E100000123994
16616,100.0,[6119],E100000127224,E100000123810
15480,100.0,[6119],E100000127204,E100000127592
16605,50.0,[6119],E100000127236,E100000127840
16580,5.82,[6119],E100000127179,E100000123821
16625,49.0,[6119],E100000126821,E100000123261
22976,100.0,"[77669, 77670, 77671]",E100001011044,E100001000095
16586,20.0,[6119],E100000126737,E100000127835
16624,100.0,[6119],E100000126227,E100000127847
16633,100.0,[6119],E100000126999,E100000127850
16648,21.74,[6119],E100000127852,E100000128460
16674,57.81,[6119],E100000127312,E100000127371
16622,15.5,[6119],E100000126332,E100000130235
16599,51.0,[6119],E100000127183,E100000123994
16664,48.28,[6119],E100000126812,E100000127857
16677,60.0,[6119],E100000127310,E100000127371
16588,49.0,[6119],E100000126759,E100000127836
16610,49.0,[6119],E100000126844,E100000127843
21870,6.17,[10636],E100001010917,E100001010958
22219,,[11746],E100001010526,E100000003471
16576,2.33,[6119],E100000127762,E100000001753
16634,10.0,[6119],E100000127850,E100000125528
22606,9.77,[74954],E100000121552,E100001011609
12761,3.84,[6119],E100000122043,E100000001753
16676,40.0,[6119],E100000127310,E100000123261
21576,28.5,"[7866, 7867]",E100000121052,E100001010773
23419,100.0,[99583],E100001013820,E100001000540
16704,51.0,[6119],E100000126870,E100000127870
16707,80.0,[6119],E100000128440,E100001000401
16751,100.0,[6119],E100000126312,E100000001542
16724,12.7,[6119],E100000126499,E100000001753
23127,100.0,"[97749, 97750, 109672]",E100001013237,E100001013238
16703,100.0,[6119],E100000127800,E100000123261
16778,49.0,[6119],E100000126818,E100000127892
16697,51.03,[6119],E100000126843,E100000127866
16758,49.0,[6119],E100000127210,E100000130236
22815,100.0,"[75654, 75655]",E100001011898,E100001011899
16713,51.0,[6119],E100000127364,E100000127674
16763,39.2,[6119],E100000126874,E100000127887
16717,100.0,[6119],E100000126437,E100000126312
23420,100.0,"[99584, 99585]",E100001013822,E100001010346
16691,70.0,[6119],E100000126618,E100000126463
16777,51.0,[6119],E100000126818,E100000127891
16740,100.0,[6119],E100000127849,E100000126312
16682,60.0,[6119],E100000126547,E100000127371
16729,5.0,[6119],E100000127208,E100000127879
16762,9.8,[6119],E100000126874,E100000127761
21726,20.86,[10351],E100000000834,E100000125329
16728,5.0,[6119],E100000127208,E100000127878
16727,90.0,[6119],E100000127208,E100000127693
22894,100.0,[76475],E100001012113,E100001012114
23218,100.0,[98141],E100001013403,E100000137335
16760,30.0,[6119],E100000126122,E100000127885
16742,90.0,[6119],E100000126176,E100000126312
16744,52.0,[6119],E100000127027,E100000127877
16753,51.0,[6119],E100000126371,E100000127877
16748,100.0,[6119],E100000127693,E100000126312
16733,30.0,[6119],E100000126720,E100000123261
16741,10.0,[6119],E100000126176,E100000123261
16709,100.0,[6119],E100000127796,E100001000401
16699,49.0,[6119],E100000126893,E100000123261
16712,10.02,[6119],E100000126758,E100000127872
16705,49.0,[6119],E100000126870,E100000127871
20458,100.0,[6504],E100001010326,E100001000663
16749,100.0,[6119],E100000127801,E100000126312
16687,10.0,[6119],E100000127748,E100000128465
16776,95.0,[6119],E100000126897,E100000127890
23079,,[80729],E100001013032,E100001013035
21871,6.28,[10636],E100001010917,E100001010959
16732,100.0,[6119],E100000127736,E100000126312
16686,90.0,[6119],E100000127748,E100000123834
16723,100.0,[6119],E100000127882,E100000126312
22607,5.66,[74954],E100000121552,E100001011610
16783,51.0,[6119],E100000126657,E100000127880
16764,51.0,[6119],E100000126874,E100000127886
16774,5.0,[6119],E100000127401,E100000127881
16773,5.0,[6119],E100000127401,E100000127879
16765,100.0,[6119],E100000127355,E100000127886
16781,19.0,[6119],E100000126657,E100000127893
16689,90.0,[6119],E100000126493,E100000127861
16701,49.0,[6119],E100000126922,E100000123261
16735,5.0,[6119],E100000126720,E100000127881
16726,51.0,[6119],E100000126499,E100000127877
16718,100.0,[6119],E100000127880,E100000127796
16702,51.0,[6119],E100000126922,E100000127869
16734,65.0,[6119],E100000126720,E100000127693
16736,100.0,[6119],E100000127874,E100000127796
16750,100.0,[6119],E100000128647,E100000126312
16688,10.0,[6119],E100000126493,E100000123261
16771,20.0,[6119],E100000127401,E100000123261
22488,100.0,[74612],E100001010551,E100001011499
16745,100.0,[6119],E100000127877,E100000126312
16696,51.0,[6119],E100000126245,E100000127864
16780,70.0,[6119],E100000126154,E100000126312
16710,4.98,[6119],E100000126758,E100000001753
22712,100.0,[75238],E100001011716,E100001011717
21577,100.0,[7867],E100001010773,E100001010774
22357,100.0,[46448],E100000001829,E100001011308
16754,30.0,[6119],E100000126551,E100000123261
16759,51.0,[6119],E100000127210,E100000127736
14710,24.21,[6119],E100000129238,E100000000156
22977,100.0,"[77732, 77733, 6611]",E100000130762,E100001012481
16716,24.5,[6119],E100000127128,E100000127875
16739,15.0,[6119],E100000126945,E100000127858
16695,49.0,[6119],E100000126245,E100000127865
16700,51.0,[6119],E100000126893,E100000127868
16715,75.5,[6119],E100000127128,E100000127874
22011,5.06,[108358],E100000000388,E100001011055
16725,36.3,[6119],E100000126499,E100000123261
16737,34.0,[6119],E100000126945,E100000123261
16698,48.97,[6119],E100000126843,E100000127867
23078,,[80729],E100001013032,E100001013034
23361,15.0,[109786],E100001013713,E100000131955
16755,70.0,[6119],E100000126551,E100000127849
16782,30.0,[6119],E100000126657,E100000127812
22220,20.25,[11747],E100001010526,E100001011216
16779,30.0,[6119],E100000126154,E100000123261
16787,20.0,[6119],E100000126792,E100000123261
16708,10.0,[6119],E100000128440,E100000123813
6723,38.68,[6119],E100000123473,E100000124438
6721,1.32,[6119],E100000123473,E100000001753
16772,70.0,[6119],E100000127401,E100000127693
16743,48.0,[6119],E100000127027,E100000127429
23080,,[80735],E100001013036,E100001013037
16793,65.0,[6119],E100000126732,E100000127880
22978,40.0,[77736],E100000130715,E100001012482
16843,20.0,[6119],E100000126609,E100000127680
22713,100.0,[75239],E100001011718,E100000002094
23296,50.0,"[98551, 114205]",E100001013582,E100001013592
16892,10.0,[6119],E100000126348,E100000125528
16893,6.96,[6119],E100000126348,E100000123427
16894,5.36,[6119],E100000126348,E100000123821
23362,34.0,[109786],E100001013713,E100000131573
22889,100.0,"[76255, 107713]",E100001012070,E100000130737
16817,51.0,[6119],E100000126268,E100000000261
16818,65.0,[6119],E100000127251,E100000000261
16799,100.0,[6119],E100000127789,E100000126312
16887,51.0,[6119],E100000128926,E100000123261
16885,29.5,[6119],E100000127750,E100000128468
16816,29.19,[6119],E100000126268,E100000127904
21727,6.82,[10351],E100000000834,E100001010862
16868,51.01,[6119],E100000126337,E100000127866
23421,82.25,[99632],E100001013832,E100000131811
16854,96.85,[6119],E100000128468,E100000130313
16833,15.04,[6119],E100000127806,E100000126463
16845,2.0,[6119],E100000128775,E100000001753
16891,39.29,[6119],E100000126348,E100000127914
16848,100.0,[6119],E100000128480,E100000123261
5624,100.0,"[5811, 6268]",E100000120023,E100001000404
16852,49.0,[6119],E100000127012,E100000127910
16859,78.35,[6119],E100000127764,E100000001753
11872,8.0,[6119],E100000125068,E100000125320
16834,64.23,[6119],E100000127806,E100000123686
16851,51.0,[6119],E100000127012,E100000127552
12746,100.0,[6119],E100000125286,E100000125802
21872,5.23,[10636],E100001010917,E100001010960
16815,19.81,[6119],E100000126268,E100000130228
16886,29.5,[6119],E100000127750,E100000128465
16884,8.55,[6119],E100000127750,E100000123261
16869,100.0,[6119],E100000127173,E100000127911
16882,30.0,[6119],E100000126369,E100000127724
16805,51.0,[6119],E100000127375,E100000126492
16883,32.45,[6119],E100000127750,E100000001753
16855,90.0,[6119],E100000128465,E100000128779
16821,35.0,[6119],E100000126504,E100000127906
16840,0.85,[6119],E100000127722,E100000001753
16819,35.0,[6119],E100000127251,E100000127905
16863,10.0,[6119],E100000128781,E100000125528
16841,99.15,[6119],E100000127722,E100000123261
22221,100.0,[11748],E100000003283,E100001011145
16820,65.0,[6119],E100000126504,E100000000261
16865,51.0,[6119],E100000128450,E100000128781
16790,51.0,[6119],E100000126792,E100000127890
16791,10.0,[6119],E100000126792,E100000127894
16835,100.0,[6119],E100000128869,E100000123261
16842,5.0,[6119],E100000126609,E100000127909
16810,60.0,[6119],E100000127303,E100000127693
16823,40.0,[6119],E100000127080,E100000127907
16813,51.0,[6119],E100000126273,E100000000261
16839,100.0,[6119],E100000127799,E100000123261
16789,10.0,[6119],E100000126792,E100000127895
16788,9.0,[6119],E100000126792,E100000127896
23219,100.0,[5864],E100001013407,E100001000400
16890,33.5,[6119],E100000126348,E100000127915
21578,,"[7868, 7869, 7871]",E100000121416,E100001010775
16850,100.0,[6119],E100000128646,E100000130312
23128,100.0,"[97751, 97752]",E100001013239,E100001013240
16853,3.15,[6119],E100000128468,E100000001753
16846,51.0,[6119],E100000128775,E100000128926
16876,75.0,[6119],E100000126964,E100000000261
16847,47.0,[6119],E100000128775,E100000128927
16864,49.0,[6119],E100000128450,E100000128782
16814,49.0,[6119],E100000126273,E100000127903
16809,37.0,[6119],E100000127303,E100000123261
16877,25.0,[6119],E100000126964,E100000127912
19697,70.56,[6119],E100000126906,E100000123371
4184,100.0,"[5780, 6152]",E100001000626,E100001000625
16873,0.9,[6119],E100000127843,E100000001753
16844,75.0,[6119],E100000126609,E100000127676
16822,100.0,[6119],E100001000927,E100001000401
19698,29.44,[6119],E100000126906,E100000123686
16824,60.0,[6119],E100000127080,E100000127796
22489,100.0,[74612],E100001011499,E100001011500
16881,70.0,[6119],E100000126369,E100000126463
16861,100.0,[6119],E100000128782,E100000128781
16862,90.0,[6119],E100000128781,E100000001663
16792,35.0,[6119],E100000126732,E100000127897
16871,51.0,[6119],E100000127810,E100000126312
16856,10.0,[6119],E100000128465,E100000128780
16874,99.1,[6119],E100000127843,E100000123261
16806,100.0,[6119],E100000128219,E100000126312
16804,49.0,[6119],E100000127375,E100000127901
16798,100.0,[6119],E100000128217,E100000126312
22117,100.0,"[5135, 11614]",E100000000984,E100001011130
16870,49.0,[6119],E100000127810,E100000000239
5625,50.0,[11384],E100000120054,E100000120138
16965,0.66,[6119],E100000127906,E100000001753
16921,96.0,[6119],E100000126252,E100000123261
16959,11.0,[6119],E100000127057,E100000127924
23129,100.0,"[97754, 97755]",E100001013241,E100001013242
16933,39.2,[6119],E100000127201,E100000130238
22222,100.0,"[11749, 11750]",E100000003411,E100001011217
16991,29.0,[6119],E100000126977,E100000130241
16905,2.0,[6119],E100000126886,E100000001753
16922,100.0,[6119],E100000127719,E100000123261
16914,100.0,[6119],E100000128448,E100000128784
16935,90.0,[6119],E100000126386,E100000123810
16979,20.0,[6119],E100000127051,E100000127912
16992,20.0,[6119],E100000126977,E100000127926
16908,100.0,[6119],E100000126588,E100000127834
22490,33.0,[74613],E100000120520,E100001001041
16931,51.0,[6119],E100000127201,E100000124211
22359,83.45,[46452],E100000120478,E100000000512
16901,99.0,[6119],E100000128459,E100000128783
16972,90.0,[6119],E100000127715,E100000123261
16953,94.56,[6119],E100000126195,E100000127923
16977,49.0,[6119],E100000127788,E100000127139
16958,4.0,[6119],E100000127057,E100000001753
16906,98.0,[6119],E100000126886,E100000127918
16919,100.0,[6119],E100000126727,E100000123838
16932,9.8,[6119],E100000127201,E100000130239
21996,100.0,"[11344, 11345]",E100000132452,E100000001147
23363,100.0,"[98837, 98838]",E100001013714,E100000131977
16976,51.0,[6119],E100000127788,E100000126332
16960,8.0,[6119],E100000127057,E100000127925
16907,100.0,[6119],E100000126375,E100000127834
22979,18.5,[77736],E100000130715,E100001012484
16898,100.0,[6119],E100000127680,E100000130278
21873,90.0,"[10637, 10638]",E100000132714,E100000120307
16994,51.0,[6119],E100000126960,E100000127927
16938,100.0,[6119],E100000127749,E100000123261
16904,86.19,[6119],E100000127728,E100000123821
16957,49.0,[6119],E100000127729,E100000123995
16975,97.5,[6119],E100000127159,E100000123686
16973,10.0,[6119],E100000127715,E100000127707
16981,40.0,[6119],E100000126919,E100000126237
11707,100.0,[6119],E100000123227,E100000123167
16995,51.0,[6119],E100000127039,E100000127927
154,100.0,"[2831, 75241]",E100000001698,E100000000095
16983,95.93,[6119],E100000126237,E100000130240
16937,51.2,[6119],E100000127818,E100000123261
16967,100.0,[6119],E100000127676,E100000123261
16944,1.67,[6119],E100000127769,E100000001753
16978,80.0,[6119],E100000127051,E100000123261
16947,55.0,[6119],E100000127585,E100000128472
22817,,"[6980, 75662]",E100001011902,E100000001262
16963,100.0,[6119],E100000128221,E100000123261
16982,4.07,[6119],E100000126237,E100000001753
16988,25.0,[6119],E100000126189,E100000127912
16966,99.34,[6119],E100000127906,E100000123261
16974,2.5,[6119],E100000127159,E100000001753
16928,100.0,[6119],E100000126215,E100000124211
21579,100.0,[7870],E100001010775,E100001010776
16945,98.33,[6119],E100000127769,E100000123261
16930,100.0,[6119],E100000126490,E100000124211
22954,100.0,"[77456, 77458, 77461]",E100001012389,E100001000479
22609,,[74963],E100001000009,E100000132519
16990,51.0,[6119],E100000126977,E100000127927
16936,28.8,[6119],E100000127818,E100000001753
23297,26.0,"[98551, 114205]",E100001013582,E100001013593
21848,69.53,"[10590, 10591]",E100000121159,E100001000534
23422,5.0,[99632],E100001013832,E100001013833
16899,100.0,[6119],E100000127763,E100000126312
16903,13.81,[6119],E100000127728,E100000123261
16984,51.0,[6119],E100000126478,E100000126781
16962,100.0,[6119],E100000127815,E100000123261
16950,100.0,[6119],E100000126222,E100000127923
6559,100.0,[6119],E100000121646,E100000000173
16952,5.44,[6119],E100000126195,E100000001753
16989,75.0,[6119],E100000126189,E100000127926
16939,0.48,[6119],E100000128471,E100000001753
16897,65.0,[6119],E100000126226,E100000126348
16996,49.0,[6119],E100000127039,E100000130242
16955,100.0,[6119],E100000126144,E100000127729
16986,24.0,[6119],E100000126478,E100000127672
16971,100.0,[6119],E100000126829,E100000123261
16915,100.0,[6119],E100000127821,E100000124535
21728,6.82,[10351],E100000000834,E100001000348
16940,99.52,[6119],E100000128471,E100000123261
16956,51.0,[6119],E100000127729,E100000128473
12668,1.6,[6119],E100000123197,E100000001753
12669,8.93,[6119],E100000123197,E100000124341
16920,4.0,[6119],E100000126252,E100000001753
16954,100.0,[6119],E100000128226,E100000123261
16934,10.0,[6119],E100000126386,E100000127922
16980,60.0,[6119],E100000126919,E100000123261
16993,49.0,[6119],E100000126960,E100000127928
16964,100.0,[6119],E100000130150,E100000125528
16917,70.0,[6119],E100000127211,E100000126463
23220,100.0,[98147],E100001013409,E100000000476
23081,,[80735],E100001013036,E100001013038
17082,56.94,[6119],E100000126966,E100000127942
17065,9.38,[6119],E100000127228,E100000130253
17008,100.0,[6119],E100000128271,E100000128475
17098,21.62,[6119],E100000126832,E100000127944
22818,5.8,[75665],E100001000641,E100001010596
22223,100.0,"[11751, 11752]",E100001011218,E100001011219
17087,60.0,[6119],E100000127143,E100000123813
17105,100.0,[6119],E100000126984,E100000125099
16849,100.0,[6119],E100000127699,E100000123261
17023,51.0,[6119],E100000127144,E100000127798
17049,27.54,[6119],E100000126803,E100000127809
17048,18.89,[6119],E100000126803,E100000127934
17047,2.57,[6119],E100000126803,E100000001753
17027,51.0,[6119],E100000127388,E100000127798
17014,15.19,[6119],E100000126912,E100000127932
17083,40.0,[6119],E100000126966,E100000130255
17081,3.06,[6119],E100000126966,E100000001753
17070,51.0,[6119],E100000127150,E100000126609
2927,18.76,"[2407, 11389]",E100000003742,E100000001753
17097,13.07,[6119],E100000126832,E100000127945
17096,7.86,[6119],E100000126832,E100000127946
17094,6.42,[6119],E100000126832,E100000001753
17107,100.0,[6119],E100000126461,E100000125099
17012,14.54,[6119],E100000126912,E100000127809
17093,51.0,[6119],E100000126359,E100000126832
23082,100.0,"[80721, 80741]",E100001013039,E100000130745
21729,5.62,[10351],E100000000834,E100001000089
17003,49.0,[6119],E100000126208,E100000123261
3636,42.0,"[5274, 11615]",E100001000212,E100000000781
17053,40.06,[6119],E100000126163,E100000123822
17106,100.0,[6119],E100000126459,E100000125099
21580,100.0,[7870],E100001010776,E100000000649
17002,100.0,[6119],E100000127200,E100000127929
17090,30.0,[6119],E100000126537,E100000123374
22610,100.0,"[74966, 74967]",E100000120372,E100001000318
22980,5.0,[77736],E100000130715,E100001000730
17025,9.8,[6119],E100000127388,E100000130247
17024,2.47,[6119],E100000127388,E100000001753
17088,51.0,[6119],E100000126537,E100000000261
17064,5.61,[6119],E100000127228,E100000130254
17061,2.89,[6119],E100000127228,E100000001753
23364,100.0,"[98100, 98840, 98841]",E100001013715,E100000131400
17092,39.0,[6119],E100000126359,E100000127679
23130,100.0,"[97754, 97756]",E100001013242,E100000004244
17072,24.0,[6119],E100000127150,E100000127939
17059,51.0,[6119],E100000127102,E100000123822
17066,100.0,[6119],E100000126345,E100000123371
23298,9.74,"[98551, 114205]",E100001013582,E100000000934
17060,49.0,[6119],E100000127102,E100000130252
22360,84.78,[46457],E100000000471,E100000131005
17063,31.12,[6119],E100000127228,E100000127938
17075,40.0,[6119],E100000127940,E100000128476
17019,8.45,[6119],E100000126267,E100000127932
17015,8.05,[6119],E100000126267,E100000127802
17076,84.0,[6119],E100000126866,E100000127940
17084,66.7,[6119],E100000127820,E100000128479
2046,100.0,"[2849, 2850, 75246]",E100000004255,E100000001082
17017,11.58,[6119],E100000126267,E100000127809
17086,40.0,[6119],E100000127143,E100000127700
17050,51.0,[6119],E100000126803,E100000127798
17077,16.0,[6119],E100000126866,E100000127941
17040,6.86,[6119],E100000127327,E100000130249
17067,49.0,[6119],E100000126277,E100000123261
17100,28.0,[6119],E100000126393,E100000127680
3637,18.0,"[5274, 11615]",E100001000212,E100000001558
17016,17.26,[6119],E100000126267,E100000130244
17026,36.73,[6119],E100000127388,E100000130246
17091,10.0,[6119],E100000126359,E100000127943
17068,51.0,[6119],E100000126277,E100000127677
21874,100.0,[10638],E100000120307,E100000000654
17099,15.0,[6119],E100000126393,E100000127947
17006,51.0,[6119],E100000126203,E100000127674
10641,87.37,[6119],E100000123179,E100000124040
17052,39.0,[6119],E100000126163,E100000127761
17055,70.0,[6119],E100000126178,E100000123261
17004,51.0,[6119],E100000126208,E100000127929
10640,12.63,[6119],E100000123179,E100000123261
17095,51.03,[6119],E100000126832,E100000123261
17056,30.0,[6119],E100000126178,E100000127936
23221,,"[2078, 98150, 2131]",E100001013413,E100000001322
17071,18.0,[6119],E100000127150,E100000127675
17069,7.0,[6119],E100000127150,E100000127909
21462,29.45,"[7195, 7721, 11389]",E100000003742,E100000001483
17039,0.84,[6119],E100000127327,E100000001753
17009,12.32,[6119],E100000128475,E100000001753
17104,100.0,[6119],E100000127103,E100000125099
17101,57.0,[6119],E100000126393,E100000127672
17007,49.0,[6119],E100000126203,E100000127930
23423,100.0,[99645],E100001013836,E100001000539
17074,30.0,[6119],E100000127940,E100000128477
17013,61.32,[6119],E100000126912,E100000127931
17073,30.0,[6119],E100000127940,E100000128478
17156,1.0,[6119],E100000127116,E100000001753
17189,100.0,[6119],E100000128141,E100000123261
17149,51.0,[6119],E100000126902,E100000127952
17132,70.0,[6119],E100000129197,E100000129774
17172,99.88,[6119],E100000130083,E100000129050
17155,99.67,[6119],E100000129775,E100000123261
17124,100.0,[6119],E100000129113,E100000124598
17137,45.71,[6119],E100000127903,E100000123261
17142,87.5,[6119],E100000127833,E100000128480
17162,90.0,[6119],E100000126487,E100000127958
17175,68.19,[6119],E100000130014,E100000130083
17166,100.0,[6119],E100000129309,E100000129710
17136,98.0,[6119],E100000127581,E100000130279
21730,15.7,[10356],E100000120465,E100001010863
17183,100.0,[6119],E100000130098,E100000123261
17201,100.0,[6119],E100000128142,E100000123261
17204,22.22,[6119],E100000128486,E100000128785
17116,2.5,[6119],E100000129597,E100000001753
17176,100.0,[6119],E100000129859,E100000123261
17200,100.0,[6119],E100000127213,E100000127965
17110,51.0,[6119],E100000126205,E100000125099
17167,60.0,[6119],E100000126199,E100000127476
17197,68.8,[6119],E100000127964,E100000127966
22714,,[75249],E100001011721,E100001000208
18069,30.0,[6119],E100000126826,E100000128054
17126,100.0,[6119],E100000128415,E100000123261
23131,100.0,[97812],E100001013245,E100001013246
17160,100.0,[6119],E100000128188,E100000123261
17194,25.62,[6119],E100000126182,E100000127960
17131,30.0,[6119],E100000129197,E100000123261
17177,100.0,[6119],E100000128966,E100000123261
17202,100.0,[6119],E100000128786,E100000123261
17199,100.0,[6119],E100000126698,E100000127964
17153,33.33,[6119],E100000129323,E100000129775
17209,12.75,[6119],E100000129981,E100000130085
22981,100.0,"[77738, 77739, 77740, 107819]",E100000002006,E100001000279
17120,100.0,[6119],E100000126595,E100000127949
17213,45.0,[6119],E100000129981,E100000124960
17174,14.3,[6119],E100000130014,E100000130084
17111,49.0,[6119],E100000126205,E100000127703
22118,48.99,"[11616, 11618]",E100000120598,E100001011131
17147,12.0,[6119],E100000128077,E100000123261
17117,97.5,[6119],E100000129597,E100000123261
17215,100.0,[6119],E100000128785,E100000123261
17135,2.0,[6119],E100000127581,E100000001753
17193,23.33,[6119],E100000126182,E100000127961
17212,19.33,[6119],E100000129981,E100000125332
17169,40.0,[6119],E100000127959,E100000128483
17152,66.67,[6119],E100000129323,E100000123261
17182,20.0,[6119],E100000129653,E100000129978
17150,29.0,[6119],E100000126902,E100000127953
17115,70.0,[6119],E100000127220,E100000123845
17123,100.0,[6119],E100000130080,E100000130151
17210,12.25,[6119],E100000129981,E100000123404
17211,6.67,[6119],E100000129981,E100000130086
17206,9.0,[6119],E100000129798,E100000129980
17178,100.0,[6119],E100000127560,E100000123261
17208,4.0,[6119],E100000129981,E100000001753
17181,80.0,[6119],E100000129653,E100000129977
17180,100.0,[6119],E100000129826,E100000129976
17134,90.0,[6119],E100000127892,E100000127722
17157,99.0,[6119],E100000127116,E100000127955
22361,50.0,[46462],E100001001404,E100001001341
17143,12.5,[6119],E100000127833,E100000130284
17179,100.0,[6119],E100000129571,E100000129776
17154,0.33,[6119],E100000129775,E100000001753
22492,9.51,[74613],E100000120520,E100001011502
17128,100.0,[6119],E100000129414,E100001000064
17148,48.3,[6119],E100000128077,E100000128482
22224,100.0,[11753],E100000002919,E100001000090
21875,10.0,[10637],E100000132714,E100001010961
17186,70.0,[6119],E100000127165,E100000123219
17195,23.32,[6119],E100000126182,E100000127962
17196,22.96,[6119],E100000126182,E100000127963
17192,4.77,[6119],E100000126182,E100000001753
21581,,"[7868, 7869, 7871]",E100000121416,E100000001533
17214,100.0,[6119],E100000129793,E100000129981
17145,100.0,[6119],E100000127459,E100000128481
22897,100.0,[76567],E100001010362,E100001011734
17146,39.7,[6119],E100000128077,E100000001753
17165,100.0,[6119],E100000129452,E100000129643
17133,10.0,[6119],E100000127892,E100000123261
17170,60.0,[6119],E100000127959,E100000000230
17122,100.0,[6119],E100000127777,E100000127476
22611,100.0,"[74972, 74973]",E100000000362,E100001011616
17114,30.0,[6119],E100000127220,E100000123653
17207,81.0,[6119],E100000129798,E100000125350
17125,100.0,[6119],E100000127757,E100000123261
17173,69.44,[6119],E100000128991,E100000129050
17144,100.0,[6119],E100000127858,E100000130285
17184,100.0,[6119],E100000127502,E100000123855
17205,10.0,[6119],E100000129798,E100000123261
22819,8.5,[75667],E100001000641,E100001000348
23083,,[80756],E100001013042,E100001013043
17127,100.0,[6119],E100000126996,E100000127587
17161,10.0,[6119],E100000126487,E100000123261
17168,40.0,[6119],E100000126199,E100000127959
17229,100.0,[6119],E100000127973,E100000123261
17247,100.0,[6119],E100000129252,E100000129693
17228,32.79,[6119],E100000126881,E100000127968
17275,45.0,[6119],E100000129280,E100000129782
17218,90.0,[6119],E100000129979,E100000124626
17291,51.0,[6119],E100000129288,E100000129785
17318,45.0,[6119],E100000126530,E100000127980
17261,100.0,[6119],E100000129785,E100000129984
17216,90.0,[6119],E100000127962,E100000124626
17290,49.0,[6119],E100000129288,E100000129707
17231,51.0,[6119],E100000129268,E100000129777
17308,100.0,[6119],E100000128656,E100000123261
21876,100.0,[10639],E100001010961,E100000000648
17260,100.0,[6119],E100000127035,E100000121853
17243,90.0,[6119],E100000129983,E100000000201
17314,50.0,[6119],E100000127038,E100000123261
17223,1.0,[6119],E100000128615,E100000001753
17288,100.0,[6119],E100000129867,E100000123261
22493,9.9,[74613],E100000120520,E100001011503
17255,100.0,[6119],E100000129257,E100000129693
17254,100.0,[6119],E100000129255,E100000129693
17217,10.0,[6119],E100000127962,E100000125520
7990,17.15,[6119],E100000123181,E100000123535
17313,20.0,[6119],E100000126214,E100000127977
17252,86.81,[6119],E100000129693,E100000129982
17279,100.0,[6119],E100000127358,E100000123261
17302,100.0,[6119],E100000126380,E100000124504
17256,10.0,[6119],E100000128487,E100000128786
17309,87.5,[6119],E100000127076,E100000123261
17245,20.0,[6119],E100000127547,E100000128487
17276,100.0,[6119],E100000129281,E100000129784
17264,100.0,"[6119, 107541]",E100000127970,E100000125571
17240,100.0,[6119],E100000128986,E100000129051
17268,30.0,[6119],E100000129279,E100000129781
17269,100.0,[6119],E100000130088,E100000130400
17296,100.0,[6119],E100000127671,E100000123261
17262,100.0,[6119],E100000129984,E100000125571
17232,15.0,[6119],E100000129268,E100000129779
17225,100.0,[6119],E100000127787,E100000123261
17319,100.0,[6119],E100000127377,E100000123261
17230,34.0,[6119],E100000129268,E100000129778
17307,100.0,[6119],E100000127704,E100000125346
17257,90.0,[6119],E100000128487,E100000128486
17250,3.19,[6119],E100000129693,E100000001753
17312,98.0,[6119],E100000128247,E100000123261
7989,18.71,[6119],E100000123181,E100000123261
22225,86.74,[11754],E100001010524,E100001011221
17320,100.0,[6119],E100000128488,E100000123261
17300,100.0,[6119],E100000126831,E100000123261
17259,100.0,[6119],E100000129783,E100000129782
17322,11.77,[6119],E100000128257,E100000125114
17266,15.0,[6119],E100000129287,E100000129780
17227,53.27,[6119],E100000126881,E100000127967
17273,10.0,[6119],E100000129782,E100000129986
17274,15.0,[6119],E100000129280,E100000129783
17317,55.0,[6119],E100000126530,E100000127979
17304,100.0,[6119],E100000129786,E100000130376
17301,100.0,[6119],E100000127099,E100000122537
17220,5.0,[6119],E100000126242,E100000127964
17310,12.5,[6119],E100000127076,E100000127976
17248,100.0,[6119],E100000129261,E100000129693
22119,51.0,"[11617, 11619]",E100000120598,E100000001029
17270,35.0,[6119],E100000126407,E100000123261
17311,2.0,[6119],E100000128247,E100000001753
17267,100.0,[6119],E100000129781,E100000129985
21731,10.5,[10356],E100000120465,E100001010864
17321,100.0,[6119],E100000127342,E100000123261
17287,100.0,[6119],E100000127052,E100000123261
21582,30.06,[7872],E100000000832,E100001010777
17280,100.0,[6119],E100000127026,E100000127973
17298,0.36,[6119],E100000126292,E100000001753
17221,95.0,[6119],E100000126242,E100000127966
17305,100.0,[6119],E100000129449,E100000129787
17253,5.0,[6119],E100000129693,E100000000251
17315,50.0,[6119],E100000127038,E100000127978
17297,100.0,[6119],E100000127665,E100000123261
22362,50.0,[46462],E100001001404,E100000001196
17226,13.94,[6119],E100000126881,E100000123261
22612,13.6,[74974],E100000120749,E100001000178
17219,10.0,[6119],E100000129979,E100000125520
17244,80.0,[6119],E100000127547,E100000128486
17265,100.0,[6119],E100000129985,E100000130088
17277,100.0,[6119],E100000129999,E100000130385
17293,99.0,[6119],E100000127972,E100000123261
17294,100.0,[6119],E100000126255,E100000127974
17246,100.0,[6119],E100000129982,E100000123877
17224,99.0,[6119],E100000128615,E100000123261
17278,100.0,[6119],E100000126562,E100000123903
17242,10.0,[6119],E100000129983,E100000130087
22715,100.0,[75251],E100001011722,E100001011723
7988,4.11,[6119],E100000123181,E100000001753
17272,50.0,[6119],E100000126407,E100000127971
17281,100.0,[6119],E100000129876,E100000129791
17222,100.0,[6119],E100000129272,E100000123858
17299,99.64,[6119],E100000126292,E100000123261
17249,100.0,[6119],E100000129270,E100000129693
17282,100.0,[6119],E100000129784,E100000129707
17397,1.43,[6119],E100000126452,E100000001753
23299,5.0,"[98551, 114205]",E100001013582,E100001013594
17323,40.25,[6119],E100000128257,E100000128488
17393,1.21,[6119],E100000126916,E100000001753
17414,28.47,[6119],E100000127781,E100000123261
17333,22.0,[6119],E100000128258,E100000123261
17419,100.0,[6119],E100000128993,E100000129053
17383,49.93,[6119],E100000128054,E100000128494
22226,100.0,[11754],E100001011221,E100001011222
21877,60.8,[10640],E100000132936,E100000132867
17368,99.0,[6119],E100000129946,E100000130089
17366,84.17,[6119],E100000129167,E100000129178
22982,,"[77779, 77780, 77781]",E100000131008,E100001012487
17403,35.6,[6119],E100000129933,E100000123243
17367,1.0,[6119],E100000129946,E100000001753
17361,30.0,[6119],E100000127379,E100000121932
17351,100.0,[6119],E100000127424,E100000128492
17399,50.0,[6119],E100000127289,E100000123439
17371,100.0,[6119],E100000129987,E100000130090
17359,34.0,[6119],E100000127379,E100000000181
17332,78.0,[6119],E100000128258,E100000001753
17396,100.0,[6119],E100000129637,E100000122229
17386,38.0,[6119],E100000126489,E100000122410
17428,100.0,[6119],E100000129258,E100000129713
17324,20.24,[6119],E100000128257,E100000124968
17381,100.0,[6119],E100000128818,E100000123261
17407,7.4,[6119],E100000128291,E100000001753
17349,100.0,[6119],E100000127058,E100000126936
17353,100.0,[6119],E100000128928,E100000130352
17379,75.0,[6119],E100000126981,E100000122410
17384,50.07,[6119],E100000128054,E100000128493
17426,100.0,[6119],E100000128931,E100000129054
17338,100.0,[6119],E100000127981,E100000128491
17369,100.0,[6119],E100000130090,E100000130401
17425,100.0,[6119],E100000128932,E100000123261
17415,100.0,[6119],E100000128755,E100000123261
22120,,"[11620, 11621]",E100000003101,E100001000342
17389,100.0,[6119],E100000129633,E100001000149
22613,8.1,[74974],E100000120749,E100001000179
17343,50.0,[6119],E100000127299,E100000122685
17325,13.99,[6119],E100000128257,E100000128489
17326,7.04,[6119],E100000128257,E100000127977
17327,6.71,[6119],E100000128257,E100000124317
17376,82.06,[6119],E100000127986,E100000123261
21583,10.39,[7872],E100000000832,E100000000824
23084,75.0,[108297],E100001013044,E100001013045
17398,98.57,[6119],E100000126452,E100000123261
17328,100.0,[6119],E100000126518,E100000124968
17413,100.0,[6119],E100000128789,E100000130338
17429,15.0,[6119],E100000128814,E100000123261
17387,85.0,[6119],E100000126223,E100000122320
17408,92.6,[6119],E100000128291,E100000123261
17357,24.0,[6119],E100000124483,E100000126327
17345,100.0,[6119],E100000127618,E100000125121
22495,8.6,[74613],E100000120520,E100001011504
17336,100.0,[6119],E100000127976,E100000125120
17330,100.0,[6119],E100000126859,E100000123261
17350,100.0,[6119],E100000126895,E100000126936
22898,100.0,[76575],E100001012133,E100001000605
17334,100.0,[6119],E100000127198,E100000125120
17340,5.0,[6119],E100000128491,E100000128788
17405,19.61,[6119],E100000129933,E100000130092
17402,8.32,[6119],E100000129933,E100000001753
17406,6.47,[6119],E100000129933,E100000130093
17364,85.72,[6119],E100000126529,E100000127985
22821,,"[75697, 75698, 75699]",E100001011912,E100000000556
17427,100.0,[6119],E100000128933,E100000123261
17424,99.0,[6119],E100000128934,E100000123261
23132,90.0,[97814],E100001013247,E100001013248
17373,98.0,[6119],E100000128816,E100000123261
17362,1.28,[6119],E100000126529,E100000001753
21732,7.52,[10359],E100000120125,E100001010865
17388,14.93,[6119],E100000126223,E100000127987
17411,100.0,[6119],E100000129243,E100000123874
17370,100.0,[6119],E100000129690,E100000129987
17412,100.0,[6119],E100000128443,E100000128789
17344,50.0,[6119],E100000127299,E100000127618
22890,100.0,[107708],E100001012078,E100001012079
17365,15.83,[6119],E100000129167,E100000129179
17372,2.0,[6119],E100000128816,E100000001753
17337,100.0,[6119],E100000126181,E100000127981
22716,100.0,[75251],E100001011723,E100001011724
17346,100.0,[6119],E100000126879,E100000123261
17423,1.0,[6119],E100000128934,E100000001753
17363,13.01,[6119],E100000126529,E100000125036
17409,100.0,[6119],E100000129475,E100000129485
17395,100.0,[6119],E100000127988,E100000123261
17360,36.0,[6119],E100000127379,E100000124069
17341,12.88,[6119],E100000126925,E100000127983
23644,70.0,[101773],E100001014345,E100001014346
17331,100.0,[6119],E100000127770,E100000128490
17404,30.0,[6119],E100000129933,E100000130091
17339,95.0,[6119],E100000128491,E100000128787
17394,98.79,[6119],E100000126916,E100000123261
17335,100.0,[6119],E100000126858,E100000125120
23222,100.0,"[98152, 98153, 98154]",E100001013418,E100000132107
23601,100.0,[101559],E100001014285,E100001014286
22496,100.0,[74617],E100000001708,E100001011507
17463,100.0,[6119],E100000128853,E100000128935
17435,100.0,[6119],E100000129615,E100000129788
17508,13.53,[6119],E100000129581,E100000001753
17493,97.99,[6119],E100000129397,E100000129719
17441,8.0,[6119],E100000128791,E100000125537
17431,20.0,[6119],E100000128814,E100000128932
17433,20.0,[6119],E100000128814,E100000128933
17515,35.14,[6119],E100000126713,E100000128000
17511,100.0,[6119],E100000126436,E100000127999
17472,100.0,[6119],E100000128670,E100000125400
17499,100.0,[6119],E100000130111,E100000123261
17466,18.0,[6119],E100000128608,E100000123261
17501,4.0,[6119],E100000128537,E100000001753
17439,5.0,[6119],E100000127197,E100000127992
17457,100.0,[6119],E100000126686,E100000123261
17436,3.27,[6119],E100000127197,E100000001753
17486,49.0,[6119],E100000126115,E100000127966
17465,2.0,[6119],E100000128608,E100000001753
7682,20.0,[6119],E100000003253,E100000000171
17535,45.96,[6119],E100000126411,E100000123362
17520,49.0,[6119],E100000126600,E100000128002
22983,,"[77779, 77780, 77781]",E100000131008,E100000000675
17456,100.0,[6119],E100000126323,E100000125134
17442,92.0,[6119],E100000128791,E100000130339
17504,4.99,[6119],E100000128794,E100000001753
17491,9.09,[6119],E100000129792,E100000123261
17503,60.0,[6119],E100000128537,E100000128544
17430,5.0,[6119],E100000128814,E100000128934
22015,73.41,[11414],E100000002087,E100001011056
17514,64.86,[6119],E100000126713,E100000123298
21878,33.5,[10640],E100000132936,E100000000654
17468,5.0,[6119],E100000128607,E100000001753
17444,100.0,[6119],E100000129601,E100000129789
17452,100.0,[6119],E100000128495,E100000130314
17498,99.75,[6119],E100000128748,E100000123261
17451,100.0,[6119],E100000127566,E100000128495
17521,51.0,[6119],E100000126600,E100000128001
17496,40.37,[6119],E100000129398,E100000129792
17507,100.0,[6119],E100000128936,E100000129055
17453,100.0,[6119],E100000126361,E100000123261
17477,4.49,[6119],E100000127998,E100000001753
17480,100.0,[6119],E100000127059,E100000127998
23133,10.0,[97814],E100001013247,E100000121188
17490,28.38,[6119],E100000129035,E100000129120
2662,10.0,"[2718, 2719]",E100000004151,E100000000467
17506,28.5,[6119],E100000128794,E100000128937
17448,100.0,[6119],E100000126285,E100000122255
17529,100.0,[6119],E100000127246,E100000128005
17528,100.0,[6119],E100000127185,E100000126564
22899,12.33,[76578],E100001012134,E100001012135
17455,100.0,[6119],E100000126962,E100000123261
17479,25.23,[6119],E100000127998,E100000128497
17487,100.0,[6119],E100000129685,E100000123261
17484,100.0,[6119],E100000126957,E100000123933
17509,86.47,[6119],E100000129581,E100000124346
17461,99.0,[6119],E100000127995,E100000128496
22121,20.0,[11622],E100001010472,E100001000165
17525,100.0,[6119],E100000128000,E100000123261
17505,66.51,[6119],E100000128794,E100000128936
17432,40.0,[6119],E100000128814,E100000128931
17462,100.0,[6119],E100000126360,E100000127995
17470,1.96,[6119],E100000129170,E100000001753
17434,25.0,[6119],E100000128463,E100000128790
17467,80.0,[6119],E100000128608,E100000128792
22614,7.0,[74974],E100000120749,E100001011617
17473,100.0,[6119],E100000129103,E100000129155
17533,100.0,[6119],E100000126898,E100000128006
17494,1.67,[6119],E100000129398,E100000001753
17459,100.0,[6119],E100000129478,E100000129791
21733,6.89,[10359],E100000120125,E100001010866
17447,100.0,[6119],E100000129444,E100000129790
17458,100.0,[6119],E100000126296,E100000124529
17437,37.02,[6119],E100000127197,E100000127991
17534,100.0,[6119],E100000128006,E100000124167
17513,100.0,[6119],E100000128503,E100000123261
17492,2.01,[6119],E100000129397,E100000001753
17497,0.25,[6119],E100000128748,E100000001753
17476,49.0,[6119],E100000126948,E100000127997
17512,100.0,[6119],E100000127460,E100000123331
17522,100.0,[6119],E100000126428,E100000128003
13448,100.0,[6437],E100001010215,E100000001015
22364,,[46503],E100001011310,E100001011311
17440,100.0,[6119],E100000128378,E100000128791
17443,100.0,[6119],E100000127842,E100000123261
17449,25.0,[6119],E100000126963,E100000127993
17464,100.0,[6119],E100000129915,E100000130094
17475,51.0,[6119],E100000126948,E100000127996
17438,9.53,[6119],E100000127197,E100000130256
17502,36.0,[6119],E100000128537,E100000123261
17450,100.0,[6119],E100000126365,E100000127994
17519,100.0,[6119],E100000127348,E100000123261
17488,100.0,[6119],E100000126362,E100000123261
17474,100.0,[6119],E100000127996,E100000122322
17471,98.04,[6119],E100000129170,E100000123261
17478,70.28,[6119],E100000127998,E100000123261
22717,100.0,[75253],E100001011726,E100001011727
17495,57.97,[6119],E100000129398,E100000123261
17587,100.0,[6119],E100000127362,E100000123261
17599,97.78,[6119],E100000126287,E100000123261
23223,,[98155],E100001013419,E100001013420
17565,30.0,[6119],E100000128210,E100000128512
22365,,[46503],E100001011310,E100001011312
17640,100.0,[6119],E100000128518,E100000123261
17541,53.93,[6119],E100000127261,E100000123074
17635,51.0,[6119],E100000126560,E100000123371
21198,10.55,"[8033, 108466]",E100000001471,E100001010442
17562,55.0,[6119],E100000127993,E100000128508
17554,100.0,[6119],E100000126744,E100000123056
17595,100.0,[6119],E100000128612,E100000128794
17591,2.0,[6119],E100000128301,E100000001753
17576,50.0,[6119],E100000127309,E100000123405
17613,100.0,[6119],E100000126377,E100000123983
22718,,[75255],E100001011728,E100001011729
17542,5.0,[6119],E100000127261,E100000123121
17581,10.0,[6119],E100000126567,E100000123349
17624,0.12,[6119],E100000125023,E100000001753
17600,80.0,[6119],E100000129467,E100000129692
17594,100.0,[6119],E100000129328,E100000129638
17570,31.85,[6119],E100000127256,E100000001753
17559,16.56,[6119],E100000127554,E100000128505
17560,9.34,[6119],E100000127554,E100000128506
17573,90.0,[6119],E100000128513,E100000125498
17631,15.73,[6119],E100000128517,E100000128804
17592,8.0,[6119],E100000128301,E100000123261
17602,10.0,[6119],E100000129467,E100000000294
17556,6.7,[6119],E100000127554,E100000128507
17569,100.0,[6119],E100000128505,E100000123261
17578,49.0,[6119],E100000127975,E100000128514
17546,30.0,[6119],E100000128231,E100000128503
17555,4.32,[6119],E100000127554,E100000001753
17579,51.0,[6119],E100000127975,E100000128513
22984,,"[77779, 77780, 77781]",E100000131008,E100001012488
22900,21.95,[76578],E100001012134,E100001012136
17545,100.0,[6119],E100000128095,E100000128501
17610,67.63,[6119],E100000127659,E100000127656
3538,43.71,[1575],E100000001465,E100000000602
22497,35.76,[74620],E100000000836,E100001011508
17629,100.0,[6119],E100000128093,E100000123261
17642,100.0,[6119],E100000128445,E100000123261
17605,30.0,[6119],E100000129575,E100000128761
17612,90.0,[6119],E100000127658,E100000127656
17639,51.0,[6119],E100000127830,E100000128518
23300,75.0,[98563],E100001013595,E100001013596
17614,100.0,[6119],E100000126239,E100000123261
5928,100.0,[6133],E100001001356,E100001001053
17550,84.38,[6119],E100000126878,E100000128009
17551,15.63,[6119],E100000126878,E100000128010
23086,37.4,[80917],E100000131231,E100001013067
17630,2.97,[6119],E100000128517,E100000001753
17633,100.0,[6119],E100000127494,E100000128517
17553,100.0,[6119],E100000126862,E100000123261
17574,100.0,[6119],E100000126871,E100000123261
17584,80.0,[6119],E100000128014,E100000123261
17608,90.0,[6119],E100000127657,E100000127656
17604,99.0,[6119],E100000129048,E100000130358
17590,100.0,[6119],E100000129400,E100000123874
23365,100.0,[98844],E100001013716,E100000001465
17632,81.3,[6119],E100000128517,E100000128803
21584,9.44,[7877],E100000001015,E100001010778
17627,15.04,[6119],E100000128516,E100000125023
17634,49.0,[6119],E100000126560,E100000123261
17543,30.0,[6119],E100000126114,E100000128008
17598,2.22,[6119],E100000126287,E100000001753
17626,8.5,[6119],E100000128516,E100000125648
17566,70.0,[6119],E100000128210,E100000128511
22228,47.1,[11759],E100000120219,E100001011224
17607,10.0,[6119],E100000127657,E100000123261
17585,100.0,[6119],E100000126368,E100000128014
17575,100.0,[6119],E100000128512,E100000123261
17571,100.0,[6119],E100000128506,E100000130315
17548,100.0,[6119],E100000127096,E100000123261
17623,19.04,[6119],E100000128368,E100000128795
17593,90.0,[6119],E100000128301,E100000128793
17582,90.0,[6119],E100000126567,E100000128013
17577,50.0,[6119],E100000127309,E100000128012
17557,38.41,[6119],E100000127554,E100000128504
17609,32.37,[6119],E100000127659,E100000123261
22016,99.59,[11415],E100001011056,E100001010702
17588,100.0,[6119],E100000128510,E100000124984
22615,,"[74975, 74976]",E100001001343,E100001000402
17603,1.0,[6119],E100000129048,E100000001753
17544,70.0,[6119],E100000126114,E100000122229
17638,49.0,[6119],E100000127830,E100000123261
17572,10.0,[6119],E100000128513,E100000125584
17586,100.0,[6119],E100000127426,E100000123261
17611,10.0,[6119],E100000127658,E100000123261
17601,10.0,[6119],E100000129467,E100000000293
17558,24.67,[6119],E100000127554,E100000123578
22122,40.0,[11622],E100001010472,E100000000053
17589,100.0,[6119],E100000126241,E100000128015
17637,100.0,[6119],E100000128432,E100000130316
17583,20.0,[6119],E100000128014,E100000001753
18704,100.0,[6119],E100000130308,E100000128856
18654,48.99,[6119],E100000128937,E100000129072
23224,,"[98158, 98159]",E100001013421,E100000131610
22498,8.03,[74620],E100000000836,E100001011509
18628,49.0,[6119],E100000127740,E100000128570
18664,100.0,[6119],E100000128511,E100000123261
18641,29.99,[6119],E100000129276,E100001000465
18695,80.41,[6119],E100000126645,E100000128098
18662,2.0,[6119],E100000128118,E100000001753
22229,100.0,"[11762, 11763]",E100000121179,E100001011225
18652,100.0,[6119],E100000130023,E100000130361
18711,0.37,[6119],E100001000929,E100000001753
18638,100.0,[6119],E100000128279,E100000124686
18663,98.0,[6119],E100000128118,E100000128088
21880,90.0,[10643],E100000132636,E100000003355
18679,19.12,[6119],E100000130134,E100000130177
18701,58.33,[6119],E100000126522,E100000128099
18614,100.0,[6119],E100000128887,E100000123261
18612,20.0,[6119],E100000127869,E100000127861
22985,60.79,[77787],E100001000686,E100001000397
18639,1.0,[6119],E100000129276,E100000001753
18650,100.0,[6119],E100000128571,E100000128855
18632,100.0,[6119],E100000127452,E100000123261
18607,89.8,[6119],E100000127867,E100000123261
18707,100.0,[6119],E100000126689,E100000128101
18629,51.0,[6119],E100000127740,E100000128295
18686,100.0,[6119],E100000127199,E100000123261
18606,100.0,[6119],E100000127702,E100000123261
18665,40.0,[6119],E100000126777,E100000123261
18605,99.0,[6119],E100000127863,E100000123261
22616,25.0,[74980],E100001001076,E100001011619
18698,6.0,[6119],E100000126804,E100000001753
18692,51.0,[6119],E100000129605,E100000123569
18688,100.0,[6119],E100000127901,E100000130293
18624,70.0,[6119],E100000127374,E100000126594
22017,,[11417],E100000132419,E100001011058
18672,51.0,[6119],E100000128275,E100000128572
18627,65.0,[6119],E100000126304,E100000126594
18671,7.61,[6119],E100000128275,E100000123465
18699,94.0,[6119],E100000126804,E100000123261
18645,100.0,[6119],E100000129852,E100000129639
18687,100.0,[6119],E100000127886,E100000128219
18634,100.0,[6119],E100000127451,E100000123261
22366,100.0,"[61148, 61149]",E100001011226,E100001000391
18635,100.0,[6119],E100000126876,E100000128095
18630,100.0,[6119],E100000129345,E100000129638
18694,19.59,[6119],E100000126645,E100000123261
18618,90.0,[6119],E100000128672,E100000130342
18625,30.0,[6119],E100000127374,E100000122065
18615,100.0,[6119],E100000128426,E100000128427
18633,100.0,[6119],E100000126324,E100000126231
18708,100.0,[6119],E100000129391,E100000129405
21734,100.0,"[10361, 10362]",E100001000692,E100001001017
18674,100.0,[6119],E100000128572,E100000125508
18661,100.0,[6119],E100000128379,E100000123261
22123,40.0,[11622],E100001010472,E100001011132
18710,100.0,[6119],E100000128151,E100000128149
18659,100.0,[6119],E100000128097,E100000124923
18648,10.0,[6119],E100000129073,E100000125520
18697,53.7,[6119],E100000128930,E100000129076
18691,19.11,[6119],E100000129605,E100000129856
21585,7.65,[7877],E100000001015,E100000001012
18636,4.76,[6119],E100000128132,E100000001753
23135,100.0,"[97816, 97817]",E100001013250,E100001013251
23087,100.0,"[80921, 80922]",E100001013069,E100000131298
18702,4.18,[6119],E100000127184,E100000001753
18640,69.01,[6119],E100000129276,E100000129851
18610,99.0,[6119],E100000127868,E100000123261
22901,9.54,[76578],E100001012134,E100001000682
22018,,[11417],E100000132420,E100001011058
18647,90.0,[6119],E100000129275,E100000129852
18690,3.43,[6119],E100000129605,E100000001753
18608,10.2,[6119],E100000127867,E100000127877
22719,100.0,[75290],E100001011733,E100001011734
18677,100.0,[6119],E100000129101,E100000129165
18693,26.46,[6119],E100000129605,E100000129855
18705,100.0,[6119],E100000130305,E100000128856
18646,10.0,[6119],E100000129275,E100000129853
18644,100.0,[6119],E100000129853,E100000130023
18666,60.0,[6119],E100000126777,E100000124309
18706,100.0,[6119],E100000129647,E100000123261
18651,100.0,[6119],E100000127582,E100000128571
18696,46.3,[6119],E100000128930,E100000129077
18660,100.0,[6119],E100000127391,E100000128097
18700,41.67,[6119],E100000126522,E100000128100
18613,80.0,[6119],E100000127869,E100000122377
18683,35.64,[6119],E100000130134,E100000000273
18657,89.15,[6119],E100000126269,E100000128096
22823,100.0,"[75709, 75710]",E100001011917,E100001011918
18649,90.0,[6119],E100000129073,E100000130361
18609,1.0,[6119],E100000127868,E100000001753
18669,27.19,[6119],E100000128275,E100000130292
18673,7.61,[6119],E100000128275,E100000000230
18637,95.24,[6119],E100000128132,E100000123243
18626,35.0,[6119],E100000126304,E100000127700
18617,10.0,[6119],E100000128672,E100000124453
18703,95.82,[6119],E100000127184,E100000123261
18815,96.39,[6119],E100000128082,E100000123261
2346,30.0,"[1718, 1719, 1722, 1723, 1720, 1721, 1717]",E100000002042,E100000000762
18748,9.11,[6119],E100000126264,E100000128109
23136,100.0,[97819],E100001013251,E100001013252
18721,100.0,[6119],E100000126447,E100000124168
18723,8.13,[6119],E100000127074,E100000128104
18722,6.29,[6119],E100000127074,E100000001753
18788,97.0,[6119],E100000126932,E100000123261
22986,6.86,[77787],E100001000686,E100001000520
18712,74.72,[6119],E100001000929,E100000124529
18731,1.0,[6119],E100000127359,E100000001753
18758,13.51,[6119],E100000128104,E100000128574
18042,6.03,[6119],E100000126648,E100000128050
21586,18.58,[7879],E100000001012,E100001010778
18810,98.87,[6119],E100000128594,E100000123261
18761,13.51,[6119],E100000128104,E100000128573
18756,10.81,[6119],E100000128104,E100000128576
18719,100.0,[6119],E100000129440,E100001000064
18737,75.0,[6119],E100000126808,E100000128108
18796,60.0,[6119],E100000127483,E100000123261
3529,6.0,[5163],E100001000143,E100001000145
11975,4.0,[6119],E100000122107,E100000001753
18793,33.85,[6119],E100000126169,E100000127616
18787,3.0,[6119],E100000126932,E100000001753
6718,30.0,[6119],E100000123305,E100000121867
18742,100.0,[6119],E100000128262,E100000123261
23366,65.0,"[98847, 98849]",E100000132187,E100000120034
18724,33.61,[6119],E100000127074,E100000128103
18735,100.0,[6119],E100000127190,E100000128107
15351,23.0,[6119],E100000129364,E100000129742
18764,100.0,[6119],E100000128576,E100000123261
4183,100.0,[5780],E100001000625,E100000001140
21823,,"[10570, 10571]",E100001010926,E100000001213
22358,98.54,"[46450, 46451]",E100000120549,E100001011309
18752,10.81,[6119],E100000128104,E100000128575
18753,9.46,[6119],E100000128104,E100000128577
18743,100.0,[6119],E100000128186,E100000123261
18802,100.0,[6119],E100000126246,E100000128113
18732,51.0,[6119],E100000127359,E100000124309
21735,95.0,[10367],E100001010867,E100001010868
18816,45.53,[6119],E100000128080,E100000128593
18803,100.0,[6119],E100000128114,E100000130294
18792,66.15,[6119],E100000126169,E100000123261
18809,1.13,[6119],E100000128594,E100000001753
18714,16.09,[6119],E100000129017,E100000123261
18772,45.0,[6119],E100000127496,E100000128584
18717,81.0,[6119],E100000129857,E100000122447
23645,,[101775],E100001014348,E100001014349
23225,80.0,"[98162, 97655]",E100001013423,E100001000569
18716,19.0,[6119],E100000129857,E100000130024
7339,2.4,[6119],E100000124651,E100000001753
18730,46.0,[6119],E100000127107,E100000128105
18814,3.61,[6119],E100000128082,E100000001753
23683,100.0,[101927],E100001014401,E100001000099
18775,2.19,[6119],E100000126660,E100000001753
6068,100.0,[6133],E100001001393,E100001001388
22499,,[74620],E100000000836,E100001011510
18769,100.0,[6119],E100000128574,E100000123261
18746,41.91,[6119],E100000126264,E100000001753
18747,34.55,[6119],E100000126264,E100000123261
18812,47.27,[6119],E100000127967,E100000128591
18718,100.0,[6119],E100000129503,E100000129857
22902,7.25,[76578],E100001012134,E100000130811
318,33.33,"[1126, 1130, 777, 3159, 776, 1127, 1128, 775, 1129, 1125]",E100000002428,E100000000995
23565,20.0,[101348],E100001014225,E100001014228
18729,54.0,[6119],E100000127107,E100000123261
18713,83.91,[6119],E100000129017,E100000001753
22720,100.0,[75292],E100001000591,E100001011734
18725,51.97,[6119],E100000127074,E100000128102
22617,25.0,[74980],E100001001076,E100001011620
18813,52.73,[6119],E100000127967,E100000128590
22824,,"[75714, 75715]",E100001010536,E100001011920
23576,100.0,[101492],E100001014261,E100001014262
18817,54.47,[6119],E100000128080,E100000128592
15350,12.0,[6119],E100000129364,E100000129743
23088,65.0,"[80923, 80924]",E100001013070,E100000131298
18776,97.81,[6119],E100000126660,E100000123261
22124,33.5,[11623],E100001010456,E100001011133
2211,33.33,"[1126, 1130, 777, 3159, 776, 1127, 1128, 775, 1129, 1125]",E100000002428,E100000001004
2761,19.9,"[1126, 1130, 777, 3159, 776, 1127, 1128, 775, 1129, 1125]",E100000002428,E100000000997
3026,6.44,"[1126, 1130, 777, 3159, 776, 1127, 1128, 775, 1129, 1125]",E100000002428,E100000000996
18766,100.0,[6119],E100000127152,E100000123261
18740,100.0,[6119],E100000127155,E100000123261
9899,44.37,[6119],E100000125113,E100000123261
22972,83.0,"[77650, 77651, 77652, 77653]",E100000130694,E100001012452
22019,,[11417],E100001011058,E100001011059
1389,100.0,"[2181, 2183, 2182]",E100000003557,E100000000319
23301,,[98563],E100000132235,E100001013597
18876,41.67,[6119],E100000127029,E100000128116
18866,45.82,[6119],E100000128592,E100000128859
18867,54.18,[6119],E100000128592,E100000128857
18925,51.0,[6119],E100000129860,E100000130025
22125,15.0,[11623],E100001010456,E100001011134
18897,100.0,[6119],E100000128595,E100000123261
18901,10.0,[6119],E100000126523,E100000128120
18900,8.0,[6119],E100000126523,E100000128121
23302,25.0,[98563],E100001013595,E100000132235
22368,100.0,[61164],E100001010683,E100000000487
18914,100.0,[6119],E100000126741,E100000128122
18819,95.2,[6119],E100000128859,E100000123261
18922,100.0,[6119],E100000129133,E100000129166
18857,100.0,[6119],E100000128599,E100000123261
18899,20.0,[6119],E100000126523,E100000128119
18911,100.0,[6119],E100000129634,E100000129632
18863,100.0,[6119],E100000128603,E100000123261
18916,100.0,[6119],E100000128012,E100000128606
18919,100.0,[6119],E100000126825,E100000121744
18881,13.0,[6119],E100000128857,E100000124853
18887,10.0,[6119],E100000128857,E100000128967
18883,10.0,[6119],E100000128857,E100000128969
18882,10.0,[6119],E100000128857,E100000128968
18884,10.0,[6119],E100000128857,E100000124850
18891,90.0,[6119],E100000126389,E100000127963
18895,37.02,[6119],E100000126778,E100000128118
18880,10.0,[6119],E100000128857,E100000124849
18879,1.0,[6119],E100000128857,E100000001753
23137,100.0,[97819],E100001013252,E100000131458
18877,100.0,[6119],E100000127954,E100000127952
18871,50.0,[6119],E100000129246,E100000129858
18845,100.0,[6119],E100000128323,E100000123261
18844,100.0,[6119],E100000130017,E100000130108
18865,50.33,[6119],E100000128590,E100000128857
18843,10.13,[6119],E100000128858,E100000128966
22987,100.0,"[77794, 77797]",E100000130942,E100001000370
13787,20.0,[6119],E100000127120,E100000127416
18873,100.0,[6119],E100000128861,E100000123261
18896,41.98,[6119],E100000126778,E100000127963
18912,49.0,[6119],E100000129447,E100000129745
18840,35.82,[6119],E100000128591,E100000123261
18848,9.87,[6119],E100000128135,E100000001753
18869,20.0,[6119],E100000129246,E100000123261
18889,100.0,[6119],E100000128600,E100000123261
18868,100.0,[6119],E100000128604,E100000123261
18921,45.9,[6119],E100000129166,E100000129183
18847,51.0,[6119],E100000128115,E100000127616
22500,31.5,[74623],E100000000027,E100001011511
18837,40.52,[6119],E100000128593,E100000001753
18858,100.0,[6119],E100000128602,E100000123261
18854,100.0,[6119],E100000128562,E100000123261
18850,100.0,[6119],E100000128968,E100000123261
18913,51.0,[6119],E100000129447,E100000129744
18888,100.0,[6119],E100000128963,E100000123261
18856,100.0,[6119],E100000128969,E100000123261
18862,100.0,[6119],E100000126555,E100000123167
18892,100.0,[6119],E100000128117,E100000127963
18839,64.18,[6119],E100000128591,E100000001753
18894,20.0,[6119],E100000126778,E100000128119
18893,1.0,[6119],E100000126778,E100000001753
18872,100.0,[6119],E100000127559,E100000123261
21587,6.35,[7879],E100000001012,E100001010779
22618,50.0,[74980],E100001001076,E100001011621
18890,10.0,[6119],E100000126389,E100000128117
18870,30.0,[6119],E100000129246,E100000129859
18920,54.1,[6119],E100000129166,E100000129182
18864,49.67,[6119],E100000128590,E100000128858
18902,62.0,[6119],E100000126523,E100000127963
18907,100.0,[6119],E100000128322,E100000123261
18886,13.0,[6119],E100000128857,E100000124852
18859,100.0,[6119],E100000127771,E100000123261
18915,100.0,[6119],E100000126509,E100000123261
18918,99.65,[6119],E100000127266,E100000123261
18849,90.13,[6119],E100000128135,E100000123261
18853,100.0,[6119],E100000129858,E100000123261
18851,75.0,[6119],E100000127366,E100000128115
18852,99.98,[6119],E100000127616,E100000123261
18923,100.0,[6119],E100000126665,E100000126231
18855,100.0,[6119],E100000128563,E100000123261
21736,5.0,[10367],E100001010867,E100001010869
18885,23.0,[6119],E100000128857,E100000124851
18841,0.13,[6119],E100000128858,E100000001753
18874,2.0,[6119],E100000126680,E100000001753
18846,49.0,[6119],E100000128115,E100000123261
18860,100.0,[6119],E100000127953,E100000123261
18905,100.0,[6119],E100000128159,E100000123261
18878,100.0,[6119],E100000128596,E100000123261
18898,100.0,[6119],E100000128598,E100000123261
22020,64.97,[11423],E100000132530,E100001011060
21882,10.0,[10643],E100000132636,E100001000383
15469,10.0,[6119],E100000129191,E100000129193
18917,0.35,[6119],E100000127266,E100000001753
18904,100.0,[6119],E100000126717,E100000123261
22721,,"[75310, 75311]",E100001011736,E100001011738
13786,15.0,[6119],E100000127120,E100000123261
23226,99.0,[109126],E100001013425,E100001013427
21676,100.0,"[8028, 8029, 8028]",E100000121387,E100001010839
284,36.6,"[1079, 1080]",E100000002375,E100000001305
19020,88.11,[6119],E100000128707,E100000128975
18945,100.0,[6119],E100000128228,E100000123261
21883,53.07,[10644],E100000132768,E100000132867
18944,100.0,[6119],E100000128875,E100000128970
18956,100.0,[6119],E100000127372,E100000128124
19022,100.0,[6119],E100000127648,E100000130295
19021,100.0,[6119],E100000127649,E100000125623
19015,91.5,[6119],E100000129417,E100000129840
18990,39.88,[6119],E100000128754,E100000128971
19011,30.0,[6119],E100000127098,E100000128130
19010,5.2,[6119],E100000127098,E100000123261
18942,100.0,[6119],E100000129380,E100000129791
22231,100.0,[11767],E100000121389,E100000120718
18977,99.0,[6119],E100000129168,E100000123261
18961,20.0,[6119],E100000127412,E100000123261
19029,30.0,[6119],E100000129563,E100000129864
19003,100.0,[6119],E100000128127,E100000123261
18962,80.0,[6119],E100000127412,E100000128609
19008,100.0,[6119],E100000128129,E100000123261
18952,58.0,[6119],E100000128185,E100000128607
19030,100.0,[6119],E100000126374,E100000124598
18980,48.43,[6119],E100000130210,E100000130218
19001,22.81,[6119],E100000128044,E100000128614
22722,,"[75316, 75317]",E100001011739,E100001011741
22021,50.0,[5578],E100000132535,E100000001096
18934,4.45,[6119],E100000129356,E100000001753
19024,99.14,[6119],E100000129863,E100000130027
18935,95.55,[6119],E100000129356,E100000123261
18958,85.0,[6119],E100000126541,E100000127431
18983,4.41,[6119],E100000128751,E100000001753
19028,30.0,[6119],E100000129563,E100000123261
18948,30.51,[6119],E100000129889,E100000123424
18971,27.68,[6119],E100000126121,E100000123274
18981,23.83,[6119],E100000126149,E100000001753
19025,100.0,[6119],E100000129578,E100000129863
18930,100.0,[6119],E100000130026,E100000130109
18989,19.94,[6119],E100000128754,E100000128973
18988,0.3,[6119],E100000128754,E100000001753
22903,,[1081],E100001012151,E100000001364
21737,92.5,[10367],E100001010868,E100001010870
18997,80.0,[6119],E100000128860,E100000128974
18986,40.0,[6119],E100000127549,E100000126936
22825,44.0,"[75728, 75729]",E100001011922,E100000133932
19013,30.0,[6119],E100000127098,E100000128128
23090,51.0,"[80929, 80930]",E100001013027,E100001013072
18957,15.0,[6119],E100000126541,E100000128125
18960,100.0,[6119],E100000128609,E100000123261
18949,67.25,[6119],E100000129889,E100000129890
18936,95.0,[6119],E100000129010,E100000129009
18933,100.0,[6119],E100000129861,E100000130026
18987,100.0,[6119],E100000126890,E100000127965
18996,20.0,[6119],E100000128860,E100000123261
18992,100.0,[6119],E100000129697,E100000125197
18947,2.24,[6119],E100000129889,E100000001753
18959,100.0,[6119],E100000128124,E100000000252
18941,11.0,[6119],E100000129914,E100000130111
18931,60.0,[6119],E100000129628,E100000129860
19019,11.89,[6119],E100000128707,E100001000465
18927,90.0,[6119],E100000130025,E100000125789
18932,40.0,[6119],E100000129628,E100000129861
18943,100.0,[6119],E100000128970,E100000123261
19026,100.0,[6119],E100000127643,E100000123261
18954,45.45,[6119],E100000129369,E100000129746
18940,9.0,[6119],E100000129914,E100000130112
22126,70.0,"[11624, 11625]",E100001010538,E100001011135
18929,90.0,[6119],E100000130109,E100000124871
19002,100.0,[6119],E100000126860,E100000128127
18964,99.0,[6119],E100000128884,E100000123261
18950,57.29,[6119],E100000126766,E100000128123
18976,1.0,[6119],E100000129168,E100000001753
19012,30.0,[6119],E100000127098,E100000128129
22369,54.37,[61166],E100001001019,E100000120065
18955,100.0,[6119],E100000129716,E100000123261
19004,100.0,[6119],E100000127421,E100000128615
19027,100.0,[6119],E100000127644,E100000123261
18982,76.17,[6119],E100000126149,E100000123261
19031,1.47,[6119],E100000129554,E100000001753
18951,42.0,[6119],E100000128185,E100000128608
1347,24.9,"[2140, 5495]",E100000002127,E100000001015
19005,49.0,[6119],E100000128068,E100000128067
19014,8.5,[6119],E100000129417,E100000001753
19000,28.19,[6119],E100000128044,E100000128613
18963,1.0,[6119],E100000128884,E100000001753
18965,100.0,[6119],E100000129607,E100000129862
19016,100.0,[6119],E100000128128,E100000123261
22619,100.0,"[74984, 74985]",E100001000157,E100001011622
18953,54.55,[6119],E100000129369,E100000123261
18939,80.0,[6119],E100000129914,E100000130110
19007,85.0,[6119],E100000128130,E100000123261
3095,24.9,"[2140, 5494]",E100000002127,E100000001013
18966,100.0,[6119],E100000129505,E100000123261
18985,60.0,[6119],E100000127549,E100000128610
19032,10.29,[6119],E100000129554,E100000123261
18926,10.0,[6119],E100000130025,E100001000032
18937,5.0,[6119],E100000129010,E100000129129
18991,39.88,[6119],E100000128754,E100000128972
19041,100.0,[6119],E100000127458,E100000123261
19109,83.67,[6119],E100000124750,E100000001753
22826,,[75728],E100001011922,E100001011924
19040,84.55,[6119],E100000126664,E100000128131
19080,100.0,[6119],E100000129531,E100000129701
19085,80.0,[6119],E100000129871,E100000126065
19127,65.0,[6119],E100000127493,E100000128321
19059,100.0,[6119],E100000129499,E100001000064
19086,75.0,[6119],E100000129534,E100000129256
23424,,[],E100000121372,E100000001078
19057,100.0,[6119],E100000127987,E100000123261
19053,33.44,[6119],E100000128900,E100000129079
19034,70.0,[6119],E100000129554,E100000129721
19113,4.32,[6119],E100000129036,E100000001753
19084,20.0,[6119],E100000129871,E100001000465
19068,51.0,[6119],E100000129699,E100000130029
22904,,[1081],E100001012151,E100000000651
19048,50.0,[6119],E100000128664,E100000124415
19121,6.68,[6119],E100000129037,E100000001753
19072,100.0,[6119],E100000127873,E100000128617
19117,20.0,[6119],E100000130054,E100000130113
19096,100.0,[6119],E100000128103,E100000123261
19033,18.24,[6119],E100000129554,E100000129865
19042,6.88,[6119],E100000124898,E100000123261
19093,25.0,[6119],E100000129544,E100000129639
19112,30.0,[6119],E100000124749,E100000123261
19106,100.0,[6119],E100000127484,E100000123261
19069,49.0,[6119],E100000129699,E100000130030
19095,5.0,[6119],E100000129544,E100000129873
19039,15.0,[6119],E100000126664,E100000128132
19128,35.0,[6119],E100000127493,E100000123380
19087,25.0,[6119],E100000129534,E100000129871
19052,45.59,[6119],E100000128900,E100000129078
22502,100.0,[74642],E100000001897,E100001011515
23091,48.9,[80929],E100001013027,E100001013073
19062,100.0,[6119],E100000129303,E100000129868
19123,100.0,[6119],E100000129120,E100000129170
19133,99.5,[6119],E100000128618,E100000123261
19051,10.94,[6119],E100000128900,E100000001753
19054,10.03,[6119],E100000128900,E100000128761
19073,99.94,[6119],E100000127921,E100000123261
19101,97.0,[6119],E100000129403,E100000129721
21588,30.0,"[7883, 7885]",E100000120678,E100001010780
22620,65.1,[74986],E100001010943,E100001011623
19111,70.0,[6119],E100000124749,E100000001753
19114,6.93,[6119],E100000129036,E100000123261
22127,100.0,[11626],E100000000634,E100001011136
23138,15.72,[97821],E100001013253,E100001013254
19064,14.09,[6119],E100000127153,E100000128133
23527,,[],E100000120082,E100000133539
19118,100.0,[6119],E100000127478,E100000123261
19081,100.0,[6119],E100000127254,E100000123261
19047,50.0,[6119],E100000128664,E100000123922
19071,100.0,[6119],E100000128996,E100000123261
19065,100.0,[6119],E100000126156,E100000128134
22232,,[11768],E100000003956,E100000001100
19058,100.0,[6119],E100000129409,E100000129405
19063,85.91,[6119],E100000127153,E100000124129
19129,100.0,[6119],E100000129347,E100000129874
19124,100.0,[6119],E100000129918,E100000123261
19079,98.0,[6119],E100000127121,E100000123261
19097,5.7,[6119],E100000130046,E100000001753
19055,60.0,[6119],E100000129289,E100000129866
19046,100.0,[6119],E100000130040,E100000123261
19119,68.8,[6119],E100000129917,E100000130114
21884,41.5,[10644],E100000132768,E100000132904
19131,40.0,[6119],E100000128178,E100000128619
19130,60.0,[6119],E100000128178,E100000128618
22723,100.0,[75320],E100001011743,E100001011744
19103,100.0,[6119],E100000129094,E100000129169
19104,100.0,[6119],E100000129171,E100000123261
19060,100.0,[6119],E100000129151,E100000000270
19138,79.25,[6119],E100000129080,E100000130362
19050,100.0,[6119],E100000130028,E100000130391
22370,49.9,[61168],E100000000827,E100001001041
19120,31.2,[6119],E100000129917,E100000130115
21738,7.5,[10367],E100001010868,E100001010869
19098,15.72,[6119],E100000130046,E100000124495
19056,40.0,[6119],E100000129289,E100000129867
19074,33.0,[6119],E100000127913,E100000123261
19043,93.12,[6119],E100000124898,E100000124897
19139,20.0,[6119],E100000126135,E100000124223
19125,100.0,[6119],E100000127910,E100000123261
19070,100.0,[6119],E100000130030,E100000130029
22988,74.0,"[77807, 77808, 77809]",E100000131177,E100001012490
19078,2.0,[6119],E100000127121,E100000001753
19088,100.0,[6119],E100000130124,E100000125625
19126,100.0,[6119],E100000127534,E100000126266
19066,1.83,[6119],E100000130029,E100000001753
19094,68.0,[6119],E100000129544,E100000129872
19108,15.05,[6119],E100000124748,E100000123261
19122,93.32,[6119],E100000129037,E100000129131
19067,98.17,[6119],E100000130029,E100000130392
19132,0.5,[6119],E100000128618,E100000001753
19105,100.0,[6119],E100000130003,E100000123261
19061,100.0,[6119],E100000128451,E100000128861
19100,3.0,[6119],E100000129403,E100000001753
19099,78.58,[6119],E100000130046,E100000130042
23139,12.87,[97821],E100001013253,E100001013255
19245,5.0,[6119],E100000126690,E100000121890
19201,26.35,[6119],E100000126244,E100000121891
19202,11.43,[6119],E100000126244,E100000123583
19244,100.0,[6119],E100000126216,E100000123261
19230,15.0,[6119],E100000127354,E100000128162
19227,100.0,[6119],E100000129292,E100000129875
19155,50.0,[6119],E100000128140,E100000123647
19160,70.0,[6119],E100000126722,E100000128141
19144,50.0,[6119],E100000127085,E100000124223
21885,100.0,[10648],E100000132012,E100001010963
23425,,[],E100000121373,E100000001078
19141,14.0,[6119],E100000126135,E100000128136
19217,16.67,[6119],E100000128139,E100000130260
19148,4.5,[6119],E100000127016,E100000001753
19151,62.0,[6119],E100000126864,E100000124220
19226,96.56,[6119],E100000128158,E100000123261
19152,8.0,[6119],E100000126864,E100000128139
19173,50.98,[6119],E100000128972,E100000129080
19174,49.02,[6119],E100000128972,E100000129081
19211,100.0,[6119],E100000127042,E100000123261
19200,7.32,[6119],E100000126244,E100000130260
19181,20.7,[6119],E100000127194,E100000128149
19183,5.5,[6119],E100000127194,E100000128151
19179,2.2,[6119],E100000127194,E100000001753
22371,100.0,[6399],E100001010165,E100001001041
19182,30.0,[6119],E100000127194,E100000128148
19237,100.0,[6119],E100000128136,E100000121880
19150,30.0,[6119],E100000126864,E100000121909
19142,10.85,[6119],E100000126135,E100000128137
19147,100.0,[6119],E100000126857,E100000128138
19146,30.0,[6119],E100000127085,E100000128136
19206,100.0,[6119],E100000128144,E100000123583
19168,100.0,[6119],E100000128162,E100000123261
19219,23.81,[6119],E100000128139,E100000123583
22724,17.76,[75324],E100001011745,E100001010403
19143,100.0,[6119],E100000126852,E100000123261
19242,100.0,[6119],E100000127075,E100000123261
19161,30.0,[6119],E100000126722,E100000128142
19145,20.0,[6119],E100000127085,E100000123666
19163,100.0,[6119],E100000127081,E100000128144
22905,27.65,[76632],E100001012152,E100001012153
19223,83.71,[6119],E100000128172,E100000123261
19154,50.0,[6119],E100000128140,E100000124309
7170,100.0,[6119],E100000001530,E100000125526
19218,11.9,[6119],E100000128139,E100000128136
19216,11.9,[6119],E100000128139,E100000123666
19215,11.9,[6119],E100000128139,E100000124223
19213,9.52,[6119],E100000128139,E100000001753
19189,41.99,[6119],E100000127329,E100000123666
23303,100.0,"[98566, 98567]",E100001013600,E100001013601
19239,78.6,[6119],E100000126279,E100000123261
19225,3.44,[6119],E100000128158,E100000001753
19205,10.0,[6119],E100000126109,E100000130260
23367,100.0,"[98902, 98903]",E100001013732,E100001013733
19238,1.4,[6119],E100000126279,E100000001753
21739,100.0,[10378],E100000120759,E100001010872
19197,51.0,[6119],E100000126837,E100000121676
19222,3.53,[6119],E100000128172,E100000001753
19186,100.0,[6119],E100000127106,E100000128136
19231,18.0,[6119],E100000127354,E100000128161
19172,71.13,[6119],E100000127105,E100000123666
19171,26.29,[6119],E100000127105,E100000121871
19246,86.0,[6119],E100000126690,E100000123615
22233,100.0,[11769],E100000003668,E100001011228
19196,25.0,[6119],E100000126837,E100000128156
19229,67.0,[6119],E100000127354,E100000128160
19184,35.0,[6119],E100000127194,E100000126316
6694,49.0,[6119],E100000123083,E100000123298
19212,100.0,[6119],E100000128154,E100000124904
19170,2.58,[6119],E100000127105,E100000001753
4660,74.99,"[1986, 5353, 5986]",E100000003348,E100000003343
4139,100.0,"[5744, 5745]",E100001000426,E100001000578
22503,25.5,[74658],E100000001876,E100001011516
19164,100.0,[6119],E100000128138,E100000128620
21589,50.0,[7883],E100001010780,E100000000651
19228,100.0,[6119],E100000126152,E100000123261
19240,20.0,[6119],E100000126279,E100000128164
12741,16.0,[6119],E100000003071,E100000003121
22827,,[75728],E100001011922,E100001011149
19210,100.0,[6119],E100000129081,E100000125641
19195,55.56,[6119],E100000126328,E100000128155
19224,12.76,[6119],E100000128172,E100000128622
19157,30.86,[6119],E100000126839,E100000128136
19156,69.14,[6119],E100000126839,E100000124223
19149,95.5,[6119],E100000127016,E100000123261
19204,90.0,[6119],E100000126109,E100000123615
22989,26.0,"[77807, 77808, 77809]",E100000131177,E100001012491
20311,10.0,[6119],E100000126214,E100000130572
20310,10.0,[6119],E100000126214,E100000130571
19175,10.0,[6119],E100000128017,E100000128621
19140,55.15,[6119],E100000126135,E100000123666
19187,38.68,[6119],E100000127329,E100000127463
19188,10.17,[6119],E100000127329,E100000128152
22128,100.0,"[11627, 11628]",E100001010521,E100001011137
19287,100.0,[6119],E100000129458,E100000129879
19251,100.0,[6119],E100000129282,E100000129876
21590,50.0,[7883],E100001010780,E100001010781
19316,5.74,[6119],E100000128175,E100000128626
19296,100.0,[6119],E100000126901,E100000123261
19279,100.0,[6119],E100000126978,E100000123261
19297,4.97,[6119],E100000127332,E100000001753
19302,48.1,[6119],E100000127007,E100000128173
19341,32.99,[6119],E100000127455,E100000127473
19291,8.34,[6119],E100000126965,E100000123427
19292,8.06,[6119],E100000126965,E100000123748
19289,6.53,[6119],E100000126965,E100000128170
22622,7.01,[74989],E100000121400,E100001011625
19247,9.0,[6119],E100000126690,E100000128137
19286,100.0,[6119],E100000130099,E100000125986
19249,100.0,[6119],E100000123901,E100000123261
19299,50.0,[6119],E100000127332,E100000128172
19344,0.86,[6119],E100000126993,E100000001753
19263,39.67,[6119],E100000128010,E100000128623
19337,10.0,[6119],E100000128316,E100000001530
19257,83.67,[6119],E100000126095,E100000126512
22725,8.15,[75324],E100001011745,E100001000348
19295,100.0,[6119],E100000129510,E100000129732
19288,15.17,[6119],E100000126965,E100000001753
19310,100.0,[6119],E100000129213,E100000129791
19336,99.0,[6119],E100000128979,E100000123261
19300,100.0,[6119],E100000127557,E100000124495
19253,100.0,[6119],E100000126302,E100000123261
19318,60.0,[6119],E100000127403,E100001000064
19330,100.0,[6119],E100000127528,E100000123261
19311,66.0,[6119],E100000129412,E100000124927
19332,100.0,[6119],E100000128203,E100000123261
19345,10.0,[6119],E100000126993,E100000128176
19314,100.0,[6119],E100000127425,E100000125504
19269,97.56,[6119],E100000128864,E100000123261
19283,100.0,[6119],E100000126647,E100000123261
19324,100.0,[6119],E100000129579,E100000123874
19272,100.0,[6119],E100000128863,E100000128864
19275,100.0,[6119],E100000130307,E100000128865
19255,100.0,[6119],E100000129413,E100001000064
19298,45.03,[6119],E100000127332,E100000123261
19326,100.0,[6119],E100000127518,E100000123261
19276,100.0,[6119],E100000129903,E100000123261
19282,100.0,[6119],E100000126130,E100000123668
19303,25.9,[6119],E100000127007,E100000128174
23528,20.0,[],E100000121017,E100001013557
22234,,"[11770, 11771, 11772, 109948]",E100000003878,E100001011229
19285,97.0,[6119],E100000127135,E100000123261
19308,100.0,[6119],E100000126869,E100000124529
19335,1.0,[6119],E100000128979,E100000001753
19346,89.14,[6119],E100000126993,E100000123407
19301,100.0,[6119],E100000128174,E100000123261
19333,100.0,[6119],E100000128190,E100000123261
22990,5.2,[6457],E100001010255,E100001012492
19262,22.32,[6119],E100000128010,E100000128624
19261,13.88,[6119],E100000128010,E100000123261
19264,100.0,[6119],E100000129878,E100000130033
19304,100.0,[6119],E100000128917,E100000129082
19266,8.0,[6119],E100000128131,E100000001753
19338,90.0,[6119],E100000128316,E100000130326
19294,100.0,[6119],E100000128169,E100000128276
19329,90.0,[6119],E100000127531,E100000127466
19273,5.0,[6119],E100000128625,E100000128864
23092,5.0,[2246],E100000003620,E100000000659
19270,100.0,[6119],E100000128167,E100000123261
19319,40.0,[6119],E100000127403,E100000128175
19331,100.0,[6119],E100000127530,E100000123261
19328,10.0,[6119],E100000127531,E100000123261
19322,100.0,[6119],E100000129395,E100000129879
22023,,[],E100001011062,E100001000835
19248,100.0,[6119],E100000126614,E100000128165
19254,100.0,[6119],E100000129480,E100000129877
19277,100.0,[6119],E100000126354,E100000124923
22129,100.0,[11629],E100001010457,E100001011138
19312,34.0,[6119],E100000129412,E100000129850
19271,100.0,[6119],E100000127422,E100000128625
19260,24.13,[6119],E100000128010,E100000001753
19320,100.0,[6119],E100000128482,E100000123261
19281,70.0,[6119],E100000126527,E100000128168
21886,100.0,[10653],E100000131264,E100001010964
22504,25.5,[74658],E100000001876,E100001011517
19317,22.23,[6119],E100000128175,E100000124714
19259,100.0,[6119],E100000129498,E100000129878
19274,95.0,[6119],E100000128625,E100000128863
19309,100.0,[6119],E100000126841,E100000126869
19334,100.0,[6119],E100000128633,E100000123261
19315,72.03,[6119],E100000128175,E100000125490
19267,92.0,[6119],E100000128131,E100000123261
22372,5.4,[61168],E100000000827,E100000000825
22829,,[75728],E100001011922,E100001011150
22906,19.95,[76632],E100001012152,E100001012154
19321,100.0,[6119],E100000129396,E100000124927
19278,100.0,[6119],E100000126207,E100000123261
19313,100.0,[6119],E100000126739,E100000128175
19293,56.19,[6119],E100000126965,E100000128169
19350,100.0,[6119],E100000127032,E100000128177
21740,100.0,[10379],E100001010872,E100001000300
19446,100.0,[6119],E100000128202,E100000123261
23368,100.0,[98908],E100001013734,E100001000613
22907,15.99,[76632],E100001012152,E100001012155
19378,100.0,[6119],E100000126123,E100000127131
19367,68.0,[6119],E100000128583,E100000123261
19430,100.0,[6119],E100000127506,E100000123620
19448,20.0,[6119],E100000128636,E100000128867
19386,92.61,[6119],E100000127508,E100000128630
19403,100.0,[6119],E100000128806,E100000128976
19381,51.0,[6119],E100000127381,E100000122273
21741,,"[10385, 10386]",E100000120702,E100000120029
19410,33.0,[6119],E100000126185,E100000128194
19394,100.0,[6119],E100000127533,E100000123261
19409,17.15,[6119],E100000127021,E100000127492
19435,51.0,[6119],E100000128207,E100000128632
19356,100.0,[6119],E100000126604,E100000123261
19354,100.0,[6119],E100000127517,E100000123261
19405,100.0,[6119],E100000128327,E100000123261
19376,15.0,[6119],E100000127205,E100000128183
19375,15.0,[6119],E100000127205,E100000128182
19373,15.0,[6119],E100000127205,E100000123261
19404,100.0,[6119],E100000127324,E100000127438
19364,85.0,[6119],E100000126401,E100000123407
22830,,[75736],E100001011927,E100001011928
19453,50.0,[6119],E100000127457,E100000128636
19442,100.0,[6119],E100000126774,E100000128197
19454,100.0,[6119],E100000126669,E100000123176
22623,13.16,[74991],E100000120600,E100001011626
19392,10.0,[6119],E100000126429,E100000001753
19460,35.0,[6119],E100000126682,E100000000213
19382,49.0,[6119],E100000127381,E100000128185
19385,7.39,[6119],E100000127508,E100000127507
23228,99.99,"[98191, 109146]",E100001013431,E100001013432
18928,10.0,[6119],E100000130109,E100001000032
19387,74.86,[6119],E100000126309,E100000123261
19459,65.0,[6119],E100000126980,E100000123419
19423,3.0,[6119],E100000128344,E100000001753
19415,4.9,[6119],E100000127024,E100000001753
21591,100.0,[7884],E100001010781,E100000001982
19412,27.0,[6119],E100000126185,E100000128195
19434,100.0,[6119],E100000127492,E100000123261
19377,30.0,[6119],E100000127205,E100000128181
19402,40.0,[6119],E100000128193,E100000128631
22726,6.15,[75324],E100001011745,E100001011197
23140,10.42,[97821],E100001013253,E100001013256
19441,100.0,[6119],E100000127507,E100000123261
19407,31.85,[6119],E100000127021,E100000128192
19437,20.0,[6119],E100000128207,E100000128634
19424,97.0,[6119],E100000128344,E100000123261
11518,14.12,[6119],E100000001392,E100000001753
19363,14.96,[6119],E100000126401,E100000128180
19421,45.0,[6119],E100000128867,E100000128978
19371,100.0,[6119],E100000127532,E100000123261
19390,97.0,[6119],E100000128196,E100000123261
22505,9.15,[74663],E100000001876,E100000000463
19414,100.0,[6119],E100000128866,E100000123261
19458,35.0,[6119],E100000126980,E100000000213
19419,45.0,[6119],E100000128867,E100000128977
22024,,[11444],E100001010560,E100001011063
19369,100.0,[6119],E100000127529,E100000123261
22235,,[11773],E100001011230,E100000001597
19366,100.0,[6119],E100000128634,E100000123261
19438,5.0,[6119],E100000128207,E100000128635
19422,100.0,[6119],E100000127519,E100000127473
19360,49.0,[6119],E100000127305,E100000123261
19388,25.14,[6119],E100000126309,E100000128187
19370,100.0,[6119],E100000128635,E100000123261
19401,60.0,[6119],E100000128193,E100000123261
19395,100.0,[6119],E100000128978,E100000123261
19361,51.0,[6119],E100000127305,E100000127525
19408,51.0,[6119],E100000127021,E100000128191
19372,100.0,[6119],E100000126404,E100000123261
19431,100.0,[6119],E100000126569,E100000127506
19444,50.98,[6119],E100000127118,E100000128200
19396,100.0,[6119],E100000128584,E100000123261
19457,61.2,[6119],E100000126485,E100000123686
19452,94.0,[6119],E100000126756,E100000128204
19365,100.0,[6119],E100000127475,E100000123261
19374,25.0,[6119],E100000127205,E100000127491
21887,,"[10652, 10653]",E100001010965,E100000131264
23093,99.98,[81213],E100001013126,E100001013127
19379,28.0,[6119],E100000127131,E100000123261
19397,95.0,[6119],E100000127094,E100000128189
19425,100.0,[6119],E100000128326,E100000128327
19411,40.0,[6119],E100000126185,E100000128193
19443,100.0,[6119],E100000128628,E100000123261
19440,51.0,[6119],E100000127255,E100000128199
19445,49.02,[6119],E100000127118,E100000128201
19389,3.0,[6119],E100000128196,E100000001753
19416,95.1,[6119],E100000127024,E100000123261
19368,32.0,[6119],E100000128583,E100000128866
22130,,"[11630, 11631]",E100001010528,E100001011139
19447,80.0,[6119],E100000128636,E100000123261
22991,5.07,[6457],E100001010255,E100001012493
19391,57.77,[6119],E100000126434,E100000128188
19398,5.0,[6119],E100000127094,E100000128190
19451,6.0,[6119],E100000126756,E100000128205
19466,5.72,[6119],E100000127300,E100000128208
19464,0.56,[6119],E100000127300,E100000001753
19566,100.0,[6119],E100000130038,E100000130393
19512,79.68,[6119],E100000129085,E100000001427
19507,10.71,[6119],E100000128638,E100000123424
23692,50.0,"[102005, 102006, 102007, 102008]",E100001014421,E100001014354
23529,,"[98131, 98132, 98133]",E100001013396,E100001013557
19528,31.47,[6119],E100000124937,E100000128980
15435,5.5,[6119],E100000129152,E100000129175
19487,43.86,[6119],E100000129850,E100000130034
19503,19.74,[6119],E100000124285,E100000129086
19465,54.28,[6119],E100000127300,E100000128206
22992,40.38,[77819],E100000130915,E100001000958
19509,100.0,[6119],E100000130036,E100000125748
19563,100.0,[6119],E100000129829,E100000130037
19470,100.0,[6119],E100000126939,E100000128209
19514,100.0,[6119],E100000129135,E100000125266
19501,0.4,[6119],E100000124285,E100000001753
19555,5.88,[6119],E100000128639,E100000130327
19506,25.1,[6119],E100000130034,E100000130116
19554,5.4,[6119],E100000128639,E100000123424
19463,58.0,[6119],E100000126543,E100000123419
19471,40.0,[6119],E100000127438,E100000123261
21888,,[10655],E100001010966,E100000132268
19495,100.0,[6119],E100000128983,E100000129084
19478,54.85,[6119],E100000129083,E100000001753
23646,75.67,[101776],E100000000053,E100001014350
23369,100.0,[98912],E100001013737,E100000120513
23305,100.0,[98592],E100001013607,E100001013608
19565,98.0,[6119],E100000130037,E100000130038
19537,9.19,[6119],E100000124938,E100000128988
19544,26.05,[6119],E100000124942,E100000128993
19489,100.0,[6119],E100000129241,E100000129850
19475,100.0,[6119],E100000127082,E100000128210
11732,29.44,[6119],E100000124876,E100000001753
19480,9.94,[6119],E100000129083,E100000129133
19479,6.21,[6119],E100000129083,E100000129134
19564,2.0,[6119],E100000130037,E100000001753
19469,99.5,[6119],E100000128331,E100000123261
22506,,[74658],E100000001876,E100001000203
19476,100.0,[6119],E100000129635,E100000129632
19481,29.0,[6119],E100000129083,E100000128676
19538,7.37,[6119],E100000124938,E100000128989
19536,5.93,[6119],E100000124938,E100000001753
19504,20.0,[6119],E100000130034,E100000130117
19484,30.51,[6119],E100000129850,E100000001753
19467,39.44,[6119],E100000127300,E100000128207
19473,100.0,[6119],E100000129559,E100000123874
19556,88.73,[6119],E100000128639,E100000128868
19485,11.08,[6119],E100000129850,E100000130035
22822,100.0,"[6980, 75707, 75662]",E100001011916,E100000001262
19553,100.0,[6119],E100000128980,E100000129087
5358,,[],E100000121027,E100000128088
19462,42.0,[6119],E100000126543,E100000125029
19468,0.5,[6119],E100000128331,E100000001753
23229,95.0,[98194],E100001013433,E100001013435
19472,60.0,[6119],E100000127438,E100000128637
19488,8.49,[6119],E100000129850,E100000130036
19486,6.06,[6119],E100000129850,E100000125217
19535,99.3,[6119],E100000124941,E100000128987
22236,67.18,"[11774, 11775]",E100001010532,E100000001358
21742,,"[7929, 7930]",E100001010752,E100001010796
19498,100.0,[6119],E100000129136,E100000123496
19562,51.0,[6119],E100000128923,E100000129088
23094,51.0,[81218],E100001013129,E100001013130
19546,49.0,[6119],E100000128147,E100000122607
19557,1.4,[6119],E100000001429,E100000001753
23810,25.0,[102462],E100001014610,E100001014612
22727,70.45,[75334],E100000002135,E100000120549
19510,100.0,[6119],E100000127146,E100000123261
19474,100.0,[6119],E100000127315,E100000128210
6641,100.0,[6119],E100000124119,E100000124429
19508,89.29,[6119],E100000128638,E100000001429
19561,49.0,[6119],E100000128923,E100000129089
19482,100.0,[6119],E100000128981,E100000129083
19549,21.1,[6119],E100000129087,E100000001753
19500,28.0,[6119],E100000128868,E100000125266
19505,54.9,[6119],E100000130034,E100000130036
19521,100.0,[6119],E100000128982,E100000123438
23684,12.7,[101932],E100000137442,E100001014405
19567,100.0,[6119],E100000129880,E100000130038
19496,100.0,[6119],E100000130344,E100000129084
19526,34.4,[6119],E100000124937,E100000130344
22025,100.0,[11445],E100001011063,E100001011064
23141,8.01,[97821],E100001013253,E100001013257
22624,51.25,[74991],E100000120600,E100001011627
22908,9.13,[76632],E100001012152,E100001012156
19499,72.0,[6119],E100000128868,E100000125748
19543,46.02,[6119],E100000124942,E100000128992
19547,51.0,[6119],E100000128147,E100000123438
21592,40.0,[7887],E100000120711,E100000003527
15436,5.0,[6119],E100000129152,E100000129177
15433,4.8,[6119],E100000129152,E100000001753
19518,38.66,[6119],E100000128157,E100000128638
19513,14.94,[6119],E100000129085,E100000124932
19651,100.0,[6119],E100000128079,E100000123261
19612,38.13,[6119],E100000127546,E100000128641
19586,70.0,[6119],E100000126971,E100000124253
19595,3.07,[6119],E100000129533,E100000001753
19577,95.22,[6119],E100000127571,E100000123261
22507,,"[74681, 74682]",E100000000031,E100001011520
22237,39.59,[11776],E100000002409,E100001011231
23370,,[98915],E100001013743,E100001000540
22728,100.0,"[75341, 75342]",E100001011752,E100001011754
22625,9.98,[74991],E100000120600,E100001011628
19656,20.0,[6119],E100000129522,E100000123261
19650,100.0,[6119],E100000129086,E100000001427
5982,100.0,[6133],E100001001353,E100000001262
19646,15.0,[6119],E100000127014,E100000128217
19607,100.0,[6119],E100000128994,E100000130310
19641,38.29,[6119],E100000127563,E100000123261
19574,99.47,[6119],E100000127669,E100000123261
19623,100.0,[6119],E100000128643,E100000123261
19663,90.0,[6119],E100000128645,E100000130328
22621,35.32,[74989],E100000121400,E100001011250
19591,55.0,[6119],E100000126276,E100000128213
19606,80.0,[6119],E100000127520,E100000128640
23095,49.0,[81218],E100001013129,E100001013131
19571,100.0,[6119],E100000127280,E100000128211
19617,30.0,[6119],E100000126671,E100000127912
19674,9.83,[6119],E100000127798,E100000128647
19572,100.0,[6119],E100000126800,E100000123261
19659,11.41,[6119],E100000127655,E100001000465
19658,100.0,[6119],E100000126944,E100000123159
22832,100.0,"[75737, 75738]",E100001011928,E100001000649
19588,88.97,[6119],E100000127154,E100000123261
19616,70.0,[6119],E100000126671,E100000128215
22375,,[61179],E100001000657,E100001010286
19581,10.0,[6119],E100000129805,E100000130040
19652,10.0,[6119],E100000129204,E100000129881
19604,100.0,[6119],E100000128733,E100000128994
19600,100.0,[6119],E100000128872,E100000124790
22026,100.0,"[11446, 11447]",E100000001185,E100000003683
19585,30.0,[6119],E100000126971,E100000123261
13509,8.49,[107594],E100001000703,E100001000520
468,100.0,"[1291, 1292]",E100000002627,E100000001170
19614,100.0,[6119],E100000129766,E100000130041
19615,100.0,[6119],E100000130041,E100000125329
23142,5.67,[97821],E100001013253,E100001013258
19603,100.0,[6119],E100000129492,E100000124054
19660,12.28,[6119],E100000127655,E100000125312
19634,100.0,[6119],E100000128871,E100000130347
19632,50.0,[6119],E100000128870,E100000128996
19644,80.79,[6119],E100000126749,E100000128216
19645,55.0,[6119],E100000127014,E100000123261
19629,100.0,[6119],E100000128216,E100000123261
19628,92.84,[6119],E100000128642,E100000128871
19648,50.99,[6119],E100000128366,E100000124790
19611,44.96,[6119],E100000127546,E100000123261
12604,66.0,[6119],E100000122640,E100000123692
19597,51.0,[6119],E100000127062,E100000123345
21889,100.0,[10656],E100000132268,E100001010964
5862,29.0,"[6087, 6088]",E100000120482,E100000000960
19605,20.0,[6119],E100000127520,E100000123261
23230,,"[98310, 97733]",E100001013460,E100001000537
19657,80.0,[6119],E100000129522,E100000129882
19633,50.0,[6119],E100000128870,E100000128995
19627,7.16,[6119],E100000128642,E100000001753
19587,11.03,[6119],E100000127154,E100000001753
23306,100.0,[98592],E100001013608,E100001013609
19568,80.0,[6119],E100000129622,E100000129641
3489,22.17,"[5139, 11632]",E100001000102,E100000001487
19582,100.0,[6119],E100000129530,E100000123874
19662,10.0,[6119],E100000128645,E100000124453
19602,100.0,[6119],E100000128911,E100000130354
19589,100.0,[6119],E100000128073,E100000126276
19579,100.0,[6119],E100000128212,E100000128301
19655,100.0,[6119],E100000129882,E100000123261
1734,80.0,[2535],E100000003946,E100000000706
19569,20.0,[6119],E100000129622,E100000129880
19584,99.87,[6119],E100000126776,E100000124253
19647,30.0,[6119],E100000127014,E100000127912
19624,100.0,[6119],E100000128277,E100000125964
19653,90.0,[6119],E100000129204,E100000000241
19619,100.0,[6119],E100000127287,E100000123261
19580,90.0,[6119],E100000129805,E100000130039
19576,4.78,[6119],E100000127571,E100000001753
19654,100.0,[6119],E100000129453,E100000123874
19649,19.01,[6119],E100000128366,E100000128872
19598,49.0,[6119],E100000127062,E100000127505
19608,1.63,[6119],E100000126233,E100000001753
22909,8.39,[76632],E100001012152,E100001012157
19637,100.0,[6119],E100000128644,E100000123261
19570,100.0,[6119],E100000129212,E100001000149
19661,76.32,[6119],E100000127655,E100000128645
23071,100.0,"[80684, 80685, 80686, 80687]",E100001013015,E100001013016
19592,41.38,[6119],E100000126276,E100000128214
19599,100.0,[6119],E100000129373,E100000122053
19596,96.93,[6119],E100000129533,E100000129879
19578,100.0,[6119],E100000126942,E100000128212
19681,100.0,[6119],E100000129291,E100000129256
21890,,[],E100001010967,E100000131264
19749,20.0,[6119],E100000130047,E100000130119
19700,51.0,[6119],E100000128224,E100000123371
22910,5.57,[76632],E100001012152,E100001012158
3488,25.0,"[5139, 11632]",E100001000102,E100000001397
19682,29.5,[6119],E100000126492,E100000128220
19726,30.0,[6119],E100000126918,E100000128230
19736,100.0,[6119],E100000127487,E100000128650
19708,30.0,[6119],E100000126212,E100000128227
22027,34.09,[11451],E100001011066,E100000000962
19740,45.0,[6119],E100000126959,E100000124304
19717,19.67,[6119],E100000127273,E100000123261
19738,43.0,[6119],E100000127567,E100000124965
19722,100.0,[6119],E100000127130,E100000123500
19724,100.0,[6119],E100000126351,E100000123500
19734,20.0,[6119],E100000127486,E100000123261
19704,36.26,[6119],E100000127115,E100000128226
19703,8.93,[6119],E100000127115,E100000123261
19754,34.0,[6119],E100000128027,E100000124303
19773,100.0,[6119],E100000127983,E100000128652
19688,27.83,[6119],E100000126240,E100000128222
19701,100.0,[6119],E100000126863,E100000128224
19683,47.67,[6119],E100000126492,E100000128219
23231,100.0,[98311],E100001013461,E100001013462
19762,100.0,[6119],E100000128261,E100000123261
19707,49.0,[6119],E100000128225,E100000128648
19761,100.0,[6119],E100000128524,E100000123261
19755,100.0,[6119],E100000127597,E100000123261
19765,10.0,[6119],E100000129684,E100000130043
19768,10.0,[6119],E100000129684,E100000130044
19770,10.0,[6119],E100000129684,E100000128657
19764,6.0,[6119],E100000129684,E100000001753
19769,5.0,[6119],E100000129684,E100000130045
19766,5.0,[6119],E100000129684,E100000130046
19731,100.0,[6119],E100000129928,E100000123261
19699,49.0,[6119],E100000128224,E100000000217
19763,100.0,[6119],E100000128659,E100000123261
19680,35.0,[6119],E100000126210,E100000128218
23143,73.3,"[97824, 97826]",E100001013260,E100001013261
19777,10.0,[6119],E100000126261,E100000128235
19772,99.98,[6119],E100000126275,E100000123261
19720,62.98,[6119],E100000127399,E100000123371
19753,33.5,[6119],E100000128027,E100000124309
19752,29.5,[6119],E100000128027,E100000128651
19779,5.0,[6119],E100000126261,E100000128236
19751,3.0,[6119],E100000128027,E100000001753
19696,100.0,[6119],E100000127045,E100000123500
21593,100.0,[5541],E100000121385,E100000004143
19705,51.0,[6119],E100000127115,E100000128225
19776,4.0,[6119],E100000126261,E100000001753
22238,21.44,[11776],E100000002409,E100001011232
19725,70.0,[6119],E100000126918,E100000123500
19676,30.64,[6119],E100000127798,E100000130246
19733,100.0,[6119],E100000128650,E100000130329
19767,34.0,[6119],E100000129684,E100000123613
19744,51.0,[6119],E100000126396,E100000126457
19727,100.0,[6119],E100000127066,E100000128231
19677,100.0,[6119],E100000129428,E100001000064
19778,55.0,[6119],E100000126261,E100000123284
19713,49.0,[6119],E100000127331,E100000128228
19760,100.0,[6119],E100000128457,E100000123261
19679,51.0,[6119],E100000126210,E100000127133
23371,100.0,[98917],E100001013744,E100000132355
19709,70.0,[6119],E100000126212,E100000123500
19759,20.0,[6119],E100000126112,E100000128234
23096,100.0,[81231],E100001013133,E100000131353
19771,20.0,[6119],E100000129684,E100000130042
19715,49.0,[6119],E100000126338,E100000123500
19714,51.0,[6119],E100000127331,E100000128225
19685,40.31,[6119],E100000127337,E100000128219
23307,99.9,"[98186, 109126]",E100001013611,E100001001106
19745,100.0,[6119],E100000127977,E100000123261
19774,100.0,[6119],E100000128652,E100000128874
19675,59.53,[6119],E100000127798,E100000127809
22834,15.02,[75745],E100001011930,E100001011933
19718,62.33,[6119],E100000127273,E100000128225
19735,80.0,[6119],E100000127486,E100000128649
19690,100.0,[6119],E100000128223,E100000123261
19741,55.0,[6119],E100000126959,E100000124303
22833,15.02,[75745],E100001011930,E100001011932
19781,100.0,[6119],E100000128605,E100000123261
22508,14.8,"[74681, 74682]",E100000000031,E100001011521
19678,14.0,[6119],E100000126210,E100000001753
22729,9.71,"[75346, 75347]",E100001011755,E100001011197
22376,100.0,"[61209, 61211]",E100001010531,E100001011316
19732,100.0,[6119],E100000129445,E100000129883
19780,26.0,[6119],E100000126261,E100000124322
19716,51.0,[6119],E100000126338,E100000128225
19706,51.0,[6119],E100000128225,E100000123371
19723,100.0,[6119],E100000127677,E100000123371
19775,100.0,[6119],E100000127982,E100000128653
19687,30.36,[6119],E100000127337,E100000125499
19686,29.33,[6119],E100000127337,E100000128221
21745,20.0,"[108849, 108851]",E100001000756,E100001010874
19887,55.0,[6119],E100000127291,E100000128258
19885,20.0,[6119],E100000127291,E100000124965
19788,100.0,[6119],E100000128630,E100000123261
19833,20.0,[6119],E100000129875,E100000130048
22377,,"[61209, 61211]",E100001011316,E100001011317
19871,11.09,[6119],E100000126391,E100000130261
19800,10.0,[6119],E100000126225,E100000124337
19801,10.0,[6119],E100000126225,E100000128028
19884,50.0,[6119],E100000126180,E100000127977
22028,20.47,[11451],E100001011066,E100000000947
19836,100.0,[6119],E100000126405,E100000127476
19816,90.0,[6119],E100000126927,E100000123612
19784,100.0,[6119],E100000127564,E100000128654
22835,9.01,[75745],E100001011930,E100001011934
19830,100.0,[6119],E100000127978,E100000123261
19809,100.0,[6119],E100000126652,E100000124313
19794,66.71,[6119],E100000127979,E100000124965
19798,8.0,[6119],E100000126988,E100000128028
22239,92.38,"[11777, 11778]",E100000002510,E100001011233
19825,100.0,[6119],E100000128102,E100000124306
19829,100.0,[6119],E100000129536,E100000129537
19820,49.0,[6119],E100000126969,E100000122150
19832,80.0,[6119],E100000129875,E100000130047
19886,25.0,[6119],E100000127291,E100000124969
19850,7.4,[6119],E100000127011,E100000128248
19826,60.0,[6119],E100000127040,E100000123261
19865,40.0,[6119],E100000126184,E100000124303
19804,51.0,[6119],E100000126951,E100000124314
6872,100.0,[6119],E100000123182,E100000123335
19888,27.6,[6119],E100000127171,E100000128259
19824,100.0,[6119],E100000127573,E100000123261
19845,100.0,[6119],E100000127041,E100000123261
3484,3.43,"[1218, 11633]",E100001000101,E100000001753
19870,18.63,[6119],E100000126391,E100000124341
19802,55.0,[6119],E100000126225,E100000124315
19853,35.0,[6119],E100000127344,E100000122885
19840,67.0,[6119],E100000128245,E100000128655
19793,100.0,[6119],E100000126545,E100000128239
19863,30.0,[6119],E100000126184,E100000124309
19790,70.0,[6119],E100000126791,E100000123668
19834,100.0,[6119],E100000130048,E100000125511
19808,10.0,[6119],E100000126471,E100000128241
19860,51.0,[6119],E100000130031,E100000130120
22509,8.0,"[74681, 74682]",E100000000031,E100001011522
19844,67.0,[6119],E100000127980,E100000128656
19786,98.0,[6119],E100000130032,E100000123261
19827,40.0,[6119],E100000127040,E100000126239
19787,100.0,[6119],E100000128851,E100000123261
22627,12.3,[75009],E100000121176,E100001000178
19785,2.0,[6119],E100000130032,E100000001753
21594,45.82,[7889],E100000120059,E100001010564
19823,80.0,[6119],E100000126634,E100000123612
19822,20.0,[6119],E100000126634,E100000123691
19810,100.0,[6119],E100000130220,E100000124313
23144,14.0,[97824],E100001013260,E100000131453
19818,100.0,[6119],E100000127245,E100000123612
19803,25.0,[6119],E100000126225,E100000124314
19881,100.0,[6119],E100000128655,E100000128243
19867,51.0,[6119],E100000130045,E100000125511
19811,100.0,[6119],E100000127248,E100000124313
19864,30.0,[6119],E100000126184,E100000123587
19799,84.0,[6119],E100000126988,E100000124314
19848,9.5,[6119],E100000127011,E100000128247
19797,8.0,[6119],E100000126988,E100000124337
19828,100.0,[6119],E100000126515,E100000123478
3483,20.0,"[1218, 11633]",E100001000101,E100000001397
19782,3.0,[6119],E100000128265,E100000001753
19806,10.0,[6119],E100000126471,E100000124337
19880,100.0,[6119],E100000128238,E100000128243
19831,100.0,[6119],E100000127285,E100000122677
19855,45.0,[6119],E100000127043,E100000128249
19846,100.0,[6119],E100000128031,E100000123261
22994,65.0,[77823],E100000130922,E100000130925
19851,43.1,[6119],E100000127011,E100000128246
19856,55.0,[6119],E100000127043,E100000123993
19813,51.0,[6119],E100000126991,E100000124303
19815,5.0,[6119],E100000126927,E100000124311
19877,100.0,[6119],E100000128106,E100000123261
19805,49.0,[6119],E100000126951,E100000128240
19814,49.0,[6119],E100000126991,E100000128242
19843,33.0,[6119],E100000127980,E100000123261
21891,65.0,[10657],E100000132568,E100000121583
19819,100.0,[6119],E100000126691,E100000123612
19866,49.0,[6119],E100000130045,E100000124954
22730,6.53,"[75346, 75347]",E100001011755,E100001011758
19783,97.0,[6119],E100000128265,E100000123261
19835,100.0,[6119],E100000128241,E100000128234
19791,80.0,[6119],E100000127296,E100001000403
23097,100.0,[81246],E100001013138,E100001013139
19792,20.0,[6119],E100000127296,E100000128238
19854,65.0,[6119],E100000127344,E100000123993
19852,100.0,[6119],E100000126294,E100000123993
19807,80.0,[6119],E100000126471,E100000124314
19859,29.0,[6119],E100000130031,E100000130121
19909,10.0,[6119],E100000128619,E100000123261
19972,40.3,[6119],E100000128088,E100000123261
21892,27.0,[10657],E100000132568,E100001010961
22378,,[61213],E100001001269,E100001011318
19949,46.0,[6119],E100000127124,E100000124339
19889,15.05,[6119],E100000127171,E100000128262
19893,12.0,[6119],E100000127171,E100000128263
19890,7.5,[6119],E100000127171,E100000128264
19931,40.0,[6119],E100000127202,E100001000451
19992,5.5,[6119],E100000129004,E100001000465
23232,100.0,[98311],E100001013462,E100001013463
19925,96.0,[6119],E100000128233,E100000123261
19995,100.0,[6119],E100000129003,E100000128998
19926,7.5,[6119],E100000127216,E100000128266
19986,100.0,[6119],E100000129002,E100000130355
19993,94.5,[6119],E100000129004,E100000125759
19920,100.0,[6119],E100000130049,E100000130395
19975,100.0,[6119],E100000129000,E100000129090
19970,100.0,[6119],E100000129210,E100001000064
19951,20.0,[6119],E100000126111,E100000123261
19891,17.95,[6119],E100000127171,E100000128261
19945,100.0,[6119],E100000128269,E100000124303
19969,51.0,[6119],E100000126780,E100000123813
19911,100.0,[6119],E100000126799,E100000122639
19950,54.0,[6119],E100000127124,E100000126581
19989,9.73,[6119],E100000128692,E100000123461
19917,52.0,[6119],E100000128263,E100000128659
19923,93.8,[6119],E100000127193,E100000123261
21746,100.0,"[10392, 108430]",E100001000755,E100001010875
19908,66.67,[6119],E100000129537,E100000124961
19933,100.0,[6119],E100000128038,E100000123261
19957,100.0,[6119],E100000129211,E100000129887
22836,7.51,[75745],E100001011930,E100001011935
19960,3.58,[6119],E100000126146,E100000001753
19924,4.0,[6119],E100000128233,E100000001753
19910,90.0,[6119],E100000128619,E100000128875
19915,100.0,[6119],E100000126414,E100000123261
19906,100.0,[6119],E100000126972,E100000128239
19991,93.7,[6119],E100000128698,E100000128998
19981,30.0,[6119],E100000127637,E100000128662
22131,,"[5792, 11634]",E100001011142,E100001011143
19901,100.0,[6119],E100000128110,E100000123261
19994,100.0,[6119],E100000128998,E100000125759
19932,30.0,[6119],E100000127202,E100000128268
19973,23.7,[6119],E100000128088,E100000128090
19974,11.5,[6119],E100000128088,E100000128539
19982,100.0,[6119],E100000128011,E100000123261
19946,100.0,[6119],E100000126128,E100001000403
19978,100.0,[6119],E100000130128,E100000123261
19899,70.0,[6119],E100000128260,E100000123261
22628,10.0,[75009],E100000121176,E100001000179
19967,51.0,[6119],E100000127141,E100000123813
19987,1.03,[6119],E100000128665,E100000001753
19918,24.73,[6119],E100000129538,E100000129885
19954,100.0,[6119],E100000128195,E100000123261
19984,0.2,[6119],E100000127955,E100000001753
23233,100.0,[98311],E100001013463,E100000131519
19907,33.33,[6119],E100000129537,E100000129884
19898,4.9,[6119],E100000128260,E100000001753
19921,100.0,[6119],E100000129870,E100000130049
19976,100.0,[6119],E100000129090,E100000130363
19944,100.0,[6119],E100000126457,E100000124303
22240,100.0,"[11779, 11780]",E100000002649,E100001011234
19929,100.0,[6119],E100000128268,E100000123261
19930,30.0,[6119],E100000127202,E100000128267
19896,100.0,[6119],E100000128243,E100000124336
23145,7.0,[97824],E100001013260,E100001013262
19922,6.2,[6119],E100000127193,E100000001753
19900,25.1,[6119],E100000128260,E100000128658
19964,51.0,[6119],E100000126305,E100000123810
19980,70.0,[6119],E100000127637,E100000123261
19927,60.0,[6119],E100000127216,E100000122229
22995,20.0,[77823],E100000130922,E100001012496
19955,100.0,[6119],E100000129439,E100001000064
19985,99.8,[6119],E100000127955,E100000128663
22731,56.0,"[75353, 75354]",E100001011759,E100000120426
19928,32.5,[6119],E100000127216,E100000128243
19968,49.0,[6119],E100000126780,E100000123441
19934,100.0,[6119],E100000128657,E100000125758
19962,30.0,[6119],E100000126954,E100000127745
19965,49.0,[6119],E100000126305,E100000128271
19937,100.0,[6119],E100000128246,E100001000403
22510,100.0,"[74685, 74686, 74687]",E100000001846,E100000001832
19979,100.0,[6119],E100000127662,E100000128661
22029,8.7,[11451],E100001011066,E100001000730
19919,13.82,[6119],E100000129538,E100000129886
19902,100.0,[6119],E100000128111,E100000123261
19916,48.0,[6119],E100000128263,E100000128660
19988,90.27,[6119],E100000128692,E100000000249
19892,19.9,[6119],E100000127171,E100000128260
19963,70.0,[6119],E100000126954,E100000123813
19953,100.0,[6119],E100000130042,E100000130124
19971,24.5,[6119],E100000128088,E100000001753
19897,100.0,[6119],E100000128239,E100000130303
19894,14.0,[6119],E100000128240,E100000001753
19961,96.42,[6119],E100000126146,E100000123813
19966,49.0,[6119],E100000127141,E100000128249
21595,,[7890],E100000120996,E100000000646
20073,13.15,[6119],E100000128137,E100000123329
22732,10.0,[75354],E100001011759,E100001011761
20000,67.0,[6119],E100000128272,E100000128664
20059,3.0,[6119],E100000128408,E100000001753
20090,39.62,[6119],E100000130071,E100000130161
22132,10.0,[11604],E100001010554,E100000001358
20089,100.0,[6119],E100000127872,E100000123261
20034,51.0,[6119],E100000128696,E100000129000
20036,30.38,[6119],E100000128753,E100000128754
21747,12.09,[114906],E100000120130,E100000131685
20067,100.0,[6119],E100000128410,E100000123261
20004,100.0,[6119],E100000128999,E100000130356
20050,40.0,[6119],E100000127223,E100000128275
20038,20.25,[6119],E100000128753,E100000129003
20097,100.0,[6119],E100000129585,E100000123874
19996,100.0,[6119],E100000128903,E100000125759
20062,76.83,[6119],E100000129443,E100000124189
21596,,[7890],E100000120996,E100001000710
20052,100.0,[6119],E100000128234,E100000130304
20017,40.0,[6119],E100000130051,E100000130128
20009,100.0,[6119],E100000130158,E100000130355
22511,100.0,[74689],E100000121075,E100001000084
20071,100.0,[6119],E100000127919,E100000128276
20074,16.23,[6119],E100000128137,E100000123273
20100,100.0,[6119],E100000129892,E100000130382
20083,1.64,[6119],E100000128298,E100000001753
22837,5.99,[75745],E100001011930,E100001011936
20099,68.48,[6119],E100000127670,E100000123261
20085,0.4,[6119],E100000128611,E100000001753
20016,100.0,[6119],E100000127314,E100000126701
20042,48.85,[6119],E100000127963,E100000128088
20064,17.1,[6119],E100000129443,E100000129889
22996,93.93,"[77827, 77828]",E100000130925,E100001012497
20040,11.15,[6119],E100000127963,E100000001753
20018,60.0,[6119],E100000130051,E100000130127
23146,100.0,[97829],E100001013263,E100001013264
20082,100.0,[6119],E100000128348,E100000123261
20087,100.0,[6119],E100000127888,E100000123261
20063,6.07,[6119],E100000129443,E100000129890
20075,61.06,[6119],E100000128137,E100000128276
20047,100.0,[6119],E100000129688,E100000124255
20032,70.0,[6119],E100000129573,E100000129639
20057,60.0,[6119],E100000127397,E100000124667
22379,,[61213],E100001001269,E100001011319
20003,100.0,[6119],E100000128997,E100000130356
20096,6.0,[6119],E100000126126,E100000128278
20005,100.0,[6119],E100000128699,E100000128999
20039,100.0,[6119],E100000128694,E100000129004
22629,100.0,[75011],E100000000830,E100001011631
20054,100.0,[6119],E100000126417,E100000123261
20015,12.5,[6119],E100000130050,E100000130126
20014,12.5,[6119],E100000130050,E100000130125
20037,49.37,[6119],E100000128753,E100000129002
20043,51.0,[6119],E100000126726,E100000122322
20088,100.0,[6119],E100000128229,E100000123261
20060,97.0,[6119],E100000128408,E100000123261
20065,100.0,[6119],E100000129264,E100000124189
20081,100.0,[6119],E100000128788,E100000129005
20025,100.0,[6119],E100000130126,E100000130160
20061,100.0,[6119],E100000129269,E100000124189
20078,10.0,[6119],E100000127139,E100000128277
21893,8.0,[10657],E100000132568,E100001010968
20095,94.0,[6119],E100000126126,E100000123261
20031,100.0,[6119],E100000129888,E100000124978
20069,100.0,[6119],E100000129353,E100000129891
20019,100.0,[6119],E100000129561,E100000129707
20029,9.09,[6119],E100000129748,E100000130053
20028,70.88,[6119],E100000129748,E100000123261
20094,100.0,[6119],E100000129454,E100000129732
20077,70.0,[6119],E100000126164,E100000128276
20076,30.0,[6119],E100000126164,E100000124909
20051,60.0,[6119],E100000127223,E100000121749
20046,49.0,[6119],E100000126117,E100000128273
20041,40.0,[6119],E100000127963,E100000128090
20055,100.0,[6119],E100000129523,E100000129850
20086,99.6,[6119],E100000128611,E100000123261
20030,18.18,[6119],E100000129748,E100000130052
20098,31.52,[6119],E100000127670,E100000001753
20027,1.85,[6119],E100000129748,E100000001753
22241,,[11781],E100001011235,E100001011236
20013,52.5,[6119],E100000130050,E100000128692
13457,100.0,[6442],E100001010225,E100000001324
19997,100.0,[6119],E100000126905,E100000128272
20010,2.5,[6119],E100000129556,E100000001753
20068,100.0,[6119],E100000128967,E100000123261
20084,98.36,[6119],E100000128298,E100000123261
23372,100.0,[98919],E100001013745,E100000132215
20066,100.0,[6119],E100000129235,E100000129723
20079,90.0,[6119],E100000127139,E100000128276
20080,100.0,[6119],E100000128276,E100000000158
20020,49.0,[6119],E100000128661,E100000126090
20033,30.0,[6119],E100000129573,E100000129888
20011,97.5,[6119],E100000129556,E100000129639
20044,49.0,[6119],E100000126726,E100000128273
23234,54.45,[98315],E100001013464,E100001013465
20012,22.5,[6119],E100000130050,E100000000249
20102,10.0,[6119],E100000129381,E100000129892
22381,,[61213],E100001001269,E100001011321
20189,70.0,[6119],E100000129442,E100000130449
20152,5.59,[6119],E100000127621,E100000130412
22133,5.18,[11604],E100001010554,E100001011144
22513,7.54,[74692],E100000120930,E100001000179
22913,5.67,[76640],E100001012161,E100001012165
20181,100.0,[6119],E100000129394,E100000130441
20169,15.58,[6119],E100000129932,E100000130429
20112,1.38,[6119],E100000126125,E100000001753
20105,60.0,[6119],E100000127047,E100000122041
20107,99.0,[6119],E100000129893,E100000123261
20163,100.0,[6119],E100000129172,E100000130423
20187,100.0,[6119],E100000129430,E100000130447
21894,39.9,"[10658, 10659, 10660]",E100000132598,E100000000645
20156,100.0,[6119],E100000129897,E100001000028
23426,49.0,"[61169, 61170]",E100000121072,E100000003764
20192,100.0,[6119],E100000129297,E100000130452
20159,100.0,[6119],E100000128496,E100000130419
20180,100.0,[6119],E100000129203,E100000130440
20104,100.0,[6119],E100000128204,E100000123261
6914,80.0,[6119],E100000122566,E100000123341
20175,87.5,[6119],E100000126213,E100000130435
23308,61.04,"[98599, 98600, 108950]",E100001013612,E100001000782
20193,100.0,[6119],E100000129399,E100000130453
21822,55.24,[10563],E100000121011,E100001010925
20133,49.0,[6119],E100000129342,E100000129769
20174,12.49,[6119],E100000126213,E100000130434
20177,100.0,[6119],E100000128807,E100000130437
22512,16.1,[74692],E100000120930,E100001000178
20188,51.0,[6119],E100000129319,E100000130448
20195,100.0,[6119],E100000129472,E100000130455
20157,100.0,[6119],E100000127990,E100000130417
20132,100.0,[6119],E100000129729,E100000123261
20197,33.92,[6119],E100000129463,E100000130457
22630,9.3,[75013],E100000131391,E100001011632
20173,100.0,[6119],E100000128433,E100000130433
20109,100.0,[6119],E100000126571,E100000128279
20103,100.0,[6119],E100000126542,E100000124984
20120,100.0,[6119],E100000129338,E100000123261
20151,25.03,[6119],E100000127625,E100000001753
20130,33.0,[6119],E100000129366,E100000129742
23235,100.0,[98317],E100001013467,E100001013468
20121,100.0,[6119],E100000129329,E100000129895
8981,49.0,[6119],E100000124357,E100000124570
21748,9.67,[114906],E100000120130,E100001010876
20178,100.0,[6119],E100000128915,E100000130438
20135,18.22,[6119],E100000127984,E100000001753
20144,100.0,[6119],E100000129348,E100000129769
20110,100.0,[6119],E100000128718,E100000123261
20168,20.0,[6119],E100000127951,E100000130428
22838,5.26,[75745],E100001011930,E100001011937
20141,5.83,[6119],E100000127984,E100000130308
20139,5.42,[6119],E100000127984,E100000128670
20115,66.67,[6119],E100000129354,E100000129746
20162,100.0,[6119],E100000129921,E100000130422
20123,30.95,[6119],E100000129351,E100000123261
20172,67.17,[6119],E100000127247,E100000130432
22242,100.0,[11782],E100000004206,E100000001883
22997,80.0,"[107795, 107796]",E100000130852,E100001010426
20140,17.38,[6119],E100000127984,E100000130306
20160,50.0,[6119],E100000128876,E100000130420
20138,6.08,[6119],E100000127984,E100000128668
20143,5.94,[6119],E100000127984,E100000130307
20136,5.35,[6119],E100000127984,E100000128671
20137,5.89,[6119],E100000127984,E100000128669
20145,100.0,[6119],E100000126284,E100000123261
23304,100.0,"[98586, 98587, 98589]",E100001013602,E100001013606
22380,,[61213],E100001001269,E100001011320
22030,99.99,[11462],E100001011068,E100000001636
23147,100.0,[97829],E100001013264,E100001000488
20116,100.0,[6119],E100000129355,E100000123261
20128,20.0,[6119],E100000129736,E100000123261
20161,100.0,[6119],E100000129898,E100000130421
20131,67.0,[6119],E100000129366,E100000129638
20150,19.58,[6119],E100000128427,E100000130410
20183,100.0,[6119],E100000129455,E100000130443
20149,100.0,[6119],E100000128381,E100000126785
20171,30.0,[6119],E100000129477,E100000130431
20182,100.0,[6119],E100000129410,E100000130442
20129,80.0,[6119],E100000129736,E100000129688
3690,5.21,[5315],E100000000646,E100001000179
20134,51.0,[6119],E100000129342,E100000129896
20127,100.0,[6119],E100000129349,E100000123874
20142,29.91,[6119],E100000127984,E100000130305
20155,45.5,[6119],E100000128675,E100000130415
20125,100.0,[6119],E100000127072,E100000124495
20153,60.0,[6119],E100000129590,E100000130413
20179,100.0,[6119],E100000129606,E100000130439
20124,69.05,[6119],E100000129351,E100000129746
20106,1.0,[6119],E100000129893,E100000001753
22733,34.0,[75354],E100001011759,E100001011762
20158,100.0,[6119],E100000129008,E100000130418
23373,100.0,[98922],E100001013746,E100001013747
20108,100.0,[6119],E100000129339,E100000129893
20154,100.0,[6119],E100000129899,E100000130414
20198,90.0,[6119],E100000129539,E100000130458
20126,100.0,[6119],E100000129742,E100000123261
20114,33.33,[6119],E100000129354,E100000123261
20301,17.51,[6119],E100000130014,E100000130562
20246,38.17,[6119],E100000126480,E100000130507
20314,25.0,[6119],E100000126489,E100000130575
20268,70.0,[6119],E100000128003,E100000130529
22382,,[61213],E100001001269,E100001011322
20224,100.0,[6119],E100000129202,E100000130485
20266,100.0,[6119],E100000128952,E100000130527
20251,9.18,[6119],E100000127446,E100000001753
20249,35.58,[6119],E100000127550,E100000130510
20295,100.0,[6119],E100000127927,E100000130556
20245,9.69,[6119],E100000126480,E100000130506
20241,14.29,[6119],E100000126946,E100000130502
20243,14.29,[6119],E100000126946,E100000130504
20242,14.29,[6119],E100000126946,E100000130503
20239,14.29,[6119],E100000126946,E100000130500
20289,5.06,[6119],E100000126099,E100000130550
20286,100.0,[6119],E100000128783,E100000130547
20302,74.38,[6119],E100000129287,E100001010243
20287,64.8,[6119],E100000126468,E100000130548
20313,25.0,[6119],E100000126981,E100000130574
20260,7.07,[6119],E100000127592,E100000130521
20280,49.0,[6119],E100000126753,E100000130541
20267,12.83,[6119],E100000127423,E100000130528
20291,65.0,[6119],E100000127281,E100000130552
20248,15.84,[6119],E100000128355,E100000130509
20306,39.38,[6119],E100000129279,E100001000230
20223,17.0,[6119],E100000128632,E100000130483
20237,100.0,[6119],E100000129717,E100000130498
20226,100.0,[6119],E100000127471,E100000130487
20213,100.0,[6119],E100000129481,E100000130473
20305,5.63,[6119],E100000129279,E100001010245
20235,12.0,[6119],E100000130183,E100000130496
20264,18.28,[6119],E100000129382,E100000130525
21597,52.29,[7898],E100001000012,E100001001041
20316,8.13,[6119],E100000127781,E100000130577
20274,40.0,[6119],E100000128667,E100000130535
20232,65.0,[6119],E100000129277,E100000130493
22243,80.5,"[11787, 11788]",E100000002536,E100001011237
20281,28.19,[6119],E100000126816,E100000130542
22631,8.29,[75013],E100000131391,E100001011633
20292,94.18,[6119],E100000127179,E100000130553
20263,17.68,[6119],E100000129960,E100000130524
20253,49.0,[6119],E100000129595,E100000130514
22134,100.0,[11635],E100000004207,E100001011145
20297,10.0,[6119],E100000126930,E100000130558
20284,12.0,[6119],E100000127000,E100000120476
20296,100.0,[6119],E100000128481,E100000130557
20233,100.0,[6119],E100000128534,E100000130494
20257,8.68,[6119],E100000126400,E100000130518
20256,25.0,[6119],E100000127685,E100000130517
20285,35.0,[6119],E100000127000,E100000130546
20227,100.0,[6119],E100000127465,E100000130488
20254,100.0,[6119],E100000127683,E100000130515
20309,40.0,[6119],E100000129280,E100001010230
20229,30.0,[6119],E100000128723,E100000130490
21749,6.61,[114906],E100000120130,E100001000520
20271,30.0,[6119],E100000127046,E100000130532
21895,20.0,"[10658, 10659, 10660]",E100000132598,E100001010969
22514,,"[74693, 74694]",E100001001263,E100000001311
20304,25.0,[6119],E100000129279,E100001010230
20220,96.46,[6119],E100000126608,E100000130480
20272,8.98,[6119],E100000127384,E100000130533
20307,78.75,[6119],E100000129782,E100001010243
20278,51.0,[6119],E100000126934,E100000130539
20300,30.56,[6119],E100000128991,E100000130561
20279,90.7,[6119],E100000127857,E100000130540
20315,8.35,[6119],E100000127781,E100000130576
20283,49.0,[6119],E100000127918,E100001010236
20240,15.71,[6119],E100000126946,E100000130501
20230,100.0,[6119],E100000128874,E100000130491
20273,100.0,[6119],E100000129707,E100000130534
20275,60.0,[6119],E100000128667,E100000130536
20244,9.48,[6119],E100000126480,E100000130505
22633,7.8,[75013],E100000131391,E100001011635
20238,27.14,[6119],E100000126946,E100000130499
20293,49.0,[6119],E100000128784,E100000130554
20294,20.0,[6119],E100000127818,E100000130555
20236,59.76,[6119],E100000130139,E100000130497
20282,64.01,[6119],E100000127714,E100000130543
20277,100.0,[6119],E100000127691,E100000130538
22031,,[11463],E100001011069,E100000001263
20250,13.42,[6119],E100000127550,E100000130511
20265,15.32,[6119],E100000129382,E100000130526
20288,95.0,[6119],E100000126406,E100000130549
20270,100.0,[6119],E100000128303,E100000130531
20231,100.0,[6119],E100000129473,E100000130492
20228,99.67,[6119],E100000129869,E100000130489
20252,100.0,[6119],E100000129322,E100000130513
20218,8.0,[6119],E100000126119,E100000130478
20222,25.0,[6119],E100000127373,E100000130482
20312,60.0,[6119],E100000126214,E100000130573
20259,100.0,[6119],E100000129105,E100000130520
20219,100.0,[6119],E100000128209,E100000130479
20262,25.0,[6119],E100000127565,E100000130523
20217,70.1,[6119],E100000127117,E100000130477
20269,90.0,[6119],E100000129706,E100000130530
20341,28.57,[6119],E100000129734,E100000130602
20382,100.0,[6119],E100000129654,E100000130643
22515,30.0,[74707],E100000002557,E100000000084
20351,6.89,[6119],E100000128741,E100001010237
20406,100.0,[6119],E100000126625,E100000130667
20373,16.91,[6119],E100000126731,E100000130634
20338,100.0,[6119],E100000126319,E100000130599
20356,100.0,[6119],E100000129124,E100000130617
20386,14.26,[6119],E100000130210,E100000130647
20359,100.0,[6119],E100000128946,E100000130620
20328,100.0,[6119],E100000129155,E100000130589
21750,100.0,"[10400, 10401, 10402]",E100000120737,E100001000558
20390,100.0,[6119],E100000129071,E100000130651
20380,58.33,[6119],E100000127029,E100000130641
20393,100.0,[6119],E100000129562,E100000130654
20333,100.0,[6119],E100000129613,E100000130594
20385,25.0,[6119],E100000126733,E100000130646
20371,41.54,[6119],E100000126731,E100001010239
20381,100.0,[6119],E100000128460,E100000130642
22135,57.8,[11636],E100000000863,E100001011147
22632,7.81,[75013],E100000131391,E100001011634
22244,47.6,[11789],E100000000552,E100001011238
20412,50.0,[6119],E100000130116,E100000130673
20392,40.0,[6119],E100000129563,E100000130653
20362,100.0,[6119],E100000128962,E100000130623
22032,100.0,"[11465, 11466]",E100000003940,E100000133003
20332,68.15,[6119],E100000127256,E100000130593
20372,41.54,[6119],E100000126731,E100001010246
20365,100.0,[6119],E100000130058,E100000130626
20355,100.0,[6119],E100000128842,E100001010232
20394,67.0,[6119],E100000127913,E100000130655
20340,100.0,[6119],E100000128808,E100000130601
20367,95.24,[6119],E100000130022,E100000130628
20374,10.85,[6119],E100000126269,E100000130635
20413,50.0,[6119],E100000130116,E100000130674
20321,8.72,[6119],E100000127781,E100000130582
20318,8.59,[6119],E100000127781,E100000130579
20320,8.54,[6119],E100000127781,E100000130581
20324,45.17,[6119],E100000127197,E100000130585
20346,80.0,[6119],E100000127037,E100000130607
20329,90.91,[6119],E100000129792,E100000130590
20327,100.0,[6119],E100000129720,E100000130588
20403,100.0,[6119],E100000128898,E100001010240
20399,100.0,[6119],E100000128152,E100000130660
20339,100.0,[6119],E100000130161,E100000130600
20354,18.52,[6119],E100000128134,E100000130615
20357,100.0,[6119],E100000129936,E100000130618
20369,100.0,[6119],E100000129849,E100000130630
20352,11.39,[6119],E100000128741,E100000130613
22383,,[61215],E100000120415,E100001011325
20377,16.5,[6119],E100000126808,E100000130638
20317,14.31,[6119],E100000127781,E100000130578
20336,100.0,[6119],E100000129970,E100001010244
20348,49.0,[6119],E100000126465,E100000130609
20325,27.5,[6119],E100000126963,E100000130586
20322,100.0,[6119],E100000128373,E100000130583
20398,99.63,[6119],E100000126646,E100000130659
20375,24.91,[6119],E100001000929,E100000130636
20349,49.0,[6119],E100000128055,E100000130610
20423,98.97,[6119],E100000128665,E100000130684
20326,47.5,[6119],E100000126963,E100000130587
20422,24.58,[6119],E100000129538,E100000130683
21896,15.1,"[10658, 10660]",E100000132598,E100001010970
20418,8.65,[6119],E100000128297,E100001010231
20331,25.0,[6119],E100000126663,E100000130592
20335,100.0,[6119],E100000127347,E100000130596
20334,76.46,[6119],E100000128516,E100000130595
20361,52.0,[6119],E100000128958,E100000130622
20345,81.63,[6119],E100000128094,E100001010247
20330,100.0,[6119],E100000128834,E100000130591
20350,87.85,[6119],E100000128501,E100001010235
20391,51.0,[6119],E100000128068,E100000130652
20389,100.0,[6119],E100000128823,E100000130650
20319,14.9,[6119],E100000127781,E100000130580
20366,60.38,[6119],E100000127985,E100000130627
20347,100.0,[6119],E100000128100,E100000130608
20383,100.0,[6119],E100000128750,E100000130644
20360,100.0,[6119],E100000128553,E100000130621
20405,26.0,[6119],E100000127007,E100000130666
20343,14.29,[6119],E100000129471,E100000130604
20384,42.71,[6119],E100000126766,E100000130645
20419,100.0,[6119],E100000128653,E100000130680
20370,100.0,[6119],E100000129025,E100000130631
20410,50.0,[6119],E100000127457,E100000130671
20400,90.0,[6119],E100000128017,E100000130661
20401,44.44,[6119],E100000126328,E100000130662
20337,100.0,[6119],E100000129879,E100001010238
20378,20.69,[6119],E100000126444,E100000130639
22735,15.07,[75363],E100001011763,E100001011764
21598,70.0,"[7899, 7900, 7901]",E100000121365,E100000132805
20421,36.87,[6119],E100000129538,E100000130682
20376,8.5,[6119],E100000126808,E100000130637
20395,100.0,[6119],E100000130122,E100000130656
20358,100.0,[6119],E100000128901,E100000130619
20344,25.0,[6119],E100000126228,E100000130605
18123,99.92,[6119],E100000124082,E100000128538
22634,7.78,[75013],E100000131391,E100001011636
20426,18.15,[6119],E100000127397,E100000130687
19198,24.0,[6119],E100000126837,E100000128157
8443,40.0,[6119],E100000121861,E100000123646
22384,24.92,[61216],E100000121284,E100001011326
13722,81.43,[6119],E100000124379,E100000123261
17536,24.12,[6119],E100000126411,E100000123050
15299,64.33,[6119],E100000126136,E100000123261
19502,79.86,[6119],E100000124285,E100000129085
18903,100.0,[6119],E100000126260,E100000123261
23309,60.0,"[98602, 98603]",E100001013614,E100000131509
18141,20.0,[6119],E100000126333,E100000124271
15004,80.0,[6119],E100000126132,E100000127549
14415,70.0,[6119],E100000126288,E100000127486
15897,0.99,[6119],E100000126707,E100000001753
18090,100.0,[6119],E100000126320,E100000128056
15701,10.37,[6119],E100000128499,E100000123578
19107,84.95,[6119],E100000124748,E100000001753
21897,15.0,"[10658, 10660]",E100000132598,E100001010971
1370,100.0,"[2164, 2163]",E100000003542,E100000000649
14182,64.8,[6119],E100000124472,E100000125647
17841,30.0,[6119],E100000126370,E100000128030
22635,5.87,[75013],E100000131391,E100001011637
14094,100.0,[6119],E100000126141,E100000127440
14302,9.16,[6119],E100000130115,E100000001753
12223,37.5,[6119],E100000122737,E100000122727
16895,15.0,[6119],E100000126226,E100000127917
17358,37.6,[6119],E100000124483,E100000124069
7771,7.1,[6119],E100000122743,E100000123494
22839,,[75758],E100001011942,E100001011945
22736,15.07,[75363],E100001011763,E100001011765
15058,23.89,[6119],E100000126554,E100000127555
23148,100.0,"[97853, 97854]",E100001013269,E100001013270
19250,100.0,[6119],E100000123900,E100000123261
22516,100.0,[74711],E100001001286,E100000001209
2934,6.0,"[2460, 2459]",E100000003760,E100000000534
17782,47.17,[6119],E100000125093,E100000127877
10580,64.73,[6119],E100000123920,E100000123261
18180,67.09,[6119],E100000124094,E100000123261
9355,40.0,[6119],E100000122940,E100000000171
23259,100.0,"[98358, 109151]",E100001013489,E100000132368
19284,3.0,[6119],E100000127135,E100000001753
10812,80.0,[6119],E100000121964,E100000000181
15090,49.98,[6119],E100000123580,E100000129055
22245,15.7,[11789],E100000000552,E100001011239
22136,25.0,[11636],E100000000863,E100001011148
19609,98.37,[6119],E100000126233,E100000127546
13671,26.54,[6119],E100000125073,E100000128880
19869,69.75,[6119],E100000126391,E100000128251
16582,49.0,[6119],E100000126422,E100000126332
14300,99.9,[6119],E100000124737,E100000123261
18072,100.0,[6119],E100000126397,E100000123261
7334,26.25,[6119],E100000124496,E100000001753
22998,,[77846],E100000130806,E100001012500
16294,100.0,[6119],E100000125091,E100000123261
21599,100.0,[7899],E100000132805,E100000000650
2922,,"[2365, 2366, 1962, 2368, 2367, 1965]",E100000003789,E100000000545
20424,100.0,[6119],E100000128695,E100000130685
16775,5.0,[6119],E100000126897,E100000123261
5342,34.0,[6234],E100000120154,E100000120029
9356,10.0,[6119],E100000122940,E100000123810
17537,29.92,[6119],E100000126411,E100000123121
15592,99.98,[6119],E100000123579,E100000129055
7461,25.0,[6119],E100000122033,E100000123432
15016,100.0,[6119],E100000126262,E100000123261
23374,90.07,[108325],E100001013749,E100000132284
22914,5.24,[76640],E100001012161,E100001012166
3204,,"[1668, 2313, 2315, 2314, 1145, 1418, 1669]",E100000003705,E100000000374
6913,7.0,[6119],E100000122566,E100000001753
9426,7.7,[6119],E100000124613,E100000125093
9423,6.1,[6119],E100000124613,E100000001753
9425,5.64,[6119],E100000124613,E100000125094
22033,100.0,[11466],E100000133003,E100000000406
15315,51.0,[6119],E100000126372,E100000127576
15057,7.21,[6119],E100000126554,E100000001753
17819,37.0,[6119],E100000126238,E100000128023
4813,20.0,[],E100000121404,E100000120912
23438,100.0,[100110],E100001013916,E100000003676
5441,36.9,[],E100000121047,E100000120928
20459,100.0,[6504],E100001010327,E100001000663
14605,72.0,[6119],E100000126322,E100000123409
15700,10.04,[6119],E100000128499,E100000123427
15698,7.69,[6119],E100000128499,E100000124187
15699,7.11,[6119],E100000128499,E100000123940
15696,6.1,[6119],E100000128499,E100000001753
23463,29.02,[100668],E100000000964,E100001014053
14084,100.0,[6119],E100000126441,E100000123851
17994,100.0,[6119],E100000126768,E100000128044
19280,30.0,[6119],E100000126527,E100000123261
15041,10.0,[6119],E100000126894,E100000127554
19684,22.83,[6119],E100000126492,E100000125499
23149,65.0,"[97854, 97853]",E100001013270,E100001013271
17011,8.95,[6119],E100000126912,E100000130243
428,100.0,"[1260, 1261]",E100000002552,E100000000858
20427,40.0,[6119],E100000127047,E100001001136
21751,29.15,[6122],E100000121001,E100000003764
14581,40.0,[6119],E100000127167,E100000127512
17769,100.0,[6119],E100000126910,E100000124133
22840,,"[75777, 75778]",E100001011949,E100000001096
17817,30.0,[6119],E100000126659,E100000124705
16111,3.0,[6119],E100000126867,E100000001753
19849,40.0,[6119],E100000127011,E100000124965
18080,100.0,[6119],E100000126621,E100000123261
16711,85.0,[6119],E100000126758,E100000127693
18036,1.25,[6119],E100000127037,E100000001753
16188,59.0,[6119],E100000126868,E100000123261
19702,3.81,[6119],E100000127115,E100000001753
14217,45.0,[6119],E100000126479,E100001000030
19169,100.0,[6119],E100000126920,E100000128147
14530,100.0,[6119],E100000127048,E100000127504
17089,19.0,[6119],E100000126537,E100000126526
23310,65.0,[97869],E100001013615,E100001013279
22915,5.47,[76640],E100001012161,E100001012168
22517,16.72,[74713],E100001000932,E100001000178
15330,49.0,[6119],E100000126833,E100000127585
19583,0.13,[6119],E100000126776,E100000001753
16878,100.0,[6119],E100000127013,E100000127911
16013,51.0,[6119],E100000127033,E100000127677
19290,5.71,[6119],E100000126965,E100000128171
13754,37.6,[6119],E100000126880,E100000127409
18198,82.0,[6119],E100000126933,E100000123657
3883,,"[5488, 5482]",E100000000546,E100000000566
14637,30.0,[6119],E100000126558,E100000123261
23375,100.0,[98930],E100001013751,E100000131876
22034,100.0,[11467],E100001010465,E100001011070
16324,4.0,[6119],E100000126576,E100000001753
18086,100.0,[6119],E100000126892,E100000127272
18084,3.46,[6119],E100000126550,E100000001753
16961,77.0,[6119],E100000127057,E100000127729
18422,100.0,[6119],E100000127020,E100000123261
16437,100.0,[6119],E100000127008,E100000127788
16738,51.0,[6119],E100000126945,E100000127877
20420,15.0,[6119],E100000126514,E100000130681
17651,60.0,[6119],E100000127056,E100000123830
22246,11.0,[11789],E100000000552,E100001011240
20247,22.6,[6119],E100000126480,E100000130508
16598,49.0,[6119],E100000127183,E100000127838
20221,100.0,[6119],E100000127084,E100000130481
15963,4.23,[6119],E100000126462,E100000001753
18097,84.84,[6119],E100000126502,E100000128057
17185,30.0,[6119],E100000127165,E100000123261
14475,70.0,[6119],E100000126784,E100000123401
16660,100.0,[6119],E100000126546,E100000127371
16364,51.0,[6119],E100000126709,E100000127768
16690,30.0,[6119],E100000126618,E100000123261
16101,40.0,[6119],E100000127138,E100000127699
18037,18.75,[6119],E100000127037,E100000130258
22227,47.1,[11759],E100000120219,E100001011223
23239,100.0,"[98319, 109151]",E100001013471,E100000132368
18059,100.0,[6119],E100000126432,E100000128053
18085,96.54,[6119],E100000126550,E100000126416
19959,100.0,[6119],E100000126967,E100000123813
18003,100.0,[6119],E100000127063,E100000123261
15523,1.0,[6119],E100000126466,E100000001753
17342,87.12,[6119],E100000126925,E100000127982
21898,10.0,"[10658, 10660]",E100000132598,E100001010972
18075,99.76,[6119],E100000126598,E100000123261
5797,8.74,"[6075, 6076, 6077]",E100000120674,E100001001043
17316,100.0,[6119],E100000127149,E100000123261
15463,100.0,[6119],E100000127064,E100000127591
15928,87.78,[6119],E100000127110,E100000127664
22737,15.07,[75363],E100001011763,E100001011766
14083,100.0,[6119],E100000127086,E100000122095
13854,100.0,[6119],E100000126440,E100000123278
21600,20.0,"[7899, 7900, 7901]",E100000121365,E100000120931
18583,50.0,[6119],E100000126928,E100000128093
18005,92.25,[6119],E100000127119,E100000123261
18027,100.0,[6119],E100000126701,E100000128047
23237,50.0,[98319],E100001013469,E100001013471
23449,,[],E100000120553,E100000137485
22636,60.0,[75014],E100000120960,E100001011638
16293,83.0,[6119],E100000126950,E100000127745
14438,100.0,[6119],E100000126508,E100000127491
23464,26.1,[100668],E100000000964,E100001014054
20058,100.0,[6119],E100000126914,E100000126769
18004,7.75,[6119],E100000127119,E100000001753
16924,100.0,[6119],E100000126751,E100000127921
19380,72.0,[6119],E100000127131,E100000128184
22385,29.6,[61216],E100000121284,E100001011327
18540,100.0,[6119],E100000127133,E100000124129
20675,6.0,[6778],E100000130957,E100000130791
15812,83.2,[6119],E100000126990,E100000127636
1216,100.0,"[1978, 1979, 5988]",E100000003340,E100000000868
19739,57.0,[6119],E100000127567,E100000124303
3874,9.0,[1763],E100000003083,E100000002985
23150,100.0,"[97859, 97860, 97861]",E100001013273,E100000131840
9655,10.0,[6119],E100000003138,E100000123865
22386,8.46,[61216],E100000121284,E100001011328
20748,14.3,[6854],E100000131065,E100000131170
23311,100.0,[98612],E100001013618,E100001013619
22738,15.07,[75363],E100001011763,E100001011767
19642,33.0,[6119],E100000127563,E100000130298
20072,9.56,[6119],E100000128137,E100000001753
15412,40.84,[6119],E100000127587,E100000128382
13591,100.0,[6119],E100000127514,E100000123261
10625,6.58,[6119],E100000000224,E100000001753
22916,6.55,[76640],E100001012161,E100001012169
13562,40.0,[6119],E100000127589,E100000128281
17140,10.15,[6119],E100000127903,E100000130282
20750,14.3,[6854],E100000131065,E100000123200
13009,6.37,[6119],E100000000224,E100000125988
21752,100.0,[5856],E100000120806,E100001000807
19640,28.71,[6119],E100000127563,E100000001753
20751,14.3,[6854],E100000131065,E100000131150
23439,,"[10371, 10372]",E100000121531,E100000126498
16335,38.01,[6119],E100000127316,E100000127759
7255,100.0,[6119],E100000122317,E100000123413
13010,8.98,[6119],E100000000224,E100000125989
18087,100.0,[6119],E100000127272,E100000128048
14759,100.0,[6119],E100000128160,E100000128347
15199,26.4,[6119],E100000127286,E100000127564
22247,5.6,[11789],E100000000552,E100001011241
14652,49.11,[6119],E100000127540,E100000001753
12211,100.0,[6119],E100000122268,E100000123420
15655,100.0,[6119],E100000127612,E100000123261
18044,100.0,[6119],E100000127268,E100000128052
14381,100.0,[6119],E100000127542,E100000123261
15386,2.0,[6119],E100000127590,E100000001753
18755,8.11,[6119],E100000128104,E100000128578
15749,91.0,[6119],E100000127624,E100000127625
6698,51.0,[6119],E100000121616,E100000122058
15660,100.0,[6119],E100000127611,E100000128395
23441,,"[10368, 10369]",E100000121018,E100000126498
18823,17.79,[6119],E100000127968,E100000124854
10538,49.0,[6119],E100000003370,E100000124026
15415,100.0,[6119],E100000127588,E100000123261
19610,16.91,[6119],E100000127546,E100000001753
18514,100.0,[6119],E100000128089,E100000128561
16219,51.0,[6119],E100000127264,E100000127726
10176,17.16,[6119],E100000123047,E100000123960
17988,100.0,[6119],E100000128101,E100000000223
23465,100.0,[100669],E100001014055,E100001014056
17656,40.0,[6119],E100000127325,E100000123682
12378,10.0,[6119],E100000001431,E100000125226
15547,7.27,[6119],E100000127598,E100000123261
15662,38.0,[6119],E100000127610,E100000123552
22373,51.0,"[61169, 61170]",E100000121072,E100001011313
16946,45.0,[6119],E100000127585,E100000123261
13811,0.73,[6119],E100000127586,E100000001753
15650,51.0,[6119],E100000127614,E100000128393
17926,36.0,[6119],E100000127509,E100000128526
4757,,"[7904, 7905, 7906, 7907]",E100000001927,E100000001528
20111,100.0,[6119],E100000127537,E100000123261
19517,15.11,[6119],E100000128157,E100000124276
22637,100.0,[75014],E100001011638,E100000149695
22518,7.1,[74713],E100001000932,E100001000179
23376,100.0,"[98933, 109151]",E100001013753,E100000132368
14505,22.88,[6119],E100000128179,E100000122286
20379,25.0,[6119],E100000127366,E100000130640
17924,48.76,[6119],E100000127509,E100000123261
15933,17.47,[6119],E100000127620,E100000001753
21225,100.0,[7026],E100001010561,E100000001895
16301,100.0,[6119],E100000127795,E100000123261
19252,100.0,[6119],E100000128163,E100000123261
17233,100.0,[6119],E100000128074,E100000128485
11069,4.43,[6119],E100000123150,E100000001753
16374,49.0,[6119],E100000126909,E100000127774
15651,49.0,[6119],E100000127614,E100000128394
2921,,"[2362, 2361, 2359, 2360]",E100000003785,E100000001328
21601,25.34,[7903],E100000001528,E100001000520
14503,22.88,[6119],E100000128179,E100000128335
15767,5.41,[6119],E100000127623,E100000001753
23236,50.0,[98319],E100001013469,E100001013470
15093,12.5,[6119],E100000127668,E100000128369
18440,10.0,[6119],E100000128149,E100000128551
17164,100.0,[6119],E100000126408,E100000123261
15271,10.0,[6119],E100000130169,E100000130190
18353,45.51,[6119],E100000127353,E100000128088
14953,1.2,[6119],E100000127275,E100000001753
19837,100.0,[6119],E100000127562,E100000123261
14555,40.0,[6119],E100000127443,E100000128307
16385,49.0,[6119],E100000127243,E100000123261
19214,14.29,[6119],E100000128139,E100000123646
15044,7.14,[6119],E100000127957,E100000128364
18369,100.0,[6119],E100000128546,E100000123261
13647,100.0,[6119],E100000129021,E100000123261
23429,,[],E100000121037,E100001010086
17976,5.56,[6119],E100000128533,E100000128820
13902,35.0,[6119],E100000128835,E100000128898
17949,99.9,[6119],E100000128532,E100000130318
17563,100.0,[6119],E100000128509,E100000123261
23312,99.33,[98612],E100001013619,E100001013537
18670,5.33,[6119],E100000128275,E100000000189
17740,100.0,[6119],E100000129121,E100000130364
14922,100.0,[6119],E100000128909,E100000130349
23151,,"[97864, 97865, 97867]",E100001013276,E100000001063
15926,99.0,[6119],E100000129112,E100000123261
18332,10.0,[6119],E100000129160,E100001000032
17753,21.94,[6119],E100000128921,E100000129060
20190,50.0,[6119],E100000128671,E100000130450
20417,30.0,[6119],E100000128366,E100000130678
16289,100.0,[6119],E100000128458,E100000128772
22999,100.0,[77871],E100001012502,E100001012503
2099,100.0,[4948],E100000004288,E100000000459
18728,100.0,[6119],E100000128254,E100000123261
17469,95.0,[6119],E100000128607,E100000128792
22638,59.37,"[75017, 75018]",E100000000686,E100001011639
17954,60.0,[6119],E100000128525,E100000128815
23238,100.0,"[98319, 108511]",E100001013470,E100001000879
9730,100.0,[6119],E100000000199,E100000123261
22137,34.5,[11639],E100000003876,E100001000374
17697,100.0,[6119],E100000128452,E100000128807
18838,59.48,[6119],E100000128593,E100000123261
22215,,[2014],E100000003408,E100001011215
13734,16.36,[6119],E100000128891,E100000123261
22739,9.35,[75363],E100001011763,E100001011768
17489,71.62,[6119],E100000129035,E100000129119
16060,9.46,[6119],E100000128771,E100000123261
22035,100.0,"[11468, 11469]",E100001010558,E100000000962
16412,100.0,[6119],E100000128454,E100000128774
19895,86.0,[6119],E100000128240,E100000123261
20363,100.0,[6119],E100000128927,E100000130624
14752,76.47,[6119],E100000128530,E100000123261
10182,39.5,[6119],E100000123961,E100000124678
17716,76.32,[6119],E100000128237,E100000123261
16619,14.97,[6119],E100000126332,E100000001753
6600,9.0,[6119],E100001000881,E100000125517
18545,79.73,[6119],E100000128566,E100000125604
18314,100.0,[6119],E100000128274,E100000123261
17863,100.0,[6119],E100000129099,E100000123261
19643,19.21,[6119],E100000126749,E100000127912
17421,61.03,[6119],E100000128742,E100000124399
17203,77.78,[6119],E100000128486,E100000123261
17977,32.34,[6119],E100000128533,E100000128818
22248,100.0,[11791],E100001010547,E100001011242
14506,17.19,[6119],E100000128179,E100000128336
17547,70.0,[6119],E100000128231,E100000128502
22917,6.02,[76640],E100001012161,E100001012170
15101,20.0,[6119],E100000128527,E100000128737
17944,100.0,[6119],E100000129077,E100000125704
19839,10.41,[6119],E100000128245,E100000123261
18739,100.0,[6119],E100000128588,E100000123261
15974,25.68,[6119],E100000128420,E100000128760
17022,28.16,[6119],E100000127144,E100000127809
6602,5.0,[6119],E100001000881,E100000125518
13586,1.0,[6119],E100000128359,E100000001753
22387,5.67,[61216],E100000121284,E100001011329
16572,40.0,[6119],E100000127274,E100000127833
18842,89.74,[6119],E100000128858,E100000123261
23466,76.0,"[100674, 100676]",E100001014057,E100000000027
19436,24.0,[6119],E100000128207,E100000128633
16628,100.0,[6119],E100000128447,E100000127861
14680,100.0,[6119],E100000128346,E100000123261
14225,49.0,[6119],E100000128200,E100000128201
18496,100.0,[6119],E100000128960,E100000123261
17979,33.68,[6119],E100000128533,E100000128817
18229,100.0,[6119],E100000128281,E100000128047
19695,100.0,[6119],E100000128425,E100000123261
22519,6.53,[74715],E100000121347,E100001011526
15876,100.0,[6119],E100000128548,E100000127642
19268,2.44,[6119],E100000128864,E100000001753
16902,51.0,[6119],E100000128784,E100000123821
23240,100.0,"[98321, 98322, 108932]",E100001013472,E100000132114
23440,49.0,[10370],E100000121048,E100000126498
17984,100.0,[6119],E100000128822,E100000122410
17020,11.4,[6119],E100000127144,E100000130245
21602,11.86,[7903],E100000001528,E100000120972
18656,29.0,[6119],E100000128937,E100000129073
15425,100.0,[6119],E100000129175,E100000129189
16620,9.67,[6119],E100000126332,E100000123261
18117,95.06,[6119],E100000129065,E100000128787
16492,100.0,[6119],E100000128472,E100000123261
5140,50.0,"[6080, 6070]",E100000120890,E100000001926
9604,3.0,[6119],E100000121783,E100000001753
14199,88.68,[6119],E100000128314,E100000123261
10180,10.0,[6119],E100000123961,E100000123261
10179,1.0,[6119],E100000123961,E100000001753
22841,100.0,"[11906, 11907]",E100000121316,E100001001019
18150,57.92,[6119],E100000128492,E100000130319
22520,10.58,[74715],E100000121347,E100001011527
23427,25.0,[],E100000120331,E100001010086
21754,100.0,[5704],E100000121442,E100000001714
13535,100.0,[6119],E100000129352,E100000129638
15265,100.0,[6119],E100000129552,E100000129738
22249,100.0,[11792],E100000002999,E100001011243
22842,100.0,"[108785, 108786]",E100001011962,E100001000269
23203,100.0,"[98096, 98097, 98098, 98099]",E100001013376,E100000131907
17802,10.0,[6119],E100000129290,E100000129808
23241,35.0,[6109],E100001013473,E100001010018
14063,1.0,[6119],E100000129305,E100000001753
19983,100.0,[6119],E100000130127,E100000123261
18012,2.72,[6119],E100000130006,E100000001753
15600,99.99,[6119],E100000129995,E100000123261
22138,20.0,[11639],E100000003876,E100000000740
17454,100.0,[6119],E100000129986,E100000130386
18682,5.01,[6119],E100000130134,E100000125334
13001,10.0,[6119],E100000123180,E100000125980
22639,13.4,[75018],E100000000686,E100001011640
17897,24.0,[6119],E100000129770,E100000123261
23378,98.96,[98934],E100001013755,E100001013756
14906,15.0,[6119],E100000129942,E100000130068
20117,100.0,[6119],E100000129324,E100000129894
18715,100.0,[6119],E100000130018,E100000123261
18924,49.0,[6119],E100000129860,E100000001664
21901,29.0,"[10664, 10665, 10666]",E100000132811,E100000132867
17241,100.0,[6119],E100000130087,E100000000201
18019,41.67,[6119],E100000130100,E100000130154
14303,90.84,[6119],E100000130115,E100000123261
23467,20.0,[100674],E100001014057,E100001014058
18017,51.72,[6119],E100000130100,E100000130153
21900,100.0,"[10663, 10638]",E100000132900,E100000000654
22036,,"[11471, 11472]",E100000004160,E100001010116
13877,49.25,[6119],E100000129884,E100000123948
14196,10.0,[6119],E100000129315,E100000129685
1408,100.0,[2207],E100000003578,E100000000113
14994,100.0,[6119],E100000130107,E100000130141
17947,55.0,[6119],E100000130004,E100000130097
7174,34.0,[6119],E100000122274,E100000123394
18013,46.65,[6119],E100000130006,E100000130101
13634,50.0,[6119],E100000130131,E100000124421
8854,75.0,[6119],E100000122887,E100000123713
22740,6.59,[75363],E100001011763,E100001011707
14949,100.0,[6119],E100000129201,E100000129723
13794,100.0,[6119],E100000129308,E100000129658
18025,90.0,[6119],E100000129260,E100000129639
17021,9.44,[6119],E100000127144,E100000127933
18015,100.0,[6119],E100000129703,E100000130006
17354,100.0,[6119],E100000129993,E100000128928
18573,49.0,[6119],E100000129379,E100000123453
18020,100.0,[6119],E100000129814,E100000000221
348,100.0,[1149],E100000002458,E100000000553
23000,88.0,[77871],E100001012503,E100001012504
23432,,[],E100000121604,E100000130752
13638,100.0,[6119],E100000129646,E100000124421
19089,100.0,[6119],E100000130121,E100000130123
17606,70.0,[6119],E100000129575,E100000129793
14864,100.0,[6119],E100000129546,E100000003253
18681,12.96,[6119],E100000130134,E100000123940
17742,100.0,[6119],E100000130096,E100000130152
22388,97.0,[61218],E100000000347,E100001011330
20024,25.0,[6119],E100000129843,E100000130051
3384,90.0,"[2718, 2719]",E100000004151,E100000001078
18678,8.01,[6119],E100000130134,E100000001753
23450,,"[100441, 100442]",E100001013984,E100000000013
18014,50.63,[6119],E100000130006,E100000130100
18547,1.0,[6119],E100000129837,E100000001753
19613,100.0,[6119],E100000130016,E100000130394
17708,100.0,[6119],E100000129181,E100000123261
12272,10.9,[6119],E100000121666,E100000002707
23152,,[97733],E100001013277,E100001000537
18574,50.0,[6119],E100000129841,E100000129740
22918,9.09,[76640],E100001012161,E100001012171
14829,100.0,[6119],E100000129715,E100000130369
18274,43.75,[6119],E100000129976,E100000001753
18684,14.26,[6119],E100000130134,E100000130178
2279,50.0,"[1444, 1445]",E100000002604,E100000000654
18052,100.0,[6119],E100000129529,E100000129815
17251,5.0,[6119],E100000129693,E100000129983
19812,100.0,[6119],E100000130120,E100000130044
18021,100.0,[6119],E100000129702,E100000130007
19750,80.0,[6119],E100000130047,E100000130118
10622,10.0,[6119],E100000122356,E100000124039
16031,99.88,[6119],E100000130081,E100000130061
21603,12.56,[7903],E100000001528,E100000001077
17303,100.0,[6119],E100000129219,E100000129786
17941,75.0,[6119],E100000129262,E100000129713
7173,10.0,[6119],E100000122274,E100000123395
14553,99.9,[6119],E100000129927,E100000123261
17896,1.0,[6119],E100000129770,E100000001753
16241,0.4,[6119],E100000129973,E100000001753
17171,0.12,[6119],E100000130083,E100000001753
18033,100.0,[6119],E100000129416,E100001000064
23313,32.78,[98614],E100001013620,E100001013621
17945,20.0,[6119],E100000130132,E100000130175
15165,70.0,[6119],E100000130198,E100000128676
20449,45.05,[6498],E100001010314,E100001010316
23428,,[],E100000121022,E100001010086
20435,25.0,"[6490, 6491, 6492]",E100001010300,E100001010301
20439,100.0,[6489],E100001010305,E100001010297
15365,33.33,[6119],E100000130191,E100000130201
19558,98.6,[6119],E100000001429,E100000130346
21604,12.0,[7903],E100000001528,E100001010782
12385,20.0,[6119],E100000124944,E100000125228
14877,66.47,[6119],E100000130201,E100000130209
23242,65.0,"[98323, 98324]",E100001013473,E100000120627
20445,50.0,[6495],E100000003277,E100001000542
23314,33.4,[98614],E100001013620,E100000133214
22037,51.0,"[11473, 11474]",E100001011071,E100000001636
20440,100.0,[6489],E100001010306,E100001010297
12763,7.0,[6119],E100000122123,E100000001753
15277,18.6,[6119],E100000130189,E100000130200
20436,100.0,[6489],E100001010302,E100001010297
23379,98.97,[98934],E100001013756,E100001013757
20438,100.0,[6489],E100001010304,E100001010297
12767,29.85,[6119],E100000122136,E100000124363
22843,,"[75845, 75846]",E100001011965,E100000001196
18016,100.0,[6119],E100000130153,E100000001537
22250,87.14,[11793],E100000003032,E100001011244
22139,25.5,[11639],E100000003876,E100001011149
23451,100.0,[100470],E100001013986,E100000000746
13778,100.0,[6119],E100000130203,E100000130206
14878,33.53,[6119],E100000130201,E100000130210
15458,1.0,[6119],E100000130212,E100000001753
20443,,"[6493, 6493]",E100001010309,E100001010310
10309,95.0,[6119],E100000122956,E100000122885
18978,14.77,[6119],E100000130210,E100000001753
13772,100.0,[6119],E100000130205,E100000130215
22741,60.0,[5925],E100000003047,E100001011771
10560,10.0,[6119],E100000003369,E100000000227
17874,100.0,[6119],E100000130359,E100000125776
20456,85.0,"[6502, 6496, 6503]",E100001010325,E100000000614
18979,8.28,[6119],E100000130210,E100000130219
8089,6.55,[6119],E100000124531,E100000123940
22521,6.67,[74715],E100000121347,E100001011528
19305,100.0,[6119],E100000130187,E100000130184
14853,39.84,[6119],E100000130139,E100000130167
20234,88.0,[6119],E100000130183,E100000130495
20455,100.0,"[6500, 107866]",E100001010323,E100001010324
23001,100.0,"[77871, 107449]",E100001012504,E100001010336
13534,,"[6484, 6485]",E100001010291,E100001010292
8808,50.0,[6119],E100000122590,E100000123710
20450,24.95,[6498],E100001010314,E100001010317
20387,14.26,[6119],E100000130210,E100000130648
10559,35.0,[6119],E100000003369,E100000000261
17700,20.0,[6119],E100000130200,E100000130212
14200,18.53,[6119],E100000128018,E100000001753
20433,100.0,"[6476, 6477]",E100001010298,E100001010276
20431,30.0,"[6487, 6488]",E100001010296,E100001010270
20452,20.0,[6498],E100001010314,E100001010319
20446,100.0,[6496],E100001000542,E100000004212
17699,5.0,[6119],E100000130200,E100000130213
10019,30.0,[6119],E100000004354,E100000000173
14737,100.0,[6119],E100000130211,E100000123261
14020,9.62,[6119],E100000130177,E100000130187
13774,20.0,[6119],E100000130199,E100000130190
13830,0.73,[6119],E100000130192,E100000001753
21755,80.0,[5704],E100000121443,E100000001714
22640,6.81,[75018],E100000000686,E100001011641
20170,24.99,[6119],E100000130177,E100000130430
7148,3.6,[6119],E100000122198,E100000001753
20441,100.0,[6489],E100001010307,E100001010297
22919,5.74,[76640],E100001012161,E100001012079
9384,10.0,[6119],E100000123823,E100000125528
13923,100.0,[6119],E100000130204,E100000130217
23468,100.0,[98418],E100001014060,E100001014061
18680,5.01,[6119],E100000130134,E100000129031
8414,99.85,[6119],E100000123563,E100000123558
10620,5.0,[6119],E100000122344,E100000124030
20437,100.0,[6489],E100001010303,E100001010297
22389,76.0,[61224],E100000001757,E100001011331
14852,0.4,[6119],E100000130139,E100000001753
8413,0.15,[6119],E100000123563,E100000001753
22363,100.0,[46502],E100000120357,E100001011310
20434,75.0,"[6476, 6477]",E100001010300,E100001010276
10021,10.0,[6119],E100000004354,E100000000395
10022,10.0,[6119],E100000004354,E100000123926
10018,10.0,[6119],E100000004354,E100000123277
20430,,"[6487, 6488]",E100001010295,E100001010296
3786,30.0,[5390],E100000000889,E100000001753
8088,6.55,[6119],E100000124531,E100000124187
13777,100.0,[6119],E100000130206,E100000130216
21276,33.0,"[7006, 109786]",E100000131448,E100001000766
21191,33.0,[5828],E100000131448,E100001010436
18031,100.0,[6119],E100000130163,E100000123261
21902,25.0,"[10664, 10665, 10666]",E100000132811,E100000132959
20429,56.65,[6486],E100000121261,E100000120301
14162,14.29,[6119],E100001000456,E100000127451
15912,7.5,[6119],E100000130148,E100000125551
20070,100.0,[6119],E100000130182,E100000130203
23153,100.0,[97869],E100001013278,E100001013279
1314,100.0,"[2107, 2108, 2106]",E100000003452,E100000000875
16832,8.31,[6119],E100000127806,E100000123242
1419,100.0,"[2218, 2217]",E100000003590,E100000000397
22038,49.0,"[11473, 11474]",E100001011071,E100000001030
9772,13.56,[6119],E100000121796,E100000123882
12808,6.0,[6119],E100000121910,E100000124372
21606,7.67,[7903],E100000001528,E100001010784
23431,25.0,[],E100000121063,E100001010086
3107,,"[1668, 2313, 2315, 2314, 1145, 1418, 1669]",E100000003705,E100000002248
6127,75.0,"[6178, 109126]",E100001001108,E100001001106
22743,100.0,[5925],E100001011771,E100000001078
17416,12.97,[6119],E100000129053,E100000001753
4253,50.0,"[5829, 100830]",E100001000773,E100001000771
15661,10.25,[6119],E100000127610,E100000130270
23396,50.0,"[99021, 99022]",E100001013784,E100001013785
18336,27.59,[6119],E100000129161,E100001000031
10429,100.0,[6119],E100000124708,E100000000291
22390,11.0,[61224],E100000001757,E100001011332
15087,10.0,[6119],E100000129732,E100000129947
7323,100.0,[6119],E100000123866,E100000124489
22920,5.03,[76640],E100001012161,E100000130890
9826,36.0,[6119],E100000125109,E100000125289
23154,31.3,[97873],E100000140514,E100001010427
7344,15.0,[6119],E100000124494,E100000123812
2361,50.0,"[1767, 1768, 1769, 1392, 1766]",E100000003084,E100000001149
14618,44.0,[6119],E100000126845,E100000127526
3928,30.0,[5578],E100001000352,E100000001096
3868,14.4,[5492],E100001000329,E100001000331
3869,10.74,[5492],E100001000329,E100000000846
1393,100.0,"[2189, 2191, 2190]",E100000003562,E100000000657
4912,50.0,"[6235, 6236]",E100000120716,E100000000652
11057,10.33,[6119],E100000123415,E100000124790
11058,6.2,[6119],E100000123415,E100000124791
11061,5.37,[6119],E100000123415,E100000124792
11055,5.19,[6119],E100000123415,E100000124793
11054,4.13,[6119],E100000123415,E100000001753
10348,51.0,[6119],E100000122963,E100000123474
11097,37.5,[6119],E100000123134,E100000123474
16080,8.0,[6119],E100000126934,E100000127693
23452,96.58,[100475],E100001013992,E100001013994
20457,15.0,"[6502, 6496, 6503]",E100001010325,E100000004212
21756,20.0,"[5704, 10407, 10408]",E100000121443,E100001010129
14450,12.8,[6119],E100000127535,E100000128330
14447,6.84,[6119],E100000127535,E100000001753
11497,30.0,[6119],E100000121741,E100000123261
11498,19.0,[6119],E100000121741,E100000124158
6437,2.14,[6119],E100000124408,E100000001753
23469,14.38,[100678],E100001014062,E100001014063
9828,15.0,[6119],E100000125109,E100000125290
11578,4.91,[6119],E100000123204,E100000001753
4142,100.0,"[5750, 5751]",E100001000582,E100001000583
2401,45.0,[1701],E100000003191,E100000000885
23002,20.0,[77961],E100001012522,E100000000547
15765,100.0,[6119],E100000126587,E100000123261
22641,5.93,[75018],E100000000686,E100001011642
1530,,"[1668, 2313, 2315, 2314, 1145, 1418, 1669]",E100000003705,E100000001223
3243,,"[1668, 2313, 2315, 2314, 1145, 1418, 1669]",E100000003705,E100000001753
8198,51.0,[6119],E100000122795,E100000123587
22844,100.0,"[75852, 75853]",E100001011966,E100000120511
6511,5.59,[6119],E100000122090,E100000123273
6513,5.51,[6119],E100000122090,E100000123274
22140,20.0,[11639],E100000003876,E100001011150
16831,6.96,[6119],E100000127806,E100000123329
16830,5.46,[6119],E100000127806,E100000001753
12571,1.37,[6119],E100000122675,E100000001753
9190,81.68,[6119],E100000122726,E100000123776
21903,15.0,"[10664, 10665, 10666]",E100000132811,E100000132904
14617,7.9,[6119],E100000126845,E100000127527
14615,3.59,[6119],E100000126845,E100000001753
8248,10.0,[6119],E100000122179,E100000123607
12112,48.0,[6119],E100000121906,E100000124238
1796,,"[2592, 2591, 2593]",E100000004006,E100000001020
19817,5.0,[6119],E100000126927,E100000128243
4834,79.4,"[6233, 7825]",E100000120735,E100000121514
20461,18.47,"[6505, 107375]",E100001000439,E100001010036
22251,100.0,[11794],E100000003794,E100000120142
23315,26.21,[98614],E100001013620,E100001013622
18240,5.64,[6119],E100000130021,E100000123273
18239,2.56,[6119],E100000130021,E100000001753
22294,48.92,[11884],E100000120911,E100001000742
23380,99.0,[98934],E100001013757,E100001013758
5225,50.0,"[6070, 6078]",E100000120838,E100001000485
12792,34.0,[6119],E100000122014,E100000124370
7535,5.0,[6119],E100000122490,E100000123444
7536,5.0,[6119],E100000122490,E100000123445
16501,30.0,[6119],E100000126211,E100000127812
16498,20.0,[6119],E100000126211,E100000123261
16499,10.0,[6119],E100000126211,E100000127813
23430,,[],E100000121046,E100001010086
12384,10.0,[6119],E100000124944,E100000121680
13486,50.0,[108835],E100001000844,E100001010248
21605,6.42,[7903],E100000001528,E100001010783
24079,100.0,[105592],E100001015092,E100001015093
20470,100.0,[6521],E100001010338,E100001010337
23685,8.3,[101932],E100000137442,E100001014406
24027,100.0,[105237],E100000151510,E100000001454
23603,22.2,"[101561, 101562]",E100000002538,E100000000656
24045,50.0,"[105436, 105444]",E100001015048,E100000002899
8773,20.0,[6119],E100000122483,E100000123630
23859,100.0,"[102662, 102663]",E100001014622,E100001014294
11082,3.0,[6119],E100000123133,E100000001753
23647,12.69,[101777],E100000001164,E100001010595
20485,12.49,[6528],E100001010353,E100001010355
23627,7.6,[101647],E100001014311,E100001010705
24063,8.42,[105507],E100000001918,E100001000520
20464,100.0,"[6507, 6508, 6510, 107675]",E100001010329,E100001010330
23739,50.0,"[102275, 102276, 102277]",E100001014523,E100001014524
20484,95.44,[6526],E100001010354,E100000002765
23433,,[1836],E100000003144,E100000121694
20481,100.0,[6526],E100001010351,E100000002765
22252,100.0,[11795],E100001011245,E100001000849
23470,7.72,[100678],E100001014062,E100001014064
20483,33.24,[6528],E100001010353,E100001010146
22391,,[61264],E100001000315,E100001000082
21757,100.0,[5704],E100000121441,E100000001714
20480,,"[6526, 6527]",E100000002765,E100001010349
24055,35.0,[105494],E100001015053,E100001015054
22642,5.72,[75018],E100000000686,E100001011643
23453,,"[100480, 100482]",E100000001077,E100001000095
23709,100.0,[102025],E100001014436,E100001014437
23755,8.4,[102334],E100001000361,E100001000348
23155,23.69,[97873],E100000140514,E100001013280
23648,5.91,[101778],E100000001164,E100001010596
23881,53.0,"[102697, 102699]",E100001000155,E100001014710
23907,100.0,[104543],E100001014762,E100000000114
23980,17.57,[104809],E100001014854,E100001014855
23740,50.0,"[102275, 102276]",E100001014523,E100001014325
23796,5.73,[102448],E100000001193,E100001010596
23973,6.15,[104797],E100000001223,E100001014849
22039,100.0,[11475],E100000004114,E100001011072
24020,99.4,"[105217, 105218]",E100001014951,E100001014952
23891,,"[102703, 102704]",E100001014724,E100000001213
23781,10.7,[102376],E100001014572,E100001000348
5523,,[],E100000120828,E100001000930
1227,100.0,"[1993, 1992, 5767, 5988]",E100000003352,E100000000868
23997,5.0,"[104859, 104862]",E100001014879,E100001014880
21607,9.02,[7903],E100000001528,E100001010785
23956,100.0,[104723],E100001014826,E100001014828
23928,49.0,[104577],E100001014786,E100001014787
20478,100.0,"[6523, 6525]",E100001010347,E100001010348
23726,,"[102225, 102226, 102227, 102228]",E100001014503,E100001014505
23947,100.0,"[104680, 104682]",E100001014811,E100001014812
23846,5.0,[102637],E100001014505,E100001014666
21904,17.0,"[10664, 10665, 10666]",E100000132811,E100000132807
22744,40.0,[5925],E100000003047,E100001011772
23443,100.0,[6949],E100001010220,E100001001368
24085,100.0,[105602],E100000121045,E100001011093
23381,100.0,[98934],E100001013758,E100000131625
23566,33.33,"[101356, 101357]",E100001014229,E100000001200
22470,100.0,[11926],E100001011457,E100000002049
22845,,"[75855, 75856]",E100001011968,E100001011969
24086,,[105649],E100001015109,E100001015111
22911,16.58,[76640],E100001012161,E100001012163
23871,12.7,[102679],E100001014694,E100001000348
23693,,"[102009, 102005]",E100001014421,E100001014422
23989,100.0,[104842],E100001014873,E100001014874
24037,100.0,[105369],E100001014524,E100001015015
23577,100.0,[101494],E100001014262,E100001000197
23003,20.0,[77961],E100001012522,E100001012523
23964,15.56,[104740],E100001014834,E100001014836
23768,6.39,[102345],E100001014551,E100000153514
23667,20.5,"[101821, 101822]",E100001014373,E100001014375
24012,25.0,[105138],E100001014932,E100000001143
22523,75.0,"[74718, 74719]",E100001000336,E100000001651
20475,80.0,"[6521, 6522]",E100001010343,E100001010340
20462,7.69,"[6505, 107375]",E100001000439,E100001010037
23316,39.2,[5912],E100000000659,E100000001753
23898,19.9,[104533],E100000000810,E100000001247
20471,100.0,[6521],E100001010339,E100001010338
20474,100.0,[6521],E100001010342,E100001010337
24071,22.88,[105525],E100001015066,E100001015067
23916,6.08,[104555],E100000000513,E100001000520
20482,95.31,[6526],E100001010352,E100000002765
23938,40.0,[104623],E100001014800,E100000001116
5524,,[],E100000120828,E100000121089
22912,5.85,[76640],E100001012161,E100001012164
23434,25.0,[6119],E100000129262,E100000130614
3732,16.27,[5350],E100000000866,E100000001753
24064,5.16,[105507],E100000001918,E100000153028
22846,100.0,"[75863, 75864, 75865]",E100001011973,E100000001213
23649,6.7,[101779],E100000001164,E100000001534
23756,10.2,[102336],E100001000361,E100001014543
24138,100.0,[105845],E100001015203,E100000000669
24128,29.25,[105840],E100001014209,E100000000610
22253,14.12,[11796],E100001010544,E100001010707
23004,60.0,[77961],E100001012522,E100000131198
23965,9.67,[104740],E100001014834,E100001014837
23899,7.3,[104533],E100000000810,E100001014754
23929,60.0,[104579],E100001014787,E100000000394
23668,19.13,"[101821, 101822]",E100001014373,E100001014376
23741,86.8,"[102282, 102284]",E100001014526,E100000001282
24100,52.23,[105674],E100001015128,E100001015129
24028,100.0,[105237],E100000186329,E100000001454
22040,100.0,[11483],E100001011073,E100000000336
22643,100.0,[75021],E100000120407,E100001011644
23948,100.0,[104687],E100001014813,E100001014815
20491,33.33,[6530],E100001010361,E100000001651
24029,10.36,[105327],E100001011267,E100001010595
23710,,"[102026, 102027]",E100001014438,E100000001179
24141,,[105851],E100001015206,E100001000348
23872,16.66,[102681],E100001014694,E100001014695
23847,5.0,[102637],E100001014505,E100001014667
21905,14.0,"[10664, 10665]",E100000132811,E100001010973
23650,10.0,[101780],E100000001164,E100001000348
10509,16.0,[6119],E100000003379,E100000000301
21608,11.68,[7903],E100000001528,E100001010786
23892,100.0,[75865],E100001014728,E100000001213
24021,,"[105219, 105220]",E100001014953,E100001014954
23797,7.0,[102449],E100000001193,E100001000348
24120,27.66,[5799],E100000001017,E100000002128
22392,60.75,[8360],E100000000142,E100001011336
24111,17.2,[105708],E100001015157,E100000120035
23974,6.4,[104798],E100000001223,E100001000348
24056,100.0,"[105496, 105499]",E100001015055,E100000000523
24046,50.0,"[105436, 105444]",E100001015048,E100001015049
23715,,[],E100000120918,E100000121315
23782,100.0,[102378],E100001014575,E100001014576
23578,100.0,[101496],E100001014263,E100001014264
24013,16.0,[105138],E100001014932,E100001014626
10508,16.0,[6119],E100000003379,E100000124021
20492,33.33,[6532],E100001010361,E100001010360
23625,31.3,[101647],E100001014311,E100000000104
23503,100.0,[100890],E100001014128,E100001014129
21758,30.0,[5704],E100000120473,E100001010877
23382,100.0,"[98938, 98939, 98940]",E100001013759,E100000131654
23628,6.4,[101647],E100001014311,E100001014314
23812,50.0,[102462],E100001014610,E100001014613
11331,5.06,[6119],E100000001522,E100000124702
23833,5.5,[102562],E100000000111,E100001000348
23930,40.0,[104579],E100001014787,E100001014534
23998,100.0,[104885],E100001014881,E100001014883
24116,57.35,"[105718, 108996]",E100000000531,E100000120517
23917,100.0,[104556],E100001014771,E100001014772
23454,14.67,"[100517, 1060, 100522]",E100000002393,E100000001096
24124,100.0,[105836],E100001015191,E100001015192
20489,10.5,[6529],E100000001651,E100001010360
24080,100.0,"[105592, 105593]",E100001015093,E100001011120
22745,50.0,[5925],E100001011772,E100000000382
23981,,[104811],E100001014856,E100001014858
23156,19.38,[97873],E100000140514,E100001010429
24135,9.58,[105845],E100000000669,E100001015201
23908,10.8,"[104545, 104546]",E100000003044,E100000000654
23471,,[100680],E100001014065,E100001014066
23604,33.3,"[101561, 101562]",E100000002538,E100001001200
24087,100.0,"[105653, 105654]",E100001015112,E100001015113
24105,50.0,[105681],E100001015134,E100000000650
23939,,[],E100001014804,E100001010889
13187,100.0,[],E100001001196,E100001010047
23694,99.99,[102010],E100001014423,E100001014424
23686,8.2,[101932],E100000137442,E100001014407
23567,33.33,[101356],E100001014229,E100001014230
23882,25.0,[102700],E100001014712,E100001014713
23860,100.0,[102664],E100001014683,E100000000610
23727,,"[102225, 102227, 102228]",E100001014503,E100001014506
23317,80.0,[97869],E100001013631,E100001013279
23957,100.0,"[104725, 104726]",E100001014828,E100001014679
24106,50.0,[105681],E100001015134,E100000000651
22141,90.0,[11643],E100000121562,E100001011152
20487,7.16,[6528],E100001010353,E100001010357
24094,5.25,[105667],E100000000645,E100000000638
22524,48.42,[74721],E100000120413,E100000000426
24132,10.0,[105840],E100001014209,E100000000669
24072,22.73,[105525],E100001015066,E100001015068
17263,100.0,[6119],E100000126649,E100000127970
23990,58.5,[104843],E100001014875,E100000000112
24038,25.01,[105389],E100001015021,E100001015024
22393,14.43,[8360],E100000000142,E100001011337
20525,40.0,[6620],E100000130773,E100000131165
20539,49.0,[6642],E100000004252,E100000001753
20544,100.0,[107631],E100000130799,E100000130689
23504,60.17,"[100891, 100892]",E100001014130,E100001014131
20518,100.0,[6616],E100000130769,E100000130745
20510,86.5,[6607],E100000130758,E100000130737
20502,100.0,"[107806, 107805]",E100000130719,E100000130723
20535,,[6638],E100000130789,E100000120333
20545,76.0,[6649],E100000130800,E100000130743
20542,,"[6645, 7086, 107589]",E100000130796,E100000131000
7961,100.0,[6119],E100000125308,E100000125131
20512,100.0,[6608],E100000130759,E100000130955
22254,11.72,[11796],E100001010544,E100001010595
20583,,"[6681, 107622]",E100000130832,E100000130908
20575,100.0,"[6672, 107820]",E100000130824,E100000130894
20508,,[107480],E100000130740,E100000000860
20578,100.0,[107631],E100000130828,E100000130689
20543,,[107791],E100000130797,E100000130722
20530,100.0,[6625],E100000130776,E100001010321
20580,71.2,[6679],E100000130830,E100001000695
20567,71.2,[6665],E100000130817,E100001000695
20537,,"[6641, 107992]",E100000130793,E100000130896
20568,23.8,[6665],E100000130817,E100000131161
20522,33.0,[6619],E100000130772,E100000131166
20546,24.0,[6649],E100000130800,E100001000576
20506,97.54,[107714],E100000130736,E100000130737
20526,15.0,[6620],E100000130773,E100000001753
20581,23.8,[6679],E100000130830,E100000131161
1332,100.0,[2125],E100000003494,E100000001278
20532,,[107609],E100000130778,E100000000614
20565,11.6,[6663],E100000130816,E100000131161
22746,50.0,[5925],E100001011772,E100000000649
23435,50.0,[107540],E100000131062,E100000127970
23246,7.8,[98331],E100001013474,E100000132056
20569,5.0,[6665],E100000130817,E100000001753
20577,100.0,[80721],E100000130827,E100000130745
20511,13.5,[6607],E100000130758,E100000001753
20582,5.0,[6679],E100000130830,E100000001753
23157,,[97733],E100001013283,E100001000537
21609,10.41,[7909],E100000000014,E100001010787
22644,5.4,[75022],E100001011089,E100001011645
20520,33.0,[6619],E100000130772,E100000131143
20549,20.0,"[6651, 107521]",E100000130802,E100000000651
20572,100.0,"[75136, 75137, 11504, 11505]",E100000130820,E100001000444
20504,97.52,[107715],E100000130734,E100000130737
20540,,"[107722, 107723]",E100000130794,E100000131060
20550,10.0,"[6651, 107519]",E100000130802,E100001000930
20566,3.6,[6663],E100000130816,E100000001753
20552,100.0,[6652],E100000130805,E100000130891
20563,49.9,[6663],E100000130816,E100000131035
20521,33.0,[6619],E100000130772,E100000131029
20564,34.9,[6663],E100000130816,E100001000695
20574,100.0,[6671],E100000130823,E100000001935
23318,80.0,[97869],E100001013633,E100001013279
5974,,[],E100001001357,E100000001262
22847,100.0,"[75868, 75869]",E100001011974,E100001000605
8600,30.0,[6119],E100000003162,E100000000269
20573,,[6537],E100000130821,E100000131000
20555,100.0,"[6656, 108215]",E100000130808,E100001000652
22394,10.36,[8360],E100000000142,E100001011338
20500,,[107832],E100000130690,E100000130966
23472,21.16,[100685],E100001014067,E100001014068
20556,100.0,[6653],E100001010279,E100000130955
20503,100.0,[80171],E100000130729,E100000000692
23455,100.0,[100525],E100000001079,E100001000095
22142,85.6,[11642],E100001011152,E100000000875
20524,45.0,[6620],E100000130773,E100000130725
21906,,"[10667, 10668]",E100000132625,E100001000230
20527,74.9,"[6621, 107698, 107699]",E100001010067,E100000131002
20554,,"[6654, 107622]",E100001010273,E100000130908
20509,,"[6593, 107623, 107622]",E100000130742,E100000130908
20547,,"[6650, 107924]",E100000130801,E100000130883
20523,1.0,[6619],E100000130772,E100000001753
20533,100.0,[6631],E100000130783,E100000131157
20538,51.0,[6642],E100000004252,E100000130895
20589,100.0,[6687],E100000130844,E100000131040
20528,100.0,[6622],E100000131189,E100000131078
22320,100.0,[11933],E100000000330,E100001011288
22525,48.42,[74721],E100000120413,E100001011529
22395,100.0,[8360],E100001011337,E100001011339
23757,100.0,[102338],E100001014544,E100001014545
11996,8.34,[6119],E100000124904,E100000124912
23848,100.0,[102638],E100001014235,E100001014668
20606,,"[6707, 107591]",E100000130868,E100000131000
23436,7.9,[6119],E100000124904,E100000125641
20634,23.8,[6742],E100000130913,E100000131161
11995,3.97,[6119],E100000124904,E100000001753
20646,100.0,"[108108, 108109]",E100000130921,E100000131050
23247,100.0,[98332],E100001013475,E100000131921
23505,39.83,[100891],E100001014130,E100001010923
21760,60.0,"[10410, 5704]",E100001010877,E100000001371
20661,,[6767],E100000130940,E100000130712
20596,90.0,[6697],E100000130856,E100001000472
20603,100.0,[6705],E100000130865,E100000131060
20629,,"[107736, 107790]",E100000130907,E100000130722
23861,63.0,[102666],E100001012563,E100001014685
20604,,[107724],E100000130866,E100000131060
22255,8.35,[11796],E100001010544,E100001000348
23456,100.0,"[100530, 100532]",E100001014007,E100000001309
23695,99.99,[102010],E100001014424,E100001014425
23711,41.53,[102032],E100000130436,E100001014441
20624,100.0,[6731],E100000130899,E100000131039
20607,100.0,"[108027, 108028]",E100000130869,E100000130743
20608,100.0,[6709],E100000130870,E100000130755
7871,5.08,[6119],E100000003621,E100000000502
20676,100.0,[107962],E100000130958,E100000130696
21610,15.72,[7909],E100000000014,E100001010427
20645,100.0,[6749],E100000130920,E100000130963
23783,75.0,"[102383, 102384]",E100001014578,E100001014579
20620,100.0,[107962],E100000130889,E100000130696
23834,100.0,"[102563, 102564]",E100001014640,E100000000111
8797,15.0,[6119],E100000004217,E100000000283
23813,18.33,[102463],E100000000635,E100001000178
20612,,"[6628, 108036]",E100000130873,E100000130779
23568,33.33,[101356],E100001014229,E100001014231
20621,100.0,[6726],E100000130803,E100000130946
23798,50.0,"[102450, 102451, 102452]",E100001014599,E100001014600
20616,100.0,[6721],E100000130884,E100000130835
20597,10.0,[6697],E100000130856,E100000125647
23728,,"[102228, 102227]",E100001014503,E100001014507
23579,30.1,[101545],E100001014266,E100000001096
22041,20.01,[11486],E100000003966,E100001011075
20625,95.49,[107916],E100000130900,E100001000479
20630,,"[6737, 107624, 107622]",E100000130909,E100000130908
20636,100.0,[6743],E100000130914,E100000130963
22013,7.54,[11414],E100000002087,E100001010702
23626,9.3,[101647],E100001014311,E100001014312
23605,33.3,"[101561, 101562]",E100000002538,E100001014288
20642,100.0,[74681],E100000130917,E100000000031
23873,65.98,[102682],E100001014696,E100001014697
20601,100.0,[6703],E100000130862,E100001010196
20628,100.0,[6653],E100000130906,E100000130955
23742,34.0,"[102288, 102291]",E100001014529,E100001000450
23158,60.0,"[97881, 109640]",E100001013284,E100001013285
20637,,"[6744, 77820]",E100000130915,E100000130941
20590,100.0,[6688],E100000130845,E100000130963
22747,,"[75371, 75372]",E100000001010,E100001011774
21907,,"[10670, 10671]",E100000132603,E100001010974
20631,100.0,[6738],E100000130910,E100000130737
22645,6.1,[75022],E100001011089,E100001011646
23770,75.0,[102357],E100001014556,E100001014559
20622,,"[6672, 107821]",E100000130892,E100000130894
4799,,[],E100000120727,E100000120724
22526,100.0,[74722],E100001000715,E100001011530
23651,62.04,[101783],E100001014354,E100000000172
20591,,"[6672, 107822]",E100000130847,E100000130894
23687,6.7,[101932],E100000137442,E100001014408
20684,,"[6615, 107620]",E100000130974,E100000131005
23473,15.87,[100685],E100001014067,E100001014069
20615,,[6719],E100000130881,E100000120333
22646,5.65,[75022],E100001011089,E100001011647
20632,100.0,"[6740, 107911]",E100000130911,E100001000728
23319,100.0,[98481],E100001013635,E100001013637
20610,,[107825],E100000130872,E100000130728
20662,100.0,[107620],E100000130943,E100000131005
20655,13.0,[6758],E100000131055,E100000001753
20644,99.99,"[6748, 107493]",E100000130919,E100000130846
20633,71.2,[6742],E100000130913,E100001000695
20643,100.0,[107832],E100000130918,E100000130966
22143,42.39,[11648],E100001010508,E100000000533
23669,100.0,"[101837, 101838]",E100001014380,E100000001001
20695,100.0,[6803],E100000130986,E100000131144
20727,,"[6838, 93946]",E100000131036,E100000000666
23799,50.0,"[102450, 102451, 102452]",E100001014599,E100001014601
21611,11.29,[7909],E100000000014,E100001010428
23457,100.0,"[100540, 100541]",E100001014013,E100001011277
20728,100.0,[6839],E100000131037,E100000130833
20707,100.0,[6572],E100000131015,E100000130715
20793,,"[107792, 107793, 107794]",E100000131126,E100000131027
23437,60.0,[1741],E100000003052,E100001011714
20743,50.0,[107540],E100000131062,E100000123226
23385,69.97,[98949],E100001013764,E100001013765
23629,5.8,[101647],E100001014311,E100001014315
20709,50.0,[6825],E100000131016,E100000130837
22849,,"[75871, 75873]",E100001011975,E100001011976
20762,100.0,"[107827, 109904]",E100000131089,E100000130728
20714,,"[107625, 107626]",E100000131023,E100000130908
13076,68.4,[6119],E100000000315,E100000126055
22527,17.04,[74724],E100000001790,E100001011531
20702,100.0,"[6814, 115049, 108966]",E100000130999,E100000131027
23814,6.79,[102463],E100000000635,E100001000179
20771,,"[107504, 107505]",E100000131107,E100000131142
20763,100.0,"[75063, 75064, 75065, 107716]",E100000131092,E100000131146
20759,,[6862],E100000131081,E100000130833
23771,25.0,[102357],E100001014556,E100001014560
22256,9.02,[11797],E100001011247,E100001010595
20766,45.0,[6876],E100000131104,E100000131059
4711,93.55,"[6040, 6041]",E100000002936,E100001001026
11812,6.0,[6119],E100000000315,E100000124886
20712,70.0,"[6828, 107597]",E100000131021,E100001010335
20784,,[6892],E100000131120,E100000130973
22396,33.33,[8360],E100001011336,E100001011340
11814,6.0,[6119],E100000000315,E100000124888
20785,,[6892],E100000131120,E100000130856
20699,100.0,[6809],E100000130993,E100000003676
23606,11.1,"[101561, 101562]",E100000002538,E100000000648
20783,,[6892],E100000131120,E100000130925
23248,100.0,[98334],E100001013477,E100000131921
11816,6.0,[6119],E100000000315,E100000124887
7873,14.94,[6119],E100000003621,E100000001344
7872,11.86,[6119],E100000003621,E100000001345
20787,100.0,[6893],E100000131122,E100000130946
11815,6.0,[6119],E100000000315,E100000124885
20704,100.0,"[6819, 107683, 107684]",E100000131004,E100000130754
23784,25.0,"[102383, 102385]",E100001014578,E100001014580
23670,33.0,"[101844, 101845]",E100001014382,E100000001254
23569,100.0,[100815],E100001014233,E100001014234
20711,100.0,"[107414, 107415]",E100000131019,E100001000663
20767,45.0,[6876],E100000131104,E100000131163
20786,8.51,"[107394, 107395]",E100000131121,E100000000547
20705,100.0,[6820],E100000131007,E100000131083
20779,,"[77721, 107401]",E100000131116,E100000131115
2659,,[2708],E100000004135,E100000000172
20706,100.0,[6822],E100000131010,E100000131009
22922,94.9,"[76729, 76730]",E100000132140,E100001012179
23580,25.0,[101545],E100001014266,E100001014271
23758,100.0,[102338],E100001014545,E100001014546
20769,5.0,[6876],E100000131104,E100000131169
23320,100.0,[98481],E100001013637,E100001013557
20768,5.0,[6876],E100000131104,E100000131168
21908,100.0,[10669],E100001010974,E100000000050
20700,100.0,[6810],E100000130994,E100000130902
23743,67.0,[102291],E100001014529,E100001014530
4971,10.0,[6241],E100000121554,E100000121484
23652,100.0,[101786],E100001014357,E100000000105
22042,10.01,[11486],E100000003966,E100001011077
20758,100.0,"[6860, 107498]",E100000131076,E100000131142
1934,,[2708],E100000004135,E100000000117
21761,40.0,"[10411, 10410]",E100001010877,E100001010878
23688,5.8,[101932],E100000137442,E100001014410
23159,100.0,"[109640, 98483]",E100001013285,E100001000710
22748,61.36,"[75396, 110125]",E100000002574,E100001011776
23474,14.38,[100685],E100001014067,E100001014070
20773,100.0,[6882],E100000131110,E100000131149
20796,100.0,[6803],E100000131128,E100000131144
20708,50.0,[6825],E100000131016,E100000130972
23696,98.0,[102010],E100001014425,E100001014426
23835,100.0,[102565],E100001014641,E100000125036
20697,100.0,[108028],E100000130989,E100000130743
20764,,[108055],E100000131098,E100000131145
23729,,"[102241, 102243, 102244, 102245]",E100001014510,E100001014511
23506,15.0,[100893],E100001014132,E100000000888
20701,,[108291],E100000130998,E100000130970
22923,48.0,"[76729, 76730]",E100001012179,E100000000411
23931,100.0,[104581],E100001014788,E100000000574
20809,73.9,[6924],E100000131087,E100000130785
20813,,"[6926, 108281]",E100000130875,E100000130732
20826,100.0,[6947],E100000131194,E100000130947
23507,15.0,[100893],E100001014132,E100001014133
23671,,"[101847, 101845]",E100001014382,E100001014325
23836,100.0,[102567],E100001014643,E100001000280
20688,100.0,[74681],E100000130978,E100000000031
20802,100.0,[6908],E100000131137,E100000131142
23653,,"[101790, 101791]",E100001000089,E100001014359
23712,,[2708],E100000004135,E100000000173
22850,100.0,[75874],E100001011977,E100001011978
20689,100.0,"[6795, 107671, 107673]",E100000130979,E100000130703
21909,,[10674],E100001010976,E100000000746
20444,21.0,"[6494, 107681]",E100000004212,E100001010311
22257,7.9,[11797],E100001011247,E100001000348
23697,99.99,[102010],E100001014426,E100001014282
23883,24.61,[102700],E100001014712,E100001014714
23570,100.0,[100815],E100001014234,E100000000746
22397,33.33,[8360],E100001011336,E100001011341
22528,15.9,[74724],E100000001790,E100001011532
20803,51.0,[107598],E100000131139,E100000130965
20804,49.0,[107598],E100000131139,E100001010196
20463,14.42,"[6505, 107375]",E100001000439,E100001010328
23862,13.2,[102666],E100001012563,E100001014686
23785,50.0,"[102387, 102388, 102389]",E100001014581,E100001014325
23475,5.28,[100685],E100001014067,E100001014071
23716,,[],E100001001295,E100000001216
4942,34.0,[],E100000121237,E100000000953
23759,100.0,[102338],E100001014546,E100001014547
20693,,"[6799, 107668, 107669]",E100000130984,E100000130703
23949,100.0,"[104691, 104692]",E100001014816,E100001014818
20807,,[108287],E100000131188,E100000131200
22749,,[75396],E100001011776,E100000001086
20595,,[6696],E100000130855,E100000130934
23744,10.0,[102291],E100001014530,E100001014531
13214,100.0,"[6302, 6303, 6395]",E100000121542,E100001000516
21612,8.87,[7909],E100000000014,E100001010429
23849,99.61,[102641],E100001014669,E100000001835
20805,100.0,[6803],E100000131140,E100000131144
20810,16.6,[6924],E100000131087,E100000130774
20811,9.6,[6924],E100000131087,E100000001753
20614,,[6718],E100000130880,E100001000709
23581,8.9,[101545],E100001014266,E100000000505
23918,100.0,"[104558, 104560]",E100001014773,E100001012015
2763,,"[1151, 1150]",E100000002441,E100000000773
20690,,[108053],E100000130981,E100000130980
23815,55.0,[102465],E100001014615,E100001014534
22043,10.01,[11486],E100000003966,E100001011078
20817,23.76,"[6663, 6992]",E100001000605,E100000131161
20818,5.0,[6663],E100001000605,E100000001753
23874,7.01,[102682],E100001014696,E100001014698
20808,100.0,"[107538, 107539]",E100000131195,E100000128088
12728,100.0,[6119],E100000122465,E100000124354
23940,50.0,[104645],E100001014803,E100000153201
23630,100.0,"[101651, 101652]",E100000136293,E100001014317
20692,100.0,[6798],E100000130983,E100001000472
23458,100.0,"[100542, 100543]",E100001014015,E100000000136
20698,100.0,[107828],E100000130990,E100000130728
20756,100.0,[6822],E100000131072,E100000131009
23909,25.7,"[104545, 104546]",E100000003044,E100000003362
20824,100.0,[6940],E100000131182,E100000131198
23321,100.0,[98451],E100001013638,E100001013619
20814,100.0,[6929],E100000131176,E100000131091
20816,71.24,"[6663, 6992]",E100001000605,E100001000695
20822,65.0,"[6936, 107396]",E100000131179,E100000000543
4944,9.0,[],E100000121237,E100000120339
23772,20.0,[102365],E100001014565,E100001014519
20812,,[108075],E100000130995,E100000131084
23607,100.0,[101564],E100001014289,E100001014290
20777,,"[77721, 107401]",E100000131116,E100000000543
20749,14.3,[6854],E100000131065,E100000130782
20682,100.0,[6784],E100000130964,E100000130746
23900,55.55,[104534],E100001000350,E100001014755
23249,100.0,"[98335, 98336]",E100001013478,E100001011734
20635,5.0,[6742],E100000130913,E100000001753
21762,40.0,[5704],E100000120473,E100000001714
23730,11.69,[102247],E100001014513,E100001010595
23893,100.0,[102725],E100001014729,E100000000505
23800,100.0,"[102452, 102450]",E100001014600,E100001014602
4920,20.0,[],E100000120791,E100000120410
20806,,[6918],E100000130843,E100000130991
20691,,"[6797, 107625, 110236]",E100000130982,E100000130908
23910,63.5,"[104545, 104546]",E100000003044,E100001014763
23942,50.0,[104645],E100001014805,E100001014534
21613,50.0,"[7917, 7918, 7919]",E100001010789,E100000131940
23801,100.0,[102450],E100001014601,E100000000103
23713,100.0,[102050],E100001014463,E100001014464
23322,100.0,"[97881, 109640]",E100001013639,E100001013285
23991,25.0,[101844],E100001014875,E100000001254
24112,13.8,[105708],E100001015157,E100001015159
24081,32.0,[105594],E100001015094,E100001014070
24073,22.67,[105525],E100001015066,E100001015069
20849,12.5,[6962],E100001010391,E100001010394
20831,,[6952],E100001010379,E100001010378
24030,7.0,[105328],E100001011267,E100001000348
9265,10.0,[6119],E100000000252,E100000124453
23919,100.0,"[104564, 104565]",E100001014774,E100000000516
23894,5.0,"[102731, 102732]",E100001014732,E100000000112
23932,100.0,[104582],E100001014789,E100001014790
24065,20.0,[105511],E100001015061,E100000000513
23476,,[100688],E100001014072,E100001014073
23160,48.6,"[97910, 97911]",E100001013298,E100001013299
20846,100.0,[6957],E100001010349,E100001010089
23975,100.0,"[104799, 104800]",E100001014851,E100000001860
24004,52.71,[105128],E100000000022,E100001014929
24039,22.41,[105389],E100001015021,E100001010428
23717,40.0,[102197],E100001014494,E100000001226
23760,,[102338],E100001014547,E100000002239
20830,73.94,"[6951, 6505]",E100001010377,E100001001102
24088,51.0,"[105653, 105654, 107181]",E100001015113,E100001015114
23958,100.0,[102384],E100001014829,E100001014826
23531,23.0,[5843],E100001000554,E100001011859
22258,100.0,[11798],E100001011248,E100000001119
23582,8.71,[101545],E100001014266,E100000000766
24117,99.52,[105722],E100000000604,E100001015161
21763,78.3,[5704],E100000120475,E100000001714
20839,15.0,[6954],E100001010387,E100000001237
23530,,[],E100000121607,E100000120591
23571,100.0,"[101383, 101384]",E100001014238,E100001000534
20843,7.5,"[6955, 6953, 108571]",E100001010388,E100001010389
23690,5.7,[101932],E100000137442,E100001014411
23999,61.77,[104971],E100001014907,E100001014908
22398,33.33,[8360],E100001011336,E100001011338
23745,18.0,[102291],E100001014530,E100001014532
24101,26.28,[105674],E100001015128,E100001015130
23459,100.0,[100544],E100001011332,E100001011471
24057,100.0,[105498],E100000000523,E100000000524
20838,75.0,"[6954, 6953]",E100001010387,E100001010381
22044,100.0,"[11492, 11493]",E100001011079,E100000002078
22529,70.0,"[74726, 74728]",E100000121520,E100001011533
22924,80.02,[76739],E100001012180,E100001012181
20840,10.0,[6954],E100001010387,E100000000641
22649,,[75026],E100000121490,E100001011649
23654,100.0,"[101794, 101795]",E100000000329,E100001011288
24022,40.1,[105222],E100000000473,E100001014965
20847,87.5,[6962],E100001010391,E100001010392
20832,,[6952],E100001010380,E100001010378
24107,,"[105685, 105686]",E100001015136,E100001015137
23901,100.0,[104535],E100001014756,E100001014757
23816,100.0,[102468],E100001013994,E100001014618
23672,,[101845],E100001014382,E100001014383
24014,,[105146],E100001014935,E100001014936
23387,99.81,[98934],E100001013777,E100001013778
23608,,[101568],E100001014291,E100001014292
23731,7.25,[102251],E100001014513,E100001014141
22851,100.0,"[75876, 75877]",E100001011979,E100001011980
23698,9.46,[102011],E100001014430,E100001010595
23250,23.35,[98337],E100001013479,E100001013480
23837,100.0,[102568],E100001014644,E100001014645
23863,27.73,[102667],E100000000610,E100001013560
24031,5.54,[105329],E100001011267,E100001010596
23850,100.0,"[102642, 102643]",E100000000008,E100001011471
9263,20.0,[6119],E100000000252,E100000124585
23444,,[],E100000120866,E100000001114
23966,,[1756],E100001014838,E100000001492
23773,100.0,[102366],E100001014566,E100000149031
24095,100.0,"[105668, 105669]",E100001015120,E100001015121
22750,38.41,"[75396, 110125]",E100000002574,E100001011777
23786,50.0,"[102387, 102389]",E100001014581,E100000001321
23950,20.0,[104704],E100001014819,E100001014820
3634,100.0,"[105734, 105735, 105736]",E100000000781,E100000000777
4229,100.0,"[5806, 10650]",E100000000095,E100001000745
23982,49.0,[104819],E100001014859,E100001016104
20834,100.0,"[6953, 108562]",E100001010383,E100001010381
21910,,[10674],E100001010976,E100000000773
23875,,[102684],E100001014699,E100000001001
23884,19.87,[102700],E100001014712,E100001014715
23508,5.0,[100893],E100001014132,E100000000846
24047,21.19,[105451],E100000000638,E100001015051
20845,100.0,"[6956, 109050]",E100001010390,E100001000653
23532,100.0,[6119],E100000123186,E100001000920
24125,100.0,[105837],E100001015193,E100001015194
23885,9.93,[102700],E100001014712,E100001014717
24058,28.57,[105503],E100001015057,E100001015058
24144,100.0,[105852],E100001015207,E100001011064
21486,5.29,[7752],E100000000975,E100001000348
23951,20.0,[104704],E100001014819,E100001014821
24048,13.79,[105451],E100000000638,E100001000178
23323,100.0,[97869],E100001013641,E100001013279
24015,,[105153],E100001014939,E100001014940
23802,50.0,[102454],E100001014603,E100001014604
24152,100.0,[105858],E100001015215,E100001015216
24049,5.16,[105451],E100000000638,E100001000179
23655,70.0,[101796],E100001014361,E100001014325
23161,7.7,"[97910, 97911]",E100001013298,E100001013300
23817,,[102510],E100001014621,E100001014622
24082,100.0,[105595],E100001015095,E100001015096
24136,90.0,[105845],E100001015202,E100000000669
24121,100.0,[105830],E100000001452,E100000001195
23673,100.0,[101853],E100001014384,E100001014385
24150,100.0,[2132],E100001015213,E100001015214
23774,43.2,[102367],E100001014567,E100000000387
20854,100.0,"[6964, 10458]",E100001010396,E100001010397
4293,15.17,[102071],E100000000630,E100001000178
24001,54.17,[104980],E100001014916,E100000000516
20858,100.0,[6964],E100001010400,E100001010398
23631,100.0,[101654],E100001014318,E100000000095
24133,100.0,"[105842, 105844]",E100001015199,E100001000100
22650,100.0,"[75028, 75029]",E100000131956,E100001011650
24040,10.21,[105389],E100001015021,E100001010429
23943,50.0,[104645],E100001014805,E100000153201
23838,46.1,[102571],E100001014646,E100001014647
23509,50.0,[100893],E100001014132,E100000001860
23787,12.26,[102390],E100001014582,E100001010595
22399,,"[61272, 61273]",E100000000576,E100001011342
23851,100.0,[102644],E100001014670,E100000000112
24142,,[105851],E100001015206,E100001010928
21614,50.0,"[7918, 7919]",E100001010789,E100001010790
23388,99.82,[98934],E100001013778,E100001013779
23976,14.2,[104801],E100000152934,E100001000346
23876,100.0,"[102685, 75865]",E100001014700,E100000001213
24074,7.04,[105525],E100001015066,E100001015070
23902,50.0,[104535],E100001014757,E100000001245
22045,100.0,[11496],E100001011080,E100000002078
3984,9.89,[5631],E100000001030,E100001000380
23761,40.0,"[102341, 102342]",E100001014549,E100000000053
23864,32.4,[101556],E100001014282,E100001014689
20857,100.0,[6964],E100001010399,E100001010400
23583,6.53,[101545],E100001014266,E100001014223
4294,5.3,[102071],E100000000630,E100001000179
24148,40.7,[105855],E100001015211,E100001015054
23699,9.1,[102012],E100001014430,E100001000348
23477,100.0,"[100695, 100696]",E100001014074,E100001014075
24000,6.53,[104980],E100001014916,E100000131638
24096,100.0,[105670],E100001015122,E100001015123
23967,100.0,[104743],E100001014839,E100000001492
23895,87.0,[102742],E100001014734,E100000001001
23718,60.0,[102197],E100001014494,E100000000136
24089,49.0,"[105653, 105654, 107181]",E100001015113,E100001015115
24157,11.58,[105922],E100000001245,E100001015230
23911,33.33,"[102530, 104550]",E100001014764,E100001014282
23992,,"[104854, 104856]",E100001014876,E100001014877
23983,51.0,[104819],E100001014859,E100001000755
23445,100.0,[114274],E100000120865,E100000001114
24129,29.25,[105840],E100001014209,E100000000746
24005,10.36,[105128],E100000000022,E100000000026
24006,8.28,[105128],E100000000022,E100001014930
24102,11.8,[105674],E100001015128,E100001015131
23691,6.7,[101932],E100000137442,E100001014412
23746,18.0,[102291],E100001014530,E100001014533
24146,41.48,[105853],E100001015210,E100000000746
24066,20.0,[105511],E100001015061,E100000001918
22259,,[11799],E100000004157,E100001011249
24113,6.1,[105708],E100001015157,E100001000178
23609,,[101568],E100001014291,E100000001107
23460,91.55,"[100549, 100551, 100552]",E100000000101,E100001014020
22925,19.97,[76739],E100001012180,E100001012182
22751,,[75396],E100001011777,E100000001173
24023,31.18,[105222],E100000000473,E100001014966
24108,100.0,[105687],E100001015138,E100001015139
24139,50.0,[105849],E100001015204,E100001015202
24153,34.0,[105865],E100001015218,E100000001492
24154,28.97,[105865],E100001015218,E100001015220
23959,100.0,[102384],E100001014830,E100001014826
24158,7.77,[105923],E100000001245,E100001010595
23933,,[104588],E100001014791,E100001014792
23732,6.51,[102253],E100001014513,E100001010596
20869,50.0,[108450],E100000131306,E100000000650
20959,100.0,[],E100000131671,E100000131246
21005,20.0,[],E100000131964,E100000131948
20971,100.0,[],E100000132044,E100000131256
20999,55.0,[],E100000131777,E100000001753
21006,15.0,[],E100000131964,E100000132234
23632,16.0,"[101656, 101658]",E100001014319,E100000001607
23747,54.0,[102291],E100001014530,E100001014534
21040,100.0,[7876],E100000131824,E100000131508
23733,8.1,[102254],E100001014513,E100001000348
20993,40.0,[],E100000131730,E100000131697
20972,100.0,[],E100000131897,E100000131256
20994,45.0,[],E100000131778,E100000131906
23461,100.0,"[100566, 100567, 100569]",E100001014024,E100001014026
21019,50.0,[],E100000132147,E100000131424
23775,36.8,[102367],E100001014567,E100001014568
23510,5.0,[100893],E100001014132,E100000000676
22752,100.0,[75404],E100001011778,E100001011779
22400,99.99,[61279],E100000121205,E100001011344
21003,35.0,[],E100000131964,E100000131668
21042,100.0,[],E100000132265,E100000001753
3492,100.0,[5141],E100000001783,E100001000018
23533,53.0,[101311],E100001014204,E100000001193
23762,40.0,[102342],E100001014549,E100001011132
21035,16.5,[10492],E100000132201,E100000131595
21041,100.0,[],E100000132002,E100000001753
20965,100.0,[],E100000131972,E100000131974
20984,100.0,[],E100000131851,E100000131865
21030,70.0,[],E100000131769,E100000132000
23656,30.0,[101796],E100001014361,E100000000112
20974,100.0,[],E100000131703,E100000000718
20868,50.0,[108450],E100000131306,E100000131309
6319,4.0,[6119],E100000003999,E100000001753
21020,50.0,[],E100000132147,E100000132341
20992,60.0,[],E100000131730,E100000131356
6321,30.0,[6119],E100000003999,E100000000262
20957,100.0,[],E100000131980,E100000131246
21023,100.0,[],E100000131765,E100000132287
21034,16.5,[10492],E100000132201,E100000132301
20979,100.0,[],E100000131805,E100000131246
23818,50.0,[102530],E100001014623,E100001014426
20966,100.0,[],E100000131757,E100000000947
21043,100.0,[],E100000131802,E100000001753
22651,100.0,"[75030, 75031]",E100000120158,E100000120517
3625,16.67,[1840],E100000000675,E100000000777
20996,100.0,[],E100000132260,E100000000900
23674,100.0,[101856],E100001014385,E100001014386
3626,16.67,[1840],E100000000675,E100000000839
22260,,[11800],E100001011249,E100001011250
23611,6.5,[101574],E100000001158,E100001000348
23162,9.7,"[97910, 97911]",E100001013298,E100001013301
21039,100.0,"[7153, 109601]",E100000131580,E100000131905
23610,8.86,[101573],E100000001158,E100001010595
3627,16.67,[1840],E100000000675,E100001000198
23852,100.0,[102647],E100001014671,E100000000112
20998,45.0,[],E100000131777,E100000131906
23719,5.52,[102207],E100001014495,E100001010595
3624,16.67,[1840],E100000000675,E100001000210
23714,100.0,"[102081, 102082, 102083]",E100001014482,E100000000118
21615,100.0,[7921],E100001010792,E100000132269
21004,30.0,[],E100000131964,E100000132248
21014,100.0,[],E100000132109,E100000132096
21912,,[],E100001010983,E100000131264
20967,100.0,[],E100000131859,E100000132194
20953,100.0,[],E100000132282,E100000131242
3628,16.67,[1840],E100000000675,E100001000211
23803,50.0,[102455],E100001014603,E100001014605
20960,100.0,[],E100000132053,E100000131990
23788,7.72,[102392],E100001014582,E100001014141
23584,5.0,[101545],E100001014266,E100000000387
21001,50.0,[],E100000131821,E100000131742
20958,100.0,[],E100000131852,E100000131246
20940,9.6,[6985],E100000131594,E100000132161
23839,9.1,[102571],E100001014646,E100001014648
23478,10.06,[100707],E100001000636,E100001010595
20978,100.0,[],E100000132047,E100000131921
23840,5.2,[102571],E100001014646,E100001000346
22046,100.0,"[11499, 6272]",E100000120661,E100000002078
23789,6.24,[102393],E100001014582,E100001010596
22531,7.25,[74750],E100000000712,E100001011540
21021,100.0,[],E100000132133,E100000121182
22926,,[76759],E100001012187,E100001012190
23389,99.92,[98934],E100001013779,E100001013780
20995,55.0,[],E100000131778,E100000001753
21015,100.0,[],E100000132093,E100000132092
21033,67.0,[10492],E100000132201,E100000131748
23700,,"[102013, 102014, 102015]",E100001014431,E100001014432
21052,100.0,[6949],E100000003673,E100000132453
20906,99.0,"[7854, 7855]",E100000131768,E100000131567
20882,,"[7002, 109018, 109019]",E100000131690,E100000000639
21110,6.86,"[5830, 100830]",E100001000407,E100001010403
21111,6.05,"[5830, 100830]",E100001000407,E100001000348
22652,19.63,[75038],E100000121053,E100001011651
21097,41.87,"[6965, 6967]",E100001001121,E100001010402
21065,100.0,[6949],E100000002336,E100000132493
21049,0.97,[6949],E100000002182,E100000132429
23534,47.0,[101311],E100001014204,E100000001194
20944,25.0,[],E100000131878,E100000131641
21116,100.0,[6968],E100001010405,E100000000647
23479,12.1,[100708],E100001000636,E100001000348
21616,100.0,[7924],E100001010793,E100000132269
20950,100.0,"[10614, 10615]",E100000131677,E100000131676
23612,,"[101576, 101577]",E100001014293,E100001014294
21069,100.0,[6949],E100000002224,E100000132403
20917,100.0,"[108457, 108458]",E100000131766,E100001000604
23446,,[],E100000120491,E100000001906
20912,26.0,[108883],E100000131894,E100000132143
22401,100.0,[61279],E100001011344,E100001010806
21100,100.0,[6949],E100000132464,E100000132465
21083,91.14,[6949],E100000002182,E100000001155
21766,,"[109738, 10421]",E100000120428,E100001010879
23511,5.0,[100893],E100001014132,E100001014134
21103,100.0,[6949],E100000132413,E100000132405
21050,7.89,[6949],E100000002182,E100000132494
21048,100.0,[6949],E100000002185,E100000132428
20896,100.0,[],E100000132015,E100001000782
20916,100.0,[],E100000132005,E100000132281
22261,100.0,"[11802, 11803, 11804]",E100000121503,E100001011251
23720,,"[102209, 102210]",E100001014497,E100001014498
23701,8.04,[102016],E100001014433,E100001010595
20936,100.0,[],E100000131650,E100000131678
22532,15.64,[74751],E100000137485,E100001000178
23253,8.27,[98337],E100001013479,E100001013483
21093,100.0,[6949],E100000002319,E100000002297
21066,100.0,[6949],E100000002229,E100000132404
23585,5.0,[101545],E100001014266,E100000000610
21067,100.0,[6949],E100000002339,E100000132425
21120,100.0,"[6973, 6974, 6976]",E100000120319,E100000132191
21012,100.0,[],E100000131605,E100000131606
21053,100.0,[6949],E100000002242,E100000132417
21098,10.13,"[6965, 6967]",E100001001121,E100001001122
21062,100.0,[6949],E100000002335,E100000132478
21122,100.0,[6978],E100001001333,E100000001119
20909,100.0,[7124],E100000132338,E100000132149
22852,100.0,[75879],E100001011982,E100001011983
20901,100.0,[],E100000132112,E100000001753
21105,100.0,[6949],E100000132438,E100000001241
20923,42.38,"[108353, 108423]",E100000131987,E100001000431
21121,100.0,[6976],E100000132191,E100001010410
20939,100.0,[10532],E100000131825,E100000131639
21058,100.0,[6949],E100000002316,E100000132467
4101,7.47,[6390],E100001000516,E100001000520
21107,100.0,[6949],E100000132436,E100000001241
21119,100.0,"[6974, 6975, 108787]",E100001010409,E100000120319
20886,100.0,[],E100000132197,E100000000239
21118,,"[6970, 108456]",E100001010312,E100001000604
23657,50.0,"[101797, 101798]",E100001014362,E100001014325
23675,100.0,"[101859, 101860]",E100001014292,E100000001173
21101,100.0,[6949],E100000132410,E100000132405
21108,100.0,[6949],E100000132475,E100001001078
23462,100.0,[100570],E100001014027,E100000001079
21112,21.53,[6968],E100001010404,E100001010405
20934,100.0,[],E100000132117,E100000131246
23163,100.0,"[97912, 97913]",E100001013305,E100000131298
20955,100.0,[],E100000132030,E100000131247
21106,100.0,[6949],E100000132435,E100000001241
21071,100.0,[6949],E100000132492,E100001010205
21109,100.0,[6949],E100000132474,E100001001078
21055,100.0,[6949],E100000001253,E100000132443
23325,60.0,[98712],E100001013644,E100001013359
20930,100.0,[],E100000131879,E100000131246
21064,100.0,[6949],E100000002211,E100000132402
21096,100.0,"[6965, 6966]",E100001001122,E100001010402
21913,100.0,[10678],E100001010994,E100000132226
21068,100.0,[6949],E100000002301,E100000132405
21059,100.0,[6949],E100000002314,E100000132467
23633,16.0,[101656],E100001014319,E100000002496
22753,,[75409],E100001011781,E100001011782
21117,100.0,"[6386, 6969]",E100001010407,E100000003335
18100,2.43,[6119],E100000126533,E100000001753
21095,48.0,"[6965, 6967]",E100001001121,E100001000516
23390,100.0,[98934],E100001013780,E100001013781
21063,100.0,[6949],E100000002315,E100000132467
21102,100.0,[6949],E100000132446,E100000132417
4223,5.62,[5802],E100000001123,E100001000348
4224,5.06,[5802],E100000001123,E100000001534
21113,13.32,[6968],E100001010404,E100000000647
21114,9.1,[6968],E100001010404,E100001010406
23586,100.0,"[101550, 101551]",E100001014272,E100000001640
22654,10.05,[75038],E100000121053,E100001011653
23447,37.0,[],E100000121435,E100000002054
21187,9.4,[7003],E100000001982,E100001010435
21162,39.24,"[6997, 108565]",E100000131973,E100001010431
4418,100.0,"[5911, 5904, 108504]",E100001000893,E100001000402
22927,,"[76766, 76767]",E100001012192,E100001012195
21193,20.54,[7007],E100000131509,E100001010437
23535,100.0,"[101315, 101316, 101317]",E100001014205,E100001014206
21157,20.0,[],E100000121017,E100000000273
21205,33.3,[7012],E100001010445,E100001010447
21132,100.0,[6986],E100001010416,E100001010417
21767,20.0,[10421],E100000120430,E100001010879
21181,90.0,[6119],E100000129608,E100000130448
21210,100.0,[1299],E100001010460,E100000000006
21208,100.0,[7014],E100001010452,E100000001648
4140,,[5747],E100001000574,E100001000579
23634,16.0,[101656],E100001014319,E100001014320
22262,100.0,[11802],E100001011251,E100000121502
22402,100.0,[61284],E100000120153,E100000001914
22533,6.86,[74751],E100000137485,E100001000179
21127,100.0,"[6981, 6982, 6983]",E100000121183,E100001000959
21196,7.91,[7007],E100000131509,E100001010438
21153,,[],E100000120195,E100000000273
22853,100.0,[75879],E100001011983,E100001011984
21123,8.5,[6979],E100000120887,E100001010411
21145,,[6993],E100001010423,E100000000656
21173,100.0,[6119],E100000129200,E100000130440
23480,100.0,"[100719, 100720]",E100001014077,E100001014078
21135,50.0,"[6987, 108444]",E100001010417,E100000001237
21168,100.0,[6119],E100000129198,E100000130440
21163,8.01,[6997],E100000131973,E100001010428
21182,43.91,[6999],E100001000782,E100001010432
21185,,"[7001, 109018, 109020]",E100000131406,E100000131690
23326,40.0,"[98713, 98714, 98715]",E100001013647,E100000002130
21130,8.8,[6985],E100000131594,E100001010415
21128,100.0,[6984],E100000001785,E100001000924
21192,100.0,[6204],E100000131412,E100001001137
21199,100.0,[108350],E100001010442,E100001000400
21137,79.0,[5944],E100001010418,E100001000949
23254,7.37,[98337],E100001013479,E100001013484
21174,100.0,[6119],E100000129209,E100000130440
21143,,"[6989, 6990, 6991]",E100001010421,E100000131246
9617,15.0,[6119],E100000003126,E100000123859
22653,27.77,[75038],E100000121053,E100001011652
21125,100.0,"[6979, 6980]",E100001010413,E100000001262
21134,50.0,"[6987, 108444]",E100001010417,E100001000431
21129,99.9,[6985],E100001010414,E100000131594
4335,,[108833],E100001000835,E100001000404
22754,49.0,[75412],E100001011783,E100001011738
21175,100.0,[6119],E100000129223,E100000130440
21167,100.0,[6119],E100000129233,E100000130440
21186,14.4,[7003],E100000001982,E100001000178
21139,100.0,[],E100000120245,E100000124420
21146,100.0,"[6994, 6989, 6995, 6991]",E100001010424,E100000131246
21201,100.0,[7011],E100001010444,E100000001257
12419,30.46,[6119],E100000124253,E100000123329
21124,7.13,[6979],E100000120887,E100001010412
21172,100.0,[6119],E100000129474,E100000130440
21150,23.32,[108562],E100001010381,E100001010427
21189,100.0,"[5833, 7004, 108369]",E100000131983,E100000000652
21152,49.0,[],E100000120249,E100000000273
21159,,[],E100000121274,E100000000273
21158,17.64,[108562],E100001010381,E100001010428
21200,100.0,[7010],E100001010443,E100000003471
21203,15.6,[7012],E100001010445,E100001010446
21209,100.0,[7015],E100001010453,E100000000815
21171,100.0,[6119],E100000129208,E100000130440
9615,40.0,[6119],E100000003126,E100000121813
21188,100.0,"[7004, 7005]",E100000131960,E100000131983
21204,6.7,[7012],E100001010445,E100001000177
21914,51.0,[10679],E100001010993,E100000001240
21144,100.0,[6992],E100001010422,E100001000605
23391,100.0,[98934],E100001013781,E100000131625
21177,100.0,[6119],E100000129230,E100000130440
21169,100.0,[6119],E100000129234,E100000130440
21140,15.58,[6988],E100000120560,E100001010419
21176,100.0,[6119],E100000129215,E100000130440
21202,44.4,[7012],E100001010445,E100000120689
21170,100.0,[6119],E100000129236,E100000130440
21131,9.4,[6985],E100000131594,E100000130429
21166,100.0,[6998],E100000131245,E100000131316
21126,37.5,[6979],E100000120887,E100001010413
21178,100.0,[6119],E100000129206,E100000130440
21138,21.0,[5944],E100001010418,E100001000959
950,100.0,"[1782, 1783, 1780, 1781, 1784]",E100000003098,E100000000543
23512,5.0,[100893],E100001014132,E100001014135
21148,100.0,[6119],E100000129873,E100000130656
21164,5.6,[6997],E100000131973,E100001010429
23255,49.0,[98341],E100001013485,E100001000774
21246,100.0,[7028],E100000131930,E100001010562
24075,6.03,[105525],E100001015066,E100001015071
23513,100.0,[100899],E100001014136,E100000000888
24002,6.07,[104980],E100001014916,E100001014918
23658,50.0,"[101798, 101797]",E100001014362,E100001014363
23912,33.33,[104552],E100001014764,E100001014765
21215,56.0,[7018],E100001010506,E100000120788
23941,50.0,[104645],E100001014803,E100001014534
23587,100.0,[101552],E100001014273,E100001000100
23165,51.0,"[97915, 97916]",E100001013306,E100000131969
23952,20.0,[104704],E100001014819,E100001014823
21263,100.0,[7039],E100000132183,E100001010569
23968,100.0,"[104744, 104745]",E100001014840,E100001014841
21259,100.0,[7036],E100000132157,E100001010565
23676,100.0,[101866],E100001014387,E100001014388
23853,100.0,[102647],E100001014672,E100000000112
23819,50.0,[102389],E100001014623,E100001014325
21249,100.0,[7030],E100000131689,E100001010563
19551,8.04,[6119],E100000129087,E100000128868
19550,5.03,[6119],E100000129087,E100000125217
21239,100.0,[6119],E100000128155,E100000130662
23903,50.0,[104535],E100001014757,E100001014557
24050,100.0,"[105453, 105451]",E100001015052,E100000000638
21216,44.0,[7018],E100001010506,E100000000651
21218,100.0,[7020],E100001010516,E100001010517
23984,6.22,[104822],E100000000054,E100001014861
21231,11.25,[6119],E100000129782,E100000130564
21212,,"[7016, 7017]",E100001010479,E100001010480
23993,,"[104854, 104856]",E100001014876,E100001014878
24090,100.0,"[105658, 105660]",E100001015116,E100001015117
21230,49.0,[6119],E100000129618,E100000130456
23536,100.0,[101315],E100001014206,E100000001096
21258,100.0,[7036],E100000132158,E100001010565
21271,75.0,"[7041, 7042, 7043]",E100000132247,E100001000764
21273,12.5,"[7043, 109788]",E100000132247,E100001010576
23448,60.0,[],E100000121439,E100000002054
3659,5.93,[5290],E100000001895,E100000001534
23921,100.0,[104568],E100001014775,E100001014777
23804,100.0,"[102456, 102457]",E100001014606,E100001014607
21217,100.0,[7019],E100001010512,E100001010513
23896,,"[102743, 102744]",E100001014736,E100001014737
21291,,[],E100000120244,E100000125329
24008,5.2,[105128],E100000000022,E100000000030
23702,16.1,[102017],E100001014433,E100001000348
23481,9.02,[100730],E100000001133,E100001014079
21223,100.0,"[7024, 7025]",E100001010559,E100000002169
23934,,[104588],E100001014792,E100001014793
23721,,"[102209, 102464]",E100001014498,E100001000151
24024,100.0,"[105223, 105224]",E100001014967,E100001011004
23327,100.0,[97869],E100001013654,E100001013279
21255,100.0,"[7035, 7035]",E100000131811,E100001010127
21235,100.0,[6119],E100000130184,E100001000086
23969,,"[104783, 104784]",E100001014848,E100001014841
23841,100.0,[102574],E100001014649,E100001014650
23977,5.0,[104802],E100000152934,E100000001534
23776,20.0,[102367],E100001014567,E100001014569
23392,70.0,"[99019, 99020, 99018]",E100001013782,E100001013783
23635,16.0,[101656],E100001014319,E100001014321
21234,100.0,[6119],E100000129420,E100000130447
21220,100.0,[7021],E100001010525,E100000000746
24083,100.0,[105596],E100001015096,E100001000370
23865,100.0,"[102668, 102669]",E100001014690,E100001000295
21250,100.0,[7031],E100001010563,E100000001237
13491,50.0,[5826],E100001010251,E100001000763
21214,,[7016],E100001010479,E100000002770
24059,71.43,[105503],E100001015057,E100001015059
24016,100.0,"[105163, 105164]",E100001014942,E100001010913
24067,20.0,[105511],E100001015061,E100001014539
21248,100.0,[7029],E100000131716,E100000001237
21266,100.0,"[7039, 5864]",E100001010570,E100001000400
23748,100.0,"[102295, 102296]",E100001014535,E100001014536
21221,100.0,[7022],E100001010543,E100001000184
23734,,"[102257, 102259, 102260]",E100001014514,E100001014517
21222,100.0,[7023],E100001010556,E100000001515
19552,11.96,[6119],E100000129087,E100000129135
23790,8.2,[102394],E100001014582,E100001000348
21280,100.0,"[7047, 108325]",E100000131584,E100000132284
23763,20.0,[102342],E100001014549,E100001000165
21264,83.0,[7039],E100001010569,E100001010570
21229,42.23,[6119],E100000126434,E100000123261
21219,100.0,[],E100001010517,E100001010518
21232,95.0,[6119],E100000129583,E100000130465
23960,,[104736],E100001014831,E100001014832
21243,100.0,[6119],E100000129390,E100000130442
23614,100.0,[101607],E100001014295,E100001014297
23886,9.93,[102700],E100001014712,E100001014718
24041,87.0,[105391],E100001015025,E100001014074
24033,100.0,"[105331, 105332]",E100001015009,E100001015010
24007,5.18,[105128],E100000000022,E100001011522
21306,3.45,[6119],E100000003265,E100000001753
23978,15.33,[104803],E100000152934,E100001014648
23994,40.0,"[104859, 104862]",E100001014879,E100000123280
23878,82.89,[75865],E100001014701,E100000001213
24034,,"[105333, 105334]",E100001015011,E100000001245
23615,100.0,"[101610, 101611]",E100001014298,E100001014299
21315,,[],E100000121086,E100000127998
24109,100.0,[105688],E100001015140,E100001015138
23166,49.0,"[97914, 97915, 97916]",E100001013306,E100000131584
22854,100.0,[75879],E100001011984,E100001011985
23913,100.0,[104553],E100001014766,E100001014524
23961,100.0,[104739],E100001014833,E100001001041
24103,5.36,[105674],E100001015128,E100001015132
21302,,"[7051, 7052]",E100000000743,E100000001175
13259,100.0,"[6332, 6333]",E100000120315,E100001000397
2239,97.0,"[1247, 102762]",E100000002535,E100000001158
3655,7.56,[5287],E100001000222,E100001000225
21296,,"[2853, 2854]",E100000004260,E100001010061
23764,28.62,"[102344, 102345]",E100001014551,E100001014552
23588,100.0,"[86471, 101554]",E100001014277,E100001000278
23922,100.0,[104568],E100001014777,E100001014776
23393,100.0,[99018],E100001013783,E100000120628
24060,100.0,[105504],E100001015060,E100001000397
3513,49.0,[5152],E100001000119,E100001000120
21310,,"[6533, 6534, 6535]",E100001010367,E100000131000
24068,20.0,[105511],E100001015061,E100000000524
24126,12.94,[105838],E100001015196,E100001015197
23636,20.0,[101656],E100001014319,E100001014322
24017,49.0,"[105166, 105167]",E100000001916,E100000001917
23904,90.0,[104537],E100001014758,E100000153201
191,50.0,"[1970, 1969, 5853]",E100000001533,E100000000630
23722,100.0,"[102212, 102213]",E100001014499,E100001011247
24009,13.98,[105128],E100000000022,E100001014931
23985,5.18,[104822],E100000000054,E100001014862
24097,29.06,[105671],E100001015124,E100001015125
22403,100.0,"[61290, 61291]",E100000120487,E100001011348
21301,100.0,[7050],E100000120848,E100001010131
23514,8.83,[100901],E100000001384,E100001010595
23867,100.0,[102670],E100001014692,E100000000766
1129,100.0,"[3950, 1901]",E100000003274,E100000000942
23777,10.52,[102371],E100001014572,E100001010595
21318,50.0,[1931],E100000003310,E100000000805
23482,20.0,[100741],E100001014081,E100000001768
21305,96.55,[6119],E100000003265,E100000001667
24130,18.0,[105840],E100001014209,E100000001179
23842,100.0,[102576],E100001014650,E100001014651
13169,100.0,"[6116, 6251]",E100000120354,E100000004269
23537,5.8,[101318],E100000155483,E100001014208
23749,51.0,[102298],E100001014537,E100001014156
23659,,[101799],E100001014364,E100001014365
23483,40.0,[100741],E100001014081,E100000000649
23328,10.0,"[98752, 108826, 108834]",E100001013655,E100000131832
22534,100.0,[74754],E100000137459,E100000000646
23970,8.13,[104788],E100000001223,E100001010595
22655,19.35,[75038],E100000121053,E100001011654
21309,100.0,[6119],E100000003135,E100000000192
24114,5.3,[105708],E100001015157,E100001015160
24042,100.0,[105426],E100001015044,E100001015045
24003,6.82,[104980],E100001014916,E100000153079
21299,100.0,[6119],E100000128382,E100000001753
24051,16.09,[108410],E100000001237,E100001000178
22048,100.0,[5882],E100000120943,E100001000404
23805,9.12,[102458],E100000001194,E100001010595
21314,100.0,"[4619, 2571]",E100000000911,E100000000909
21323,,"[7061, 7062]",E100001010590,E100001010591
21915,49.0,[10679],E100001010993,E100000000801
23935,,"[104595, 104596]",E100001014795,E100001014796
22263,19.81,[11805],E100000121168,E100001011252
21300,22.0,[6213],E100000121530,E100000001335
23820,100.0,[102535],E100001014625,E100001014626
24091,100.0,"[105662, 105663]",E100001015118,E100001000284
22928,40.99,[76774],E100001000652,E100001012199
21768,6.49,[109983],E100001000608,E100001010883
23677,95.49,"[101869, 101870, 101871]",E100001014389,E100001014390
23953,20.0,[104704],E100001014819,E100001014318
24084,100.0,[105597],E100001015097,E100001015098
24122,100.0,"[105832, 105833]",E100001015189,E100000001247
23887,9.93,[102700],E100001014712,E100001014719
23944,,[104667],E100001014807,E100001014808
23735,35.0,[102262],E100000003028,E100001014516
23791,,[102396],E100001014583,E100001014584
23854,65.0,[102652],E100001014673,E100001014674
23703,10.1,[102018],E100001014433,E100001014434
21322,31.0,[7061],E100001001050,E100001010590
22755,51.0,[75413],E100001011783,E100001011784
21380,8.84,[7109],E100000121161,E100001010620
13136,5.99,[6109],E100001010018,E100001000520
21420,,[7144],E100001010658,E100000131991
21400,44.36,[7119],E100001000736,E100001010635
21392,,[7118],E100001010629,E100000132231
21432,,[108373],E100000132193,E100000002088
21412,100.0,[7135],E100000120823,E100000000649
21419,,[7144],E100001010657,E100000131991
21448,52.0,[],E100000120509,E100000001753
21402,5.45,[7119],E100001000736,E100001010637
22929,10.25,[76774],E100001000652,E100001012200
23257,,[97733],E100001013486,E100001000537
21421,,[7144],E100001010659,E100000131991
21382,100.0,"[7099, 109758]",E100001010621,E100000132148
21374,51.0,"[7101, 6050]",E100001001032,E100001000068
21398,100.0,[],E100001010634,E100000132231
21439,12.21,[7161],E100000003060,E100001010674
10846,4.79,[6119],E100000123170,E100000001753
21411,100.0,[6144],E100000120142,E100000001454
21435,100.0,"[7159, 107527]",E100001010671,E100000000652
21427,,[109609],E100001010666,E100000131905
21428,100.0,"[109607, 109608]",E100001010667,E100000131905
21423,10.0,"[7146, 7147]",E100000132384,E100001010662
21415,100.0,"[7140, 7141]",E100001010653,E100000132266
21434,40.45,[7160],E100001010124,E100001010671
21394,100.0,[7118],E100001010630,E100000132231
21375,100.0,"[7102, 7103, 7104]",E100000003108,E100000001265
22264,24.25,[11805],E100000121168,E100001011253
21388,50.0,"[7114, 108556, 108430]",E100001010626,E100001010627
21387,100.0,"[7113, 108540, 108430]",E100001010625,E100000132340
21619,,"[7929, 7930]",E100001010795,E100001010796
21407,100.0,"[7128, 109157]",E100001010640,E100000131563
21395,100.0,[7121],E100000132225,E100001010631
21440,11.66,[7161],E100000003060,E100001010675
21430,68.0,[108354],E100000131854,E100000002080
18310,13.16,[6119],E100000128837,E100000128953
21358,27.0,"[7097, 7098]",E100000002808,E100001010607
21424,15.0,"[7146, 7147]",E100000132384,E100001010663
21369,100.0,[7092],E100001010609,E100001010611
4226,6.0,[5803],E100000004167,E100000003449
21414,100.0,[7139],E100001010652,E100000132266
21401,5.15,[7119],E100001000736,E100001001048
21408,100.0,[109160],E100001010641,E100000131563
21425,99.66,"[7148, 7149, 7150, 7151]",E100000131758,E100001010664
21376,100.0,[7107],E100000002870,E100001000391
12503,10.0,[6119],E100000124681,E100000125584
21357,,"[7095, 7096]",E100000003520,E100001010606
21377,100.0,"[7108, 6305]",E100000002903,E100000002872
21410,,[7130],E100001000414,E100001010643
21372,,[7100],E100000002364,E100001010616
21445,50.0,[7164],E100001010681,E100000000650
21378,29.51,[7109],E100000121161,E100001010618
21399,100.0,[7118],E100001010636,E100000132231
21397,100.0,[7122],E100001010631,E100001010633
21418,,[7144],E100001010656,E100000131991
22756,100.0,[75413],E100001011784,E100001011785
21379,11.09,[7109],E100000121161,E100001010619
21416,100.0,"[7142, 7143, 109088]",E100001010654,E100000131504
22656,9.72,[75038],E100000121053,E100001011655
23167,54.3,[97917],E100001013307,E100001013308
22535,100.0,"[74757, 74759]",E100000000350,E100001011541
21403,100.0,[7119],E100000120327,E100001000736
21426,100.0,"[109605, 109606]",E100001010665,E100000131905
21363,27.0,"[7097, 7098]",E100000002808,E100001010612
20900,75.0,"[7146, 7147]",E100000132384,E100000132150
21429,99.99,"[7154, 109603]",E100001010668,E100000131905
21365,8.9,[7097],E100000002808,E100001000952
21436,8.33,[7160],E100001010124,E100001010123
21413,,[7138],E100001010651,E100000132266
21447,100.0,[6119],E100000124485,E100000000175
21361,100.0,[7092],E100001010610,E100001010611
21373,,[7100],E100000002364,E100000000778
21422,100.0,"[7147, 7146, 7145]",E100001010660,E100000132384
21366,7.5,[7097],E100000002808,E100001000955
21367,6.0,"[7097, 7098]",E100000002808,E100001010613
21404,100.0,[7119],E100000120536,E100001000736
22404,99.2,[61292],E100000120402,E100000001827
21396,100.0,[7120],E100001010632,E100000132231
21444,40.0,"[7164, 7163]",E100000120569,E100001010681
21916,100.0,[8620],E100000120920,E100001010995
21446,50.0,[7164],E100001010681,E100000000481
22855,99.0,"[75880, 75881]",E100001011986,E100001011987
21386,100.0,"[108538, 108430]",E100001010624,E100000132340
46,100.0,"[1666, 6305]",E100000001458,E100000000339
21620,99.33,"[7931, 109556]",E100000121601,E100001010797
8268,100.0,[6119],E100000123654,E100000000239
23538,13.03,[101319],E100000155483,E100001010595
21452,100.0,[7708],E100001010700,E100001000489
11249,100.0,[6119],E100000125172,E100000000267
21478,60.0,[7743],E100000120401,E100001010709
7905,20.0,[6119],E100000121712,E100000123519
21770,100.0,"[10435, 10436, 10437]",E100000120832,E100001000479
22657,9.49,[75038],E100000121053,E100001011656
22049,100.0,[11510],E100000121185,E100001000270
21489,9.74,[7755],E100000000815,E100001010712
21460,100.0,[7719],E100001010702,E100000001492
21450,51.26,[7193],E100000000360,E100000001640
1320,100.0,[2116],E100000003458,E100000000874
9930,6.6,[6119],E100000123418,E100000124003
9928,24.28,[6119],E100000123418,E100000001753
21457,53.85,[7716],E100000002081,E100001010702
8604,5.79,[6119],E100000123980,E100000123424
9929,6.6,[6119],E100000123418,E100000124654
13807,100.0,[6119],E100000130197,E100000130207
10521,16.32,[6119],E100000004353,E100000124025
23329,32.84,[98754],E100001013656,E100001013023
22265,,"[11806, 11807]",E100001000438,E100000001158
21481,40.0,[7744],E100000120401,E100000120304
21480,100.0,[7743],E100001010710,E100000120009
15256,11.99,[6119],E100000127369,E100000001753
18307,3.11,[6119],E100000128837,E100000001753
11981,24.5,[6119],E100000125290,E100000125367
7248,47.51,[6119],E100000123620,E100000001753
1272,100.0,"[2055, 7189, 7190]",E100000003437,E100000000878
22405,100.0,[61293],E100000004348,E100000120537
8603,4.63,[6119],E100000123980,E100000001753
10518,5.2,[6119],E100000004353,E100000001753
21458,26.45,[7716],E100000002081,E100001010703
23660,,[101799],E100001014364,E100001014366
21484,50.0,[7749],E100000120133,E100000002690
21479,51.0,[7743],E100001010709,E100001010710
23515,43.06,[100903],E100000001384,E100001014140
18309,7.9,[6119],E100000128837,E100000128824
21461,51.79,"[7720, 7721, 11389]",E100000003742,E100001010702
499,100.0,"[1323, 1325, 1324]",E100000001789,E100000001265
4341,100.0,"[2025, 3941]",E100000003417,E100000004166
1753,100.0,"[2553, 2046, 7171, 7172]",E100000003967,E100000000878
3412,100.0,[2144],E100000003526,E100000001173
21451,80.0,[7708],E100001010699,E100001000489
11295,100.0,[6119],E100000124007,E100000124812
6814,13.71,[6119],E100000124454,E100000123261
1695,100.0,[2507],E100000003893,E100000000445
23589,59.1,[101555],E100001014279,E100001014280
1313,100.0,"[2105, 1993, 5985]",E100000003451,E100000000868
1592,100.0,"[2046, 7168, 7169]",E100000003801,E100000000878
21483,50.0,[7749],E100000120133,E100000003661
15257,5.78,[6119],E100000127369,E100000127568
15258,5.13,[6119],E100000127369,E100000127569
23168,41.0,[97917],E100001013307,E100001013309
21488,41.61,[7755],E100000000815,E100001010711
16714,49.0,[6119],E100000127364,E100000127873
7907,24.0,[6119],E100000121712,E100000000187
9933,7.95,[6119],E100000123418,E100000124002
9575,40.0,[6119],E100000122089,E100000123853
10853,100.0,[6119],E100000123619,E100000124761
1761,51.0,[2561],E100000003925,E100000000624
9574,60.0,[6119],E100000122089,E100000122090
590,100.0,"[1406, 1407]",E100000002725,E100000001102
21459,100.0,"[7717, 7718]",E100001010703,E100001010704
3408,100.0,"[1681, 1680, 3725]",E100000002998,E100000001173
9433,100.0,[6119],E100000123653,E100000125558
23484,40.0,[100741],E100001014081,E100001014082
21917,100.0,[10684],E100000120225,E100001010995
3335,100.0,[2328],E100000003720,E100000001606
1365,100.0,"[2046, 7173, 7174]",E100000003536,E100000000878
23637,16.0,[6049],E100001014319,E100001014323
5305,,[],E100000120150,E100000120029
21454,,[7144],E100001010696,E100000131991
6816,8.06,[6119],E100000124454,E100000125011
6815,5.11,[6119],E100000124454,E100000125012
1315,51.0,"[2110, 2109]",E100000003453,E100000000901
23005,100.0,[11818],E100000121500,E100001000486
23616,50.0,[101612],E100001014300,E100000001282
23394,30.0,"[99019, 99020, 99018]",E100001013782,E100000120912
21455,38.37,"[7714, 7715]",E100000001492,E100001000270
6379,12.89,[6119],E100000000183,E100000001753
4858,50.0,"[7747, 7748]",E100000120117,E100000000039
6381,34.12,[6119],E100000000183,E100000001446
22536,100.0,[74760],E100001000001,E100001011542
1301,100.0,[2090],E100000003479,E100000001222
8993,100.0,[6119],E100000125171,E100000123261
10221,30.0,[6119],E100000123625,E100000125586
23678,100.0,[101888],E100001014392,E100001000081
22757,45.0,[75415],E100001011785,E100001000636
2340,50.0,"[1670, 6305]",E100000002994,E100000000602
8398,7.71,[6119],E100000123640,E100000123261
9048,100.0,[6119],E100000125173,E100000125674
11480,49.0,[6119],E100000125183,E100000125307
8965,8.98,[6119],E100000000240,E100001000032
11992,51.0,[6119],E100000123647,E100000000170
3750,100.0,[5365],E100000002128,E100001000277
1774,30.0,"[2577, 2575, 2576, 5921]",E100000003985,E100000000649
2033,100.0,"[2834, 5987, 5988]",E100000004241,E100000000868
8223,100.0,[6119],E100000123639,E100000000239
11130,100.0,[6119],E100000125361,E100000125385
7111,51.0,[6119],E100000122192,E100000000157
8263,100.0,[6119],E100000123637,E100000000239
11178,82.9,[6119],E100000123669,E100000000216
11356,100.0,[6119],E100000125178,E100000125306
9556,25.0,[6119],E100000002678,E100000001676
9554,22.0,[6119],E100000002678,E100000000160
9555,18.0,[6119],E100000002678,E100000123850
43,100.0,"[1609, 824]",E100000000822,E100000000827
151,100.0,[2799],E100000001715,E100000000506
4753,,[],E100001000612,E100000120888
3307,100.0,[5097],E100000000126,E100001000061
921,100.0,[1752],E100000003075,E100000000798
23169,25.0,[97920],E100001013312,E100001013313
10883,100.0,[6119],E100000123626,E100000123261
7196,55.0,[6119],E100000122189,E100000123399
3317,100.0,[5105],E100001000070,E100001000071
3211,10.0,"[2577, 2575, 2576, 5921]",E100000003985,E100000000644
8252,100.0,[6119],E100000123635,E100000000239
6104,,[],E100001001401,E100001001249
4596,29.9,[5951],E100000002415,E100001000915
9049,100.0,[6119],E100000125174,E100000125280
7634,100.0,[6119],E100000122255,E100000000171
6864,100.0,[6119],E100000122190,E100000123261
10893,100.0,[6119],E100000124573,E100000125158
20425,17.44,[6119],E100000127397,E100000130686
15891,4.15,[6119],E100000127385,E100000001753
22406,100.0,[61297],E100000120537,E100001011351
6299,55.0,[6119],E100000001662,E100000000260
7520,100.0,[6119],E100000003122,E100000000213
142,100.0,[2726],E100000001702,E100000000831
11973,100.0,[6119],E100000123632,E100000125626
11348,100.0,[6119],E100000125176,E100000125786
8227,100.0,[6119],E100000122150,E100000000239
7335,73.75,[6119],E100000124496,E100000124495
8921,10.6,[6119],E100000123644,E100000124560
11994,100.0,[6119],E100000123646,E100000124904
3875,24.5,[5499],E100000003523,E100001000203
3876,0.3,[5499],E100000003523,E100000001753
6310,100.0,[6119],E100000000254,E100000123261
6757,100.0,[6119],E100000125359,E100000125373
12756,3.09,[6119],E100000123668,E100000001753
11250,100.0,[6119],E100000125360,E100000123261
9187,10.82,[6119],E100000124581,E100000125079
3359,100.0,[5124],E100001000091,E100000000627
8294,36.0,[6119],E100000124535,E100000125053
568,100.0,[1392],E100000002718,E100000001184
9228,9.07,[6119],E100000125179,E100000124453
1349,75.2,"[5498, 5499]",E100000003523,E100000000443
6298,45.0,[6119],E100000001662,E100000123261
8399,9.0,[6119],E100000123640,E100000124541
12626,100.0,[6119],E100000124333,E100000123261
11338,100.0,[6119],E100000125175,E100000125785
7110,29.0,[6119],E100000122192,E100000123373
7112,20.0,[6119],E100000122192,E100000123374
2595,49.0,[2561],E100000003925,E100000000602
156,50.0,[840],E100000001718,E100000000382
9902,7.46,[6119],E100000124969,E100000123261
12958,7.46,[6119],E100000124969,E100000125937
3374,,[2235],E100000003515,E100000001585
9166,79.48,[6119],E100000124507,E100000125076
9165,11.72,[6119],E100000124507,E100000001237
9164,2.21,[6119],E100000124507,E100000001753
8291,29.0,[6119],E100000124535,E100000123299
8292,20.0,[6119],E100000124535,E100000125054
8293,15.0,[6119],E100000124535,E100000124532
19721,37.02,[6119],E100000127399,E100000123686
6936,10.0,[6119],E100000124473,E100000125648
12978,100.0,[6119],E100000123628,E100000125957
8397,0.39,[6119],E100000123640,E100000001753
16685,60.0,[6119],E100000127398,E100000127371
3801,,[5406],E100000000757,E100001000298
20056,4.41,[6119],E100000127397,E100000001753
4148,49.97,"[5756, 5758]",E100001000593,E100001000595
157,100.0,[148],E100000001700,E100000000505
11993,49.0,[6119],E100000123647,E100000123646
11022,1.0,[6119],E100000123659,E100000001753
9557,35.0,[6119],E100000002678,E100000000224
10268,100.0,[6119],E100000123986,E100000123261
9903,7.46,[6119],E100000124969,E100000125119
9229,90.93,[6119],E100000125179,E100000125770
8964,91.02,[6119],E100000000240,E100000125547
16684,40.0,[6119],E100000127398,E100000123261
820,59.99,"[1646, 5960]",E100000002867,E100000000382
16786,61.0,[6119],E100000127378,E100000127693
708,100.0,[3559],E100000002838,E100000001194
21468,100.0,[7729],E100001010707,E100001000901
8658,100.0,[6119],E100000123693,E100000000163
498,50.0,"[1320, 1321, 1322]",E100000002571,E100000001211
2818,0.91,"[1603, 1605, 1604]",E100000001906,E100000001753
1952,100.0,[1706],E100000004163,E100000001331
977,100.0,[1830],E100000003065,E100000000935
1938,100.0,[2714],E100000001963,E100000001624
14176,100.0,[6119],E100000127453,E100000128313
710,,"[3561, 114764, 114774]",E100000002840,E100000001194
4439,7.45,[5923],E100000002868,E100001000906
360,100.0,"[5990, 5991, 7747]",E100000002470,E100000000039
10332,4.71,[6119],E100000123682,E100000001753
1662,100.0,[4509],E100000003846,E100000001277
538,100.0,"[1377, 1376, 1378, 1379]",E100000002688,E100000001151
531,100.0,"[1369, 1370]",E100000002681,E100000000690
8903,100.0,[6119],E100000123726,E100000123261
8875,94.0,[6119],E100000123717,E100000123471
8837,100.0,[6119],E100000123712,E100000123261
1661,100.0,"[2272, 6149]",E100000003845,E100000001329
4632,25.0,"[1487, 5968]",E100000002796,E100000000651
8000,5.0,[6119],E100000125194,E100000123261
4631,50.0,"[5966, 532]",E100000001744,E100001000965
2764,20.0,"[1167, 5871]",E100000002451,E100000000382
1850,100.0,"[2637, 75332]",E100000004059,E100000001755
7956,10.0,[6119],E100000125048,E100000125663
148,100.0,"[844, 2768]",E100000001709,E100000000916
152,100.0,[2815],E100000001716,E100000000097
6750,100.0,[6119],E100000123945,E100000123080
2018,100.0,"[2810, 2811]",E100000004227,E100000000750
2008,60.0,[5919],E100000004220,E100000000382
945,100.0,"[1147, 1777]",E100000001799,E100000000092
4635,48.74,[5969],E100000002414,E100001000966
3763,0.15,[5375],E100000001971,E100000001753
976,,[1829],E100000003064,E100000000935
159,100.0,[570],E100000001721,E100000000899
6503,100.0,[6119],E100000002693,E100000000171
10407,90.0,[6119],E100000123688,E100000125590
2343,30.0,"[1694, 5623, 5624]",E100000003016,E100000000888
3176,,[1217],E100000002502,E100000001024
8884,100.0,[6119],E100000123718,E100000123717
8001,95.0,[6119],E100000125194,E100000125274
3827,100.0,[5420],E100000003496,E100000000869
2320,24.0,"[1603, 1605, 1604]",E100000001906,E100000000453
4432,100.0,"[5922, 108319]",E100001000566,E100001000902
4588,29.9,"[5949, 109900]",E100000002412,E100001000915
4374,100.0,"[5897, 108508, 108504]",E100001000879,E100001000402
3762,99.85,[5375],E100000001971,E100001000284
1153,100.0,[1920],E100000003304,E100000001305
11176,8.78,[6119],E100000123669,E100000001753
153,100.0,[2817],E100000001717,E100000000387
2248,50.0,"[1320, 1321, 1322]",E100000002571,E100000001089
7955,90.0,[6119],E100000125048,E100000125765
2689,40.0,[5919],E100000004220,E100000000891
4695,10.0,[6026],E100000004013,E100000001755
14136,49.0,[6119],E100000127448,E100000127449
10408,10.0,[6119],E100000123688,E100000124702
11673,100.0,[6119],E100000125185,E100000125310
2770,25.0,"[1205, 1204, 1203, 1202]",E100000002483,E100000000651
3031,10.0,"[1205, 1204, 1203, 1202]",E100000002483,E100000000928
1983,100.0,"[2778, 2779]",E100000004196,E100000001180
2868,,"[1965, 1962, 1964, 1963]",E100000003357,E100000000556
2118,100.0,[],E100000004327,E100000000014
6761,100.0,[6119],E100000002696,E100000000483
10340,70.06,[6119],E100000123686,E100000001543
11866,100.0,[6119],E100000125196,E100000125316
10339,16.29,[6119],E100000123686,E100000123242
10338,13.65,[6119],E100000123686,E100000123329
10333,30.12,[6119],E100000123682,E100000123329
7866,100.0,[6119],E100000002705,E100000001426
1409,20.0,"[2208, 5593]",E100000003579,E100000000382
2230,,[1217],E100000002502,E100000000906
11411,100.0,[6119],E100000002679,E100000001667
8905,99.99,[6119],E100000123725,E100000123261
7708,20.0,[6119],E100000003243,E100000000205
19343,15.46,[6119],E100000127455,E100000128628
19339,15.46,[6119],E100000127455,E100000128627
19340,10.31,[6119],E100000127455,E100000128629
589,100.0,[5919],E100000002723,E100000000382
8888,100.0,[6119],E100000123721,E100000125546
4541,100.0,[5933],E100000002973,E100001000926
8866,100.0,[6119],E100000123719,E100000124556
3510,66.0,"[1420, 5150, 5984]",E100000002731,E100000000382
11177,8.32,[6119],E100000123669,E100000123329
819,100.0,"[1645, 5919]",E100000002971,E100000000382
19342,25.77,[6119],E100000127455,E100000127474
372,38.0,"[1205, 1204, 1203, 1202]",E100000002483,E100000000382
4785,25.94,[108376],E100000120627,E100001000686
5192,,"[7737, 7738]",E100000120010,E100000001305
14401,50.0,[6119],E100000127469,E100000128322
521,100.0,[1360],E100000002577,E100000001297
5594,,[],E100000121304,E100000121305
4842,,[],E100000120344,E100000120532
3572,100.0,[1704],E100000003024,E100000003471
560,38.7,[1384],E100000002711,E100000001672
5205,,[],E100000120350,E100000120647
832,100.0,[1658],E100000002981,E100000000148
5406,,[],E100000121042,E100000121153
842,100.0,[3707],E100000002991,E100000001209
5354,20.0,"[7813, 7814]",E100000121038,E100000121015
5030,,[],E100000120800,E100000121547
5426,,[],E100000121066,E100000121067
5069,,[],E100000121377,E100001000744
475,100.0,[1294],E100000002634,E100000001170
825,100.0,[1652],E100000002975,E100000000382
5617,10.0,[],E100000121439,E100000120245
751,100.0,"[1554, 1555]",E100000002905,E100000001861
5665,,[],E100000120095,E100000120096
813,100.0,[1637],E100000002960,E100000001475
5687,,[],E100000121342,E100000120506
4881,,[],E100000120337,E100000120336
5435,70.0,[],E100000121021,E100000121578
5571,,[],E100000121415,E100000000815
2263,8.0,[1384],E100000002711,E100000001592
5723,,[],E100000121396,E100000120433
5427,,[],E100000121084,E100000128088
4997,,[],E100000120963,E100000001642
5331,,[],E100000121068,E100000121057
5417,10.0,[],E100000121044,E100000004050
5670,,[],E100000121588,E100000120951
797,100.0,[1618],E100000002964,E100000000717
5645,100.0,[5811],E100000121120,E100001000404
5440,63.1,[],E100000121047,E100000120543
5487,100.0,[],E100000121266,E100000120219
5709,,[],E100000121244,E100000121243
673,100.0,[1498],E100000002760,E100000000650
12307,10.0,[6119],E100000002709,E100000124283
5781,100.0,[6064],E100000003874,E100001001036
5773,100.0,"[6056, 6057, 6058]",E100000003025,E100000002899
503,100.0,"[1330, 1332, 1331]",E100000002573,E100000000464
21771,45.0,[10438],E100000001636,E100000002129
628,100.0,[1455],E100000002756,E100000000989
5359,,[],E100000121074,E100000128088
615,100.0,[1406],E100000002749,E100000001102
6012,,[],E100001001335,E100000001262
729,100.0,[1533],E100000002892,E100000000320
5666,,[6719],E100000120099,E100000120333
21621,100.0,[7931],E100001010797,E100000000337
5388,,[],E100000121013,E100000121019
5146,,[],E100000121215,E100000120034
11334,90.0,[6119],E100000123916,E100000123915
4882,,[],E100000120337,E100000121212
4878,,[],E100000120233,E100000120849
5508,,[10585],E100000121394,E100000120629
5039,32.0,"[6131, 7960]",E100000120519,E100000000407
5182,,[],E100000121164,E100000120672
22537,59.0,[74763],E100001010461,E100001011544
523,100.0,"[1363, 1362]",E100000002578,E100000001183
632,100.0,"[1460, 1461]",E100000002759,E100000001189
567,100.0,[1391],E100000002717,E100000001182
22266,100.0,"[11810, 11811]",E100000120479,E100001000370
21918,,[10685],E100001010975,E100001010996
5459,,[],E100000121180,E100000121327
5647,,[],E100000121489,E100001000273
22407,100.0,[61297],E100001011351,E100001011352
740,100.0,"[1538, 1539]",E100000002898,E100000000641
5063,,[],E100000121525,E100000000018
6001,100.0,[6133],E100001001317,E100001001308
6089,,[],E100001001315,E100001001316
1914,100.0,[2692],E100000004119,E100000000912
3046,6.0,[1384],E100000002711,E100000001495
5029,,[],E100000120800,E100000000018
5768,100.0,"[6053, 6054]",E100000002852,E100001001033
5330,,[],E100000121035,E100000120495
627,100.0,"[1454, 1453]",E100000002755,E100000001143
5434,30.0,[],E100000121021,E100000128088
10995,5.24,[6119],E100000124091,E100000125512
5371,,[],E100000121028,E100000120621
5418,90.0,[],E100000121044,E100000121447
5463,,[],E100000121428,E100000120273
5013,100.0,[7752],E100000121254,E100000000975
5360,,[],E100000121074,E100000121535
480,100.0,"[1276, 1296, 3313]",E100000002639,E100000001642
5308,45.0,[6324],E100000120575,E100001000746
5139,,[],E100000120376,E100000120097
11335,10.0,[6119],E100000123916,E100000124816
5313,,[],E100000121260,E100000121067
2362,50.0,"[1767, 1768, 1769, 1392, 1766]",E100000003085,E100000001149
593,100.0,"[1410, 6059, 6060]",E100000002601,E100000001870
6060,,[],E100001001219,E100000001164
6368,9.9,[6119],E100000002830,E100000123253
5458,,[],E100000121192,E100000121327
481,100.0,[1297],E100000002640,E100000001072
562,100.0,[1386],E100000002712,E100000000821
4869,100.0,[10357],E100000120083,E100000120465
477,100.0,"[1291, 1292]",E100000002636,E100000001170
831,100.0,[],E100000002978,E100000000610
5024,,[],E100000121313,E100000120426
5616,30.0,[],E100000121439,E100000000786
6007,100.0,[6133],E100001001327,E100000001262
7452,20.0,[6119],E100000125218,E100000125266
6175,100.0,[6204],E100001001140,E100001001131
2105,100.0,[1277],E100000004315,E100000001222
11164,24.5,[6119],E100000121630,E100000124115
12472,56.36,[6119],E100000121623,E100000001366
5910,30.0,"[6038, 6135]",E100000121277,E100001001091
6130,75.0,"[6178, 109126]",E100001001110,E100001001106
9218,55.01,[6119],E100000123785,E100000123455
9868,99.0,[6119],E100000123767,E100000123261
11160,35.0,[6119],E100000121627,E100000122058
6189,40.99,"[6040, 6205]",E100000120384,E100001001152
9216,30.0,[6119],E100000123785,E100000123314
9217,14.99,[6119],E100000123785,E100000124592
6132,75.0,"[6178, 109126]",E100001001111,E100001001106
9067,47.16,[6119],E100000123781,E100000001753
6125,90.0,[109126],E100001001107,E100001001106
7451,13.0,[6119],E100000125218,E100000125220
7450,13.0,[6119],E100000125218,E100000125217
6197,50.0,[6040],E100001001154,E100000002940
6188,100.0,[6204],E100001001151,E100001001143
8983,4.59,[6119],E100000121638,E100000001753
21391,100.0,[108486],E100000000856,E100000001471
6183,100.0,[6204],E100001001146,E100001001143
7598,100.0,[6119],E100000121982,E100000121999
6191,31.48,[6205],E100000120384,E100001000899
6033,,[],E100001001366,E100000001262
6158,100.0,[6191],E100000120808,E100001000083
6025,,[],E100001001347,E100000001194
12784,25.0,[6119],E100000125210,E100000125327
12782,24.0,[6119],E100000125210,E100000123261
3591,100.0,"[2351, 2350]",E100000003782,E100000003776
6174,100.0,[6204],E100001001139,E100001001131
9867,1.0,[6119],E100000123767,E100000001753
9865,1.0,[6119],E100000123766,E100000001753
6184,95.07,[6204],E100001001148,E100001001143
6456,7.85,[6119],E100000125222,E100000001753
6457,6.28,[6119],E100000125222,E100000125244
6169,100.0,[6204],E100001001134,E100001001135
6190,100.0,[6040],E100001001152,E100000000968
5912,100.0,"[6136, 6137]",E100001001091,E100000003764
21390,100.0,[108535],E100001010627,E100000003740
6198,50.0,[6207],E100001001154,E100001010005
6091,,[],E100001001347,E100000001322
11163,24.5,[6119],E100000121630,E100000001366
6616,100.0,[6119],E100000123745,E100000001341
6138,92.7,[109126],E100001001114,E100001001115
6028,100.0,[6133],E100001001358,E100001001434
6019,100.0,[6133],E100001001337,E100001001282
261,100.0,[106074],E100000002391,E100000001104
6178,65.14,"[6204, 108526]",E100001001143,E100001001144
12470,3.64,[6119],E100000121623,E100000001753
6182,100.0,[6204],E100001001145,E100001001136
6166,100.0,[6204],E100001001131,E100001001132
8559,20.0,[6119],E100000121610,E100000123669
6126,100.0,"[6178, 109126]",E100001000679,E100001001106
5888,100.0,"[6114, 6113]",E100000120368,E100001001050
6170,100.0,[6204],E100001001135,E100001001136
8110,6.73,[6119],E100000125106,E100000001753
3844,100.0,"[5448, 6167]",E100000002277,E100001000317
6128,25.0,"[6178, 109126]",E100001001108,E100001001109
8639,49.0,[6119],E100000121621,E100000121636
6022,,[],E100001001362,E100001001058
12426,100.0,[6119],E100000125230,E100000125755
6675,25.0,[6119],E100000002597,E100000123292
18771,45.0,[6119],E100000127496,E100000128583
10985,100.0,[6119],E100000125105,E100000123261
8112,15.79,[6119],E100000125106,E100000125276
12785,25.0,[6119],E100000125210,E100000125328
8702,100.0,[6119],E100000121632,E100000121628
5141,50.0,"[6080, 6070]",E100000120890,E100001000703
274,100.0,[1072],E100000002399,E100000001021
6185,70.0,[6204],E100001001147,E100001001148
6176,100.0,[6204],E100001001141,E100001001131
9827,49.0,[6119],E100000125109,E100000124641
1014,100.0,"[1724, 110086]",E100000003156,E100000001267
6177,100.0,[6204],E100001001142,E100001001143
6187,100.0,[6204],E100001001150,E100001001143
9200,30.0,[6119],E100000123782,E100000125493
11529,49.0,[6119],E100000121626,E100000121611
11270,15.25,[6119],E100000123777,E100000001753
11187,89.3,[6119],E100000121611,E100000123669
9068,52.84,[6119],E100000123781,E100000123261
8558,80.0,[6119],E100000121610,E100000123649
5911,70.0,[6135],E100000121277,E100000000175
6134,75.0,"[6178, 109126]",E100001001112,E100001001106
6193,100.0,[108525],E100001001153,E100001001156
6131,25.0,"[6178, 109126]",E100001001110,E100001001109
6123,89.8,[6168],E100001001105,E100000000927
6063,,[],E100001001346,E100000001164
5965,100.0,[6133],E100001001441,E100001001078
6459,13.34,[6119],E100000125222,E100000123006
18770,10.0,[6119],E100000127496,E100000123261
11165,51.0,[6119],E100000121630,E100000000262
6135,25.0,"[6178, 109126]",E100001001112,E100001001109
8185,45.0,[6119],E100000121663,E100000123163
9725,100.0,[6119],E100000121765,E100000122607
6745,8.0,[6119],E100000121718,E100000123309
9846,2.37,[6119],E100000121836,E100000001753
12821,3.0,[6119],E100000121699,E100000001753
8564,76.0,[6119],E100000121652,E100000123649
9761,100.0,[6119],E100000121774,E100000000197
11533,49.0,[6119],E100000121653,E100000121611
9582,100.0,[6119],E100000121782,E100000123854
8442,60.0,[6119],E100000121861,E100000121871
8551,80.0,[6119],E100000121807,E100000000175
8469,30.0,[6119],E100000121830,E100000123616
9009,47.49,[6119],E100000121612,E100000000163
9816,100.0,[6119],E100000121856,E100000123899
9589,100.0,[6119],E100000121813,E100000123855
7630,100.0,[6119],E100000121723,E100000123464
9847,97.63,[6119],E100000121836,E100000123730
7632,38.0,[6119],E100000121724,E100000123465
8467,48.0,[6119],E100000121825,E100000123616
8180,60.42,[6119],E100000121672,E100000123163
9641,10.0,[6119],E100000121787,E100000123861
11637,100.0,[6119],E100000121701,E100000003223
11698,100.0,[6119],E100000121690,E100000000186
8524,51.0,[6119],E100000121805,E100000000175
11654,5.0,[6119],E100000121685,E100000124181
11636,100.0,[6119],E100000121694,E100000000170
11532,51.0,[6119],E100000121653,E100000001366
11186,10.7,[6119],E100000121611,E100001000465
8588,100.0,[6119],E100000121780,E100000000175
8468,70.0,[6119],E100000121830,E100000000175
9690,65.0,[6119],E100000121803,E100000000192
11500,100.0,[6119],E100000121742,E100000123465
9610,100.0,[6119],E100000121775,E100000123857
8181,39.58,[6119],E100000121672,E100000123438
12289,77.56,[6119],E100000121661,E100000124280
11171,39.0,[6119],E100000121654,E100000124116
11499,51.0,[6119],E100000121741,E100000123465
9606,33.0,[6119],E100000121783,E100000121754
9605,30.0,[6119],E100000121783,E100000000163
9274,32.44,[6119],E100000123803,E100000124596
9002,40.0,[6119],E100000121643,E100000123669
9813,100.0,[6119],E100000121839,E100000123616
7631,62.0,[6119],E100000121724,E100000123464
9681,25.0,[6119],E100000121756,E100000123869
9683,10.0,[6119],E100000121756,E100000123361
12350,1.37,[6119],E100000121670,E100000001753
280,100.0,"[1077, 1075]",E100000002371,E100000001305
9010,44.94,[6119],E100000121612,E100000123733
9008,7.57,[6119],E100000121612,E100000001753
12354,100.0,[6119],E100000121659,E100000123438
11706,77.23,[6119],E100000121695,E100000124186
9001,60.0,[6119],E100000121643,E100000000483
11668,32.67,[6119],E100000121692,E100000124183
11665,11.11,[6119],E100000121692,E100001000465
11666,10.0,[6119],E100000121692,E100000124184
11664,0.89,[6119],E100000121692,E100000001753
9607,34.0,[6119],E100000121783,E100000000181
7862,100.0,[6119],E100000121841,E100000122821
9716,50.0,[6119],E100000121763,E100000123361
9682,65.0,[6119],E100000121756,E100000000192
8565,24.0,[6119],E100000121652,E100000123669
9817,100.0,[6119],E100000121849,E100000123418
8547,55.0,[6119],E100000121870,E100000121871
11704,16.62,[6119],E100000121695,E100000001753
7789,94.72,[6119],E100000121733,E100000123464
11170,61.0,[6119],E100000121654,E100000125503
12882,30.0,[6119],E100000121792,E100000125861
8552,20.0,[6119],E100000121807,E100000000192
9765,100.0,[6119],E100000121771,E100000001502
9797,100.0,[6119],E100000121854,E100000123894
9696,30.12,[6119],E100000121789,E100000003123
9695,15.02,[6119],E100000121789,E100000123873
9693,8.32,[6119],E100000121789,E100000001753
257,100.0,[1051],E100000002361,E100000000602
9770,15.51,[6119],E100000121796,E100000123881
9767,10.0,[6119],E100000121796,E100000123884
9768,10.0,[6119],E100000121796,E100000123883
9771,7.99,[6119],E100000121796,E100000123885
9766,6.53,[6119],E100000121796,E100000123887
10074,12.0,[6119],E100000121809,E100000123936
8526,20.0,[6119],E100000121805,E100000123660
8527,10.0,[6119],E100000121805,E100000123661
7633,100.0,[6119],E100000121725,E100000123464
6732,100.0,[6119],E100000121828,E100000123305
9735,100.0,[6119],E100000121767,E100000123876
9694,46.54,[6119],E100000121789,E100000000192
9640,90.0,[6119],E100000121787,E100000123860
12288,22.44,[6119],E100000121661,E100000123424
11667,45.33,[6119],E100000121692,E100000124182
8184,9.82,[6119],E100000121663,E100000123586
9691,25.0,[6119],E100000121803,E100000123361
9692,10.0,[6119],E100000121803,E100000123872
11493,0.56,[6119],E100000121740,E100000001753
7790,5.28,[6119],E100000121733,E100000123465
12270,75.0,[6119],E100000121666,E100000123930
11705,6.15,[6119],E100000121695,E100000124187
9769,29.8,[6119],E100000121796,E100000123880
12271,9.5,[6119],E100000121666,E100000124278
8504,65.0,[6119],E100000121942,E100000123635
12052,20.0,[6119],E100000121887,E100000124226
11627,18.29,[6119],E100000124126,E100000124850
23170,25.0,[97920],E100001013312,E100001013314
12103,20.0,[6119],E100000121913,E100000121901
10818,100.0,[6119],E100000121951,E100000121919
9599,60.0,[6119],E100000000191,E100000123887
8691,26.0,[6119],E100000121979,E100000123369
12117,85.0,[6119],E100000121881,E100000124241
8548,30.0,[6119],E100000121870,E100000123361
12054,15.0,[6119],E100000121887,E100000124227
12051,10.0,[6119],E100000121887,E100000124228
12050,7.62,[6119],E100000121887,E100000123261
8019,31.12,[6119],E100000121985,E100000123540
8507,66.37,[6119],E100000121941,E100000123635
12057,33.53,[6119],E100000121890,E100000123646
7489,49.0,[6119],E100000121864,E100000123438
9874,10.87,[6119],E100000125115,E100000001753
10815,30.0,[6119],E100000121966,E100000123370
9723,100.0,[6119],E100000000203,E100000123261
12088,25.12,[6119],E100000121893,E100000000273
12087,7.31,[6119],E100000121893,E100000001753
12053,47.38,[6119],E100000121887,E100000124225
12023,100.0,[6119],E100000121917,E100000123647
12008,15.0,[6119],E100000121909,E100000124220
12006,11.0,[6119],E100000121909,E100000000195
10040,100.0,[6119],E100000123928,E100000122506
8505,35.0,[6119],E100000121942,E100000123370
11628,13.21,[6119],E100000124126,E100000124851
11629,11.28,[6119],E100000124126,E100000124852
11625,9.65,[6119],E100000124126,E100000124853
11626,6.61,[6119],E100000124126,E100000124854
11631,6.5,[6119],E100000124126,E100000124855
11630,5.08,[6119],E100000124126,E100000124856
11623,4.98,[6119],E100000124126,E100000001753
12058,66.47,[6119],E100000121890,E100000124229
10829,100.0,[6119],E100000121973,E100000125502
12076,17.48,[6119],E100000121891,E100000003123
12075,12.99,[6119],E100000121891,E100000000192
12074,7.83,[6119],E100000121891,E100000001753
11931,10.0,[6119],E100000121943,E100000123619
12077,46.72,[6119],E100000121891,E100000121900
8508,29.43,[6119],E100000121941,E100000123370
8506,4.2,[6119],E100000121941,E100000001753
12102,20.0,[6119],E100000121913,E100000121880
9731,9.27,[6119],E100000000198,E100000125520
10854,60.0,[6119],E100000121970,E100000123370
12114,34.0,[6119],E100000121906,E100000124239
9875,89.13,[6119],E100000125115,E100000123261
8549,10.0,[6119],E100000121870,E100000123666
8550,5.0,[6119],E100000121870,E100000123667
11564,55.19,[6119],E100000121958,E100000001753
11680,100.0,[6119],E100000000187,E100000125617
11710,49.0,[6119],E100000121883,E100000000174
7465,51.0,[6119],E100000121931,E100000122607
12892,87.92,[6119],E100000121949,E100000125871
8474,55.0,[6119],E100000121944,E100000121946
7467,39.0,[6119],E100000121931,E100000122885
7466,10.0,[6119],E100000121931,E100000123433
12663,12.28,[6119],E100000123809,E100000001753
8020,15.56,[6119],E100000121985,E100000123475
11624,24.39,[6119],E100000124126,E100000124849
12069,90.0,[6119],E100000121858,E100000123367
9732,90.73,[6119],E100000000198,E100000125567
12068,10.0,[6119],E100000121858,E100000124232
10814,70.0,[6119],E100000121966,E100000000181
11928,10.0,[6119],E100000121943,E100000123618
12005,21.0,[6119],E100000121909,E100000124219
9600,40.0,[6119],E100000000191,E100000125564
12047,100.0,[6119],E100000121899,E100000123696
11711,51.0,[6119],E100000121883,E100000000186
8499,40.5,[6119],E100000121933,E100000000175
10033,16.0,[6119],E100000121954,E100000123927
10031,6.0,[6119],E100000121954,E100000001753
12809,62.98,[6119],E100000121910,E100000123895
6747,100.0,[6119],E100000121889,E100000123306
12807,31.02,[6119],E100000121910,E100000123261
12089,67.56,[6119],E100000121893,E100000121880
8501,51.0,[6119],E100000121940,E100000000175
7475,5.0,[6119],E100000121926,E100000123434
7476,5.0,[6119],E100000121926,E100000123435
9612,100.0,[6119],E100000000194,E100000125565
8475,35.0,[6119],E100000121944,E100000123618
8476,10.0,[6119],E100000121944,E100000123619
10032,78.0,[6119],E100000121954,E100000123261
8500,40.5,[6119],E100000121933,E100000121973
8498,19.0,[6119],E100000121933,E100000000163
11459,100.0,[6119],E100000121977,E100000123261
8503,40.0,[6119],E100000121940,E100000123370
8502,9.0,[6119],E100000121940,E100000123435
7474,90.0,[6119],E100000121926,E100000122607
11565,44.81,[6119],E100000121958,E100000124165
8717,100.0,[6119],E100000121901,E100000000163
8692,74.0,[6119],E100000121979,E100000121919
8483,35.0,[6119],E100000121947,E100000123370
10823,2.31,[6119],E100000121924,E100000001753
13029,70.0,[6119],E100000122063,E100000126008
8556,80.0,[6119],E100000122106,E100000123610
7882,53.47,[6119],E100000122040,E100000123513
11414,100.0,[6119],E100000123817,E100000123261
8678,49.0,[6119],E100000122029,E100000122060
8697,50.0,[6119],E100000122025,E100000123237
12803,100.0,[6119],E100000121988,E100000124371
11977,30.0,[6119],E100000122107,E100000001509
9881,100.0,[6119],E100000125117,E100000123261
12227,7.0,[6119],E100000122031,E100000124269
10870,4.62,[6119],E100000122061,E100000001753
11825,100.0,[6119],E100000125251,E100000123329
7698,100.0,[6119],E100000122121,E100000000217
7538,2.07,[6119],E100000122100,E100000001753
11434,100.0,[6119],E100000122113,E100000124143
7792,18.0,[6119],E100000121991,E100000123497
7793,18.0,[6119],E100000121991,E100000123475
7477,100.0,[6119],E100000122159,E100000123431
7721,60.0,[6119],E100000122094,E100000000217
7568,100.0,[6119],E100000122137,E100000123450
8510,21.6,[6119],E100000122023,E100000123659
11413,100.0,[6119],E100000123818,E100000123261
7749,25.0,[6119],E100000122054,E100000122095
7748,10.0,[6119],E100000122054,E100000123238
7751,5.0,[6119],E100000122054,E100000123489
7539,97.93,[6119],E100000122100,E100000000213
12234,99.9,[6119],E100000122115,E100000124273
6711,100.0,[6119],E100000122058,E100001000399
9532,100.0,[6119],E100000122153,E100000123560
10890,10.0,[6119],E100000122080,E100000124074
10888,5.0,[6119],E100000122080,E100000124075
11302,100.0,[6119],E100000122141,E100000000218
8571,4.95,[6119],E100000122131,E100000001753
9383,90.0,[6119],E100000123823,E100000001663
12233,20.0,[6119],E100000122117,E100000124272
11291,50.0,[6119],E100000122132,E100000123450
8003,100.0,[6119],E100000122035,E100000122411
8698,50.0,[6119],E100000122025,E100000123480
8617,60.0,[6119],E100000122009,E100000121990
8568,100.0,[6119],E100000122146,E100000123671
8214,100.0,[6119],E100000124168,E100000000239
8618,40.0,[6119],E100000122009,E100000123475
8646,100.0,[6119],E100000122162,E100000121754
7750,60.0,[6119],E100000122054,E100000000217
11976,66.0,[6119],E100000122107,E100000123237
8574,45.0,[6119],E100000122148,E100000122122
12787,9.5,[6119],E100000121996,E100000124369
8625,30.0,[6119],E100000122038,E100000123480
9855,16.2,[6119],E100000124161,E100000123748
8667,100.0,[6119],E100000122022,E100000000163
10898,30.01,[6119],E100000122063,E100000124076
12791,100.0,[6119],E100000122000,E100000123261
6860,65.1,[6119],E100000122095,E100000125490
8666,10.0,[6119],E100000122024,E100001000433
8664,5.0,[6119],E100000122024,E100000001753
9430,10.0,[6119],E100000123822,E100000125528
8051,33.98,[6119],E100000122017,E100000001753
8053,30.39,[6119],E100000122017,E100000123551
12793,66.0,[6119],E100000122014,E100000122000
8530,100.0,[6119],E100000122092,E100000123610
12765,42.0,[6119],E100000122123,E100000123669
10994,49.0,[6119],E100000122078,E100000124094
8014,100.0,[6119],E100000122007,E100000123538
8572,95.05,[6119],E100000122131,E100000122143
10889,85.0,[6119],E100000122080,E100000122607
13028,95.0,[6119],E100000122057,E100000126007
8665,85.0,[6119],E100000122024,E100000123237
8052,35.64,[6119],E100000122017,E100000123261
10940,100.0,[6119],E100000122069,E100001000064
7883,27.95,[6119],E100000122040,E100000123514
7884,13.7,[6119],E100000122040,E100000123515
7881,4.89,[6119],E100000122040,E100000001753
7791,64.0,[6119],E100000121991,E100000123463
8677,51.0,[6119],E100000122029,E100000123237
13051,49.0,[6119],E100000122132,E100000126030
11290,1.0,[6119],E100000122132,E100000001753
9573,100.0,[6119],E100000122108,E100000122138
10897,94.74,[6119],E100000122067,E100000123261
10896,5.26,[6119],E100000122067,E100000001753
10862,100.0,[6119],E100000000211,E100000123261
12228,5.0,[6119],E100000122031,E100000124270
11404,100.0,[6119],E100000122139,E100000123261
9039,11.51,[6119],E100000122155,E100000123742
12764,51.0,[6119],E100000122123,E100000122138
10871,95.38,[6119],E100000122061,E100000124072
8122,100.0,[6119],E100000122134,E100000000273
7669,100.0,[6119],E100000122004,E100000123463
8573,55.0,[6119],E100000122148,E100000122143
10796,100.0,[6119],E100000000212,E100000123261
8557,20.0,[6119],E100000122106,E100000123668
11305,30.0,[6119],E100000122125,E100000123669
8623,5.0,[6119],E100000122038,E100000123238
7460,75.0,[6119],E100000122033,E100000122607
7722,23.0,[6119],E100000122094,E100000001509
7724,12.0,[6119],E100000122094,E100000123483
7723,5.0,[6119],E100000122094,E100000123484
7886,100.0,[6119],E100000122085,E100000123483
8509,78.4,[6119],E100000122023,E100000123610
12232,80.0,[6119],E100000122117,E100000124271
9854,83.8,[6119],E100000124161,E100000124219
9970,91.64,[6119],E100000125123,E100000125772
9971,8.36,[6119],E100000125123,E100000125562
10566,27.0,[6119],E100000122334,E100000000226
7223,51.0,[6119],E100000122306,E100000001529
10555,34.0,[6119],E100000122340,E100000122403
10557,15.0,[6119],E100000122340,E100000123294
8382,100.0,[6119],E100000122289,E100000123637
13054,20.0,[6119],E100000122178,E100000126033
11333,20.0,[6119],E100000122178,E100000124130
6784,100.0,[6119],E100000125252,E100000001416
8706,100.0,[6119],E100000122170,E100000121754
7129,34.0,[6119],E100000122206,E100000123381
7131,25.0,[6119],E100000122206,E100000122301
13053,60.0,[6119],E100000122178,E100000126032
10573,100.0,[6119],E100000122337,E100000123267
7232,40.0,[6119],E100000122309,E100000123408
7426,20.0,[6119],E100000122235,E100000003123
7425,10.0,[6119],E100000122235,E100000000175
8363,51.0,[6119],E100000000272,E100001000514
7424,70.0,[6119],E100000122235,E100000000171
7103,0.8,[6119],E100000122205,E100000001753
11320,48.98,[6119],E100000122164,E100000000213
11321,48.98,[6119],E100000122164,E100000123480
11319,2.04,[6119],E100000122164,E100000001753
7116,50.81,[6119],E100000122208,E100000123376
11515,61.0,[6119],E100000122228,E100000123327
7265,28.15,[6119],E100000122319,E100000123417
7266,26.84,[6119],E100000122319,E100000123418
7263,0.76,[6119],E100000122319,E100000001753
7120,88.5,[6119],E100000122199,E100000000157
7219,5.0,[6119],E100000122212,E100000123261
7183,100.0,[6119],E100000122214,E100000123261
6615,10.0,[6119],E100000122183,E100000123283
7149,96.4,[6119],E100000122198,E100000122194
11839,3.95,[6119],E100000125125,E100000001753
12443,42.26,[6119],E100000122181,E100000000170
6617,38.75,[6119],E100000122184,E100000123278
6620,12.5,[6119],E100000122184,E100000000262
6619,10.0,[6119],E100000122184,E100000122286
12888,100.0,[6119],E100000125122,E100000125867
7753,45.0,[6119],E100000122166,E100000003269
8383,100.0,[6119],E100000122298,E100000000175
7121,7.5,[6119],E100000122199,E100000123378
7119,4.0,[6119],E100000122199,E100000001753
10551,51.0,[6119],E100000122350,E100000000225
7292,7.68,[6119],E100000122218,E100000001530
8380,80.0,[6119],E100000122292,E100000123240
8381,20.0,[6119],E100000122292,E100000123636
7123,49.0,[6119],E100000122196,E100000123379
6810,7.0,[6119],E100000123825,E100000001753
7130,41.0,[6119],E100000122206,E100000123380
7136,87.88,[6119],E100000122207,E100000123382
11840,96.05,[6119],E100000125125,E100000123261
7290,6.23,[6119],E100000122218,E100000123329
7289,1.94,[6119],E100000122218,E100000001753
7258,100.0,[6119],E100000122315,E100000122316
11516,30.0,[6119],E100000122228,E100000123486
11517,9.0,[6119],E100000122228,E100000124160
10564,28.0,[6119],E100000122334,E100000123501
7134,6.87,[6119],E100000122207,E100000001753
7135,5.25,[6119],E100000122207,E100000123261
8384,100.0,[6119],E100000122294,E100000000175
6988,94.71,[6119],E100000122200,E100000000157
8643,38.0,[6119],E100000122169,E100000123686
8645,19.0,[6119],E100000122169,E100000123687
8644,5.0,[6119],E100000122169,E100000123688
7508,100.0,[6119],E100000122226,E100000123387
10577,25.0,[6119],E100000122329,E100000000226
10578,25.0,[6119],E100000122329,E100000124033
6767,100.0,[6119],E100000122186,E100000123314
7234,51.0,[6119],E100000122310,E100000001529
7491,30.0,[6119],E100000122222,E100000000157
8062,100.0,[6119],E100000122220,E100000123555
10576,50.0,[6119],E100000122329,E100000000483
8648,100.0,[6119],E100000122172,E100000121754
7264,44.25,[6119],E100000122319,E100000122211
7137,0.71,[6119],E100000122203,E100000001753
10556,51.0,[6119],E100000122340,E100000000225
7138,99.29,[6119],E100000122203,E100000123383
6618,38.75,[6119],E100000122184,E100000123284
8642,38.0,[6119],E100000122169,E100000121754
12442,4.01,[6119],E100000122181,E100000001753
7492,70.0,[6119],E100000122222,E100000122607
8364,49.0,[6119],E100000000272,E100000124538
11336,100.0,[6119],E100000122176,E100000124131
9956,49.0,[6119],E100000122173,E100000123916
7752,55.0,[6119],E100000122166,E100000000217
7224,49.0,[6119],E100000122306,E100000123407
8280,51.0,[6119],E100000003923,E100000001645
7118,27.56,[6119],E100000122208,E100000123377
7117,15.47,[6119],E100000122208,E100000000157
7115,6.16,[6119],E100000122208,E100000123261
6614,90.0,[6119],E100000122183,E100000123282
6823,100.0,[6119],E100000125254,E100000125795
8247,80.0,[6119],E100000122179,E100000000175
7237,100.0,[6119],E100000122323,E100000001529
8249,10.0,[6119],E100000122179,E100000001522
7104,99.2,[6119],E100000122205,E100000123261
7220,95.0,[6119],E100000122212,E100000123406
12423,10.5,[6119],E100000122402,E100000123917
6556,100.0,[6119],E100000122362,E100000123277
10596,10.19,[6119],E100000122393,E100000124035
6949,55.4,[6119],E100000122599,E100000123339
10495,5.38,[6119],E100000122361,E100000124017
10492,4.0,[6119],E100000122361,E100000001753
8904,100.0,[6119],E100000122559,E100000123725
8376,49.0,[6119],E100000122418,E100000121611
10550,15.0,[6119],E100000122350,E100000003373
12430,100.0,[6119],E100000122499,E100000124254
6285,50.0,[6119],E100000122580,E100000000262
10664,51.0,[6119],E100000122430,E100000000181
8894,100.0,[6119],E100000122552,E100000123725
6291,49.0,[6119],E100000122577,E100000000262
6912,100.0,[6119],E100000122595,E100000000217
6997,1.5,[6119],E100000123864,E100000001753
10005,100.0,[6119],E100000123859,E100000121813
6952,10.0,[6119],E100000122597,E100000123343
6951,5.0,[6119],E100000122597,E100000001753
8772,80.0,[6119],E100000122483,E100000123310
8930,49.0,[6119],E100000122561,E100000000310
6998,98.5,[6119],E100000123864,E100000000488
8809,35.0,[6119],E100000122584,E100000123710
6953,85.0,[6119],E100000122597,E100000123339
7655,100.0,[6119],E100000122575,E100000000217
8424,9.9,[6119],E100000122540,E100000122548
8343,100.0,[6119],E100000122474,E100000123240
10670,35.0,[6119],E100000122414,E100000124044
7595,100.0,[6119],E100000125424,E100000123459
8436,30.0,[6119],E100000122557,E100000122535
8437,20.0,[6119],E100000122557,E100000123644
8807,50.0,[6119],E100000122590,E100000121946
7359,6.14,[6119],E100000125402,E100000124618
8929,51.0,[6119],E100000122561,E100000123316
10648,0.13,[6119],E100000123852,E100000001753
12502,49.0,[6119],E100000124682,E100000125757
8471,45.0,[6119],E100000122602,E100000123339
8906,100.0,[6119],E100000122550,E100000123726
6290,51.0,[6119],E100000122577,E100000000255
10666,49.0,[6119],E100000122416,E100000124043
6505,100.0,[6119],E100000125393,E100000125402
10494,11.43,[6119],E100000122361,E100000123917
7656,100.0,[6119],E100000122576,E100000000217
6898,35.0,[6119],E100000122564,E100000123339
8313,34.0,[6119],E100000122604,E100000000307
10606,29.32,[6119],E100000122410,E100000123261
8314,66.0,[6119],E100000122604,E100000000188
8371,23.95,[6119],E100000122531,E100000123601
10543,35.0,[6119],E100000122408,E100000000226
8370,76.05,[6119],E100000122531,E100000122546
10542,15.0,[6119],E100000122408,E100000124027
8806,50.0,[6119],E100000122591,E100000123710
8810,65.0,[6119],E100000122584,E100000123392
7742,100.0,[6119],E100000122567,E100000003244
10673,42.46,[6119],E100000122421,E100000122784
6284,50.0,[6119],E100000122580,E100000000255
6950,37.0,[6119],E100000122599,E100000123342
6948,7.6,[6119],E100000122599,E100000001753
8724,6.75,[6119],E100000122459,E100000001753
10552,15.0,[6119],E100000122350,E100000124029
10548,4.0,[6119],E100000122350,E100000001753
10595,89.81,[6119],E100000122393,E100000000225
12992,30.0,[6119],E100000123862,E100000125971
7667,100.0,[6119],E100000122524,E100000000217
7725,40.0,[6119],E100000122520,E100000000217
10541,6.0,[6119],E100000122408,E100000124028
6363,55.0,[6119],E100000122516,E100000123249
7494,50.0,[6119],E100000122500,E100000000298
8393,19.59,[6119],E100000122454,E100000123640
7647,100.0,[6119],E100000122437,E100000003247
7948,21.6,[6119],E100000122441,E100000123531
6947,19.55,[6119],E100000122603,E100000000192
6312,100.0,[6119],E100000122582,E100000000255
8375,51.0,[6119],E100000122418,E100000123634
10569,35.0,[6119],E100000122369,E100000002783
10567,10.0,[6119],E100000122369,E100000123512
8435,50.0,[6119],E100000122557,E100000122546
6946,80.45,[6119],E100000122603,E100000123339
8805,50.0,[6119],E100000122591,E100000121946
10608,29.1,[6119],E100000122410,E100000124036
10609,17.67,[6119],E100000122410,E100000124037
10605,16.76,[6119],E100000122410,E100000001753
10607,7.14,[6119],E100000122410,E100000124038
8392,80.41,[6119],E100000122454,E100000123639
6897,3.0,[6119],E100000122564,E100000001753
10459,100.0,[6119],E100000122405,E100000124012
10649,13.53,[6119],E100000123852,E100000124732
10667,51.0,[6119],E100000122416,E100000000181
8766,100.0,[6119],E100000122481,E100000123310
6365,25.55,[6119],E100000122516,E100000123250
6364,19.45,[6119],E100000122516,E100000123251
8472,55.0,[6119],E100000122602,E100000123599
7356,6.35,[6119],E100000125402,E100000125408
10262,1.16,[6119],E100000122392,E100000001753
6570,100.0,[6119],E100000122491,E100000123280
10568,55.0,[6119],E100000122369,E100000000181
10665,49.0,[6119],E100000122430,E100000124042
10672,16.75,[6119],E100000122421,E100000124045
9428,46.0,[6119],E100000122916,E100000123686
9302,20.0,[6119],E100000122698,E100000123806
9133,24.0,[6119],E100000122792,E100000123766
9134,24.0,[6119],E100000122792,E100000123767
11877,40.0,[6119],E100000122909,E100000000181
9128,55.0,[6119],E100000122771,E100000123318
12563,100.0,[6119],E100000122619,E100000122629
7370,1.0,[6119],E100000122673,E100000001753
12569,65.1,[6119],E100000122677,E100000124319
12572,73.97,[6119],E100000122675,E100000123366
10313,40.0,[6119],E100000122955,E100000000181
12531,79.41,[6119],E100000122643,E100000124309
9382,49.0,[6119],E100000122927,E100000123824
9077,100.0,[6119],E100000122818,E100000123751
9378,5.0,[6119],E100000122886,E100000123822
10445,100.0,[6119],E100000125143,E100000125777
9255,60.9,[6119],E100000122846,E100000123795
12540,20.0,[6119],E100000122617,E100000122629
12538,10.0,[6119],E100000122617,E100000123904
9371,84.31,[6119],E100000122935,E100000123474
9118,99.0,[6119],E100000122810,E100000123366
9174,6.74,[6119],E100000122819,E100000123773
7716,29.0,[6119],E100000122660,E100000123479
7715,20.0,[6119],E100000122660,E100000123480
9442,100.0,[6119],E100000122942,E100000123699
12632,34.5,[6119],E100000122663,E100000124306
12631,30.0,[6119],E100000122663,E100000124331
12644,20.0,[6119],E100000122635,E100000122651
12643,20.0,[6119],E100000122635,E100000124337
9328,100.0,[6119],E100000122894,E100000123301
9373,51.0,[6119],E100000122923,E100000123474
9372,49.0,[6119],E100000122923,E100000123820
12527,100.0,[6119],E100000122661,E100000124307
12580,26.0,[6119],E100000122683,E100000124322
12581,25.0,[6119],E100000122683,E100000124323
12578,15.0,[6119],E100000122683,E100000122652
12579,7.0,[6119],E100000122683,E100000124305
10296,80.0,[6119],E100000122706,E100000123988
12562,100.0,[6119],E100000122681,E100000124316
9389,40.0,[6119],E100000122890,E100000123396
9254,100.0,[6119],E100000122848,E100000123794
9257,29.0,[6119],E100000122846,E100000123796
9256,10.1,[6119],E100000122846,E100000123797
12511,56.44,[6119],E100000122630,E100000123480
7714,51.0,[6119],E100000122660,E100000123478
10297,20.0,[6119],E100000122706,E100000123989
12640,20.0,[6119],E100000122632,E100000124185
12539,70.0,[6119],E100000122617,E100000124312
9132,52.0,[6119],E100000122792,E100000123765
12520,51.0,[6119],E100000122625,E100000124303
9370,15.69,[6119],E100000122935,E100000123819
7347,100.0,[6119],E100000125260,E100000123261
12939,33.0,[6119],E100000122921,E100000125918
10315,11.02,[6119],E100000122954,E100000122981
9076,5.44,[6119],E100000122704,E100000123750
12591,20.07,[6119],E100000122636,E100000124327
9357,50.0,[6119],E100000122940,E100000123699
12518,25.0,[6119],E100000122625,E100000124304
12519,24.0,[6119],E100000122625,E100000124305
9364,51.0,[6119],E100000122925,E100000123699
8740,49.0,[6119],E100000122655,E100000123479
12636,10.98,[6119],E100000122657,E100000123261
12575,100.0,[6119],E100000122650,E100000124321
9129,24.87,[6119],E100000122771,E100000123763
9130,20.13,[6119],E100000122771,E100000123764
9381,51.0,[6119],E100000122927,E100000123823
12603,34.0,[6119],E100000122640,E100000123480
9380,20.0,[6119],E100000122886,E100000123370
9427,44.0,[6119],E100000122916,E100000122915
9429,10.0,[6119],E100000122916,E100000123829
7371,99.0,[6119],E100000122673,E100000123261
9406,67.0,[6119],E100000122921,E100000123699
12639,5.0,[6119],E100000122632,E100000124335
9100,100.0,[6119],E100000122785,E100000123755
12587,20.0,[6119],E100000122636,E100000122651
12588,19.93,[6119],E100000122636,E100000122652
12589,15.0,[6119],E100000122636,E100000124305
12590,15.0,[6119],E100000122636,E100000124322
12586,10.0,[6119],E100000122636,E100000124328
9223,100.0,[6119],E100000122864,E100000123261
10310,5.0,[6119],E100000122956,E100000123474
9366,24.1,[6119],E100000122925,E100000123817
9363,0.8,[6119],E100000122925,E100000001753
10314,60.0,[6119],E100000122955,E100000122885
9445,50.0,[6119],E100000122971,E100000123473
9072,5.8,[6119],E100000122704,E100000001753
12574,19.46,[6119],E100000122675,E100000124313
12573,5.2,[6119],E100000122675,E100000124314
12568,30.0,[6119],E100000122677,E100000124320
12567,4.9,[6119],E100000122677,E100000001753
12602,100.0,[6119],E100000122692,E100000122652
12510,43.56,[6119],E100000122630,E100000123691
12577,27.0,[6119],E100000122683,E100000122651
9117,1.0,[6119],E100000122810,E100000001753
6978,0.68,[6119],E100000122695,E100000001753
8739,51.0,[6119],E100000122655,E100000123691
9388,60.0,[6119],E100000122890,E100000000181
12633,35.5,[6119],E100000122663,E100000122651
10126,8.85,[6119],E100000123116,E100000123940
10128,6.32,[6119],E100000123116,E100000123948
10125,0.27,[6119],E100000123116,E100000001753
11098,51.0,[6119],E100000123134,E100000000310
10151,35.0,[6119],E100000123109,E100000123953
10016,99.0,[6119],E100000125275,E100000123261
6687,60.0,[6119],E100000123054,E100000122058
6775,25.0,[6119],E100000123429,E100000124447
6774,20.0,[6119],E100000123429,E100000124448
6777,80.0,[6119],E100000123326,E100000124449
10112,28.13,[6119],E100000123016,E100000123942
12095,51.0,[6119],E100000123367,E100000125627
10123,49.0,[6119],E100000123107,E100000123947
10152,65.0,[6119],E100000123109,E100000123952
10138,7.5,[6119],E100000123076,E100000123949
10137,7.5,[6119],E100000123076,E100000123950
10175,47.79,[6119],E100000123047,E100000123578
10299,100.0,[6119],E100000124691,E100000125695
11071,52.41,[6119],E100000123150,E100000000310
10320,65.0,[6119],E100000122973,E100000122885
10186,35.6,[6119],E100000123074,E100000123744
10185,25.0,[6119],E100000123074,E100000123964
11091,12.0,[6119],E100000123125,E100000124104
10148,4.56,[6119],E100000124683,E100000001753
6778,20.0,[6119],E100000123326,E100000125521
10199,100.0,[6119],E100000123023,E100000123968
10136,85.0,[6119],E100000123076,E100000123439
10923,100.0,[6119],E100000125159,E100000125299
12941,30.0,[6119],E100000122971,E100000125920
11542,8.31,[6119],E100000125281,E100000125361
11137,100.0,[6119],E100000123168,E100000002705
10098,7.99,[6119],E100000123120,E100000123940
10097,2.03,[6119],E100000123120,E100000001753
12952,91.55,[6119],E100000123877,E100000125931
7545,100.0,[6119],E100000123082,E100000123439
10100,0.97,[6119],E100000123115,E100000001753
10226,26.33,[6119],E100000123117,E100000123971
9341,51.0,[6119],E100000122975,E100000000157
10207,46.0,[6119],E100000123040,E100000123692
10205,1.0,[6119],E100000123040,E100000001753
10184,39.4,[6119],E100000123074,E100000123963
11545,5.23,[6119],E100000125281,E100000125363
7551,100.0,[6119],E100000123031,E100000123439
10177,25.72,[6119],E100000123047,E100000123959
10174,9.33,[6119],E100000123047,E100000001753
9387,100.0,[6119],E100000122981,E100000000181
10243,27.85,[6119],E100000123105,E100000123979
10242,18.05,[6119],E100000123105,E100000123980
7852,2.67,[6119],E100000123507,E100000001753
6746,100.0,[6119],E100000123306,E100000000247
11080,30.0,[6119],E100000123132,E100000123474
10099,89.98,[6119],E100000123120,E100000123939
10116,50.0,[6119],E100000123039,E100000123051
11084,77.0,[6119],E100000123133,E100000000310
10140,49.0,[6119],E100000123014,E100000123950
11067,27.0,[6119],E100000123149,E100001000398
11066,10.0,[6119],E100000123149,E100000124102
11078,6.0,[6119],E100000123144,E100000124103
11070,23.63,[6119],E100000123150,E100000123240
11073,10.28,[6119],E100000123150,E100000123436
11072,9.25,[6119],E100000123150,E100000000288
12946,25.0,[6119],E100000123147,E100000125925
10129,100.0,[6119],E100000123037,E100000123439
10141,100.0,[6119],E100000123119,E100000123439
10127,84.56,[6119],E100000123116,E100000123939
10321,35.0,[6119],E100000122973,E100000123993
8152,32.06,[6119],E100000123080,E100000123578
9444,20.0,[6119],E100000122971,E100000123261
7172,90.0,[6119],E100000123383,E100000125526
10241,100.0,[6119],E100000123053,E100000123261
10187,100.0,[6119],E100000123022,E100000123074
11081,70.0,[6119],E100000123132,E100000000310
10115,50.0,[6119],E100000123039,E100000123944
6644,35.0,[6119],E100000123395,E100000124430
11068,63.0,[6119],E100000123149,E100000000310
9295,40.0,[6119],E100000123195,E100000123804
10231,63.64,[6119],E100000123113,E100000123261
10206,53.0,[6119],E100000123040,E100000001366
12168,10.0,[6119],E100000123486,E100000125582
11096,11.5,[6119],E100000123134,E100000000240
6722,60.0,[6119],E100000123473,E100001000399
10124,51.0,[6119],E100000123107,E100000123715
9342,49.0,[6119],E100000122975,E100000123699
6773,55.0,[6119],E100000123429,E100000124446
10225,24.11,[6119],E100000123117,E100000123939
10222,22.62,[6119],E100000123117,E100000001753
10227,14.23,[6119],E100000123117,E100000123972
10224,6.36,[6119],E100000123117,E100000123973
10223,6.35,[6119],E100000123117,E100000123974
10173,100.0,[6119],E100000123027,E100000123958
6792,49.0,[6119],E100000123304,E100000124451
11008,100.0,[6119],E100000123458,E100000124783
7550,32.06,[6119],E100000123081,E100000123080
10142,100.0,[6119],E100000123057,E100000123951
10101,22.49,[6119],E100000123115,E100000123940
10239,100.0,[6119],E100000123101,E100000123977
11083,20.0,[6119],E100000123133,E100000123240
11075,97.0,[6119],E100000123137,E100000000310
9294,60.0,[6119],E100000123195,E100000123803
10244,54.1,[6119],E100000123105,E100000123978
6536,100.0,[6119],E100000124583,E100000000247
9194,100.0,[6119],E100000123590,E100000124589
359,100.0,[1187],E100000002469,E100000000614
12417,100.0,[6119],E100000124646,E100000125754
12173,10.0,[6119],E100000124952,E100000125582
11991,83.46,[6119],E100000123582,E100000121880
11875,20.4,[6119],E100000125068,E100000125319
6893,99.99,[6119],E100000124474,E100000125016
12268,100.0,[6119],E100000124291,E100000123152
11736,10.0,[6119],E100000124104,E100000124875
10419,100.0,[6119],E100000124704,E100000125697
11884,9.5,[6119],E100000124201,E100000122970
12208,100.0,[6119],E100000124977,E100000125744
12322,8.23,[6119],E100000123585,E100000001753
10381,100.0,[6119],E100000124696,E100000000208
11980,100.0,[6119],E100000125366,E100000125387
10769,0.24,[6119],E100000124503,E100000001753
10386,100.0,[6119],E100000124653,E100000121878
12364,40.17,[6119],E100000124286,E100000124947
11968,5.0,[6119],E100000124980,E100000125203
22267,100.0,[11812],E100000121491,E100000121492
41,100.0,[763],E100000001473,E100000000358
12365,17.54,[6119],E100000124286,E100000124948
12362,1.3,[6119],E100000124286,E100000001753
355,100.0,[1181],E100000002465,E100000001248
6506,100.0,[6119],E100000123629,E100000124418
11263,36.0,[6119],E100000124120,E100000000159
433,75.0,[1266],E100000002553,E100000000060
32,100.0,[80],E100000001461,E100000000765
12172,10.0,[6119],E100000124952,E100000124666
8968,22.11,[6119],E100000124038,E100000001753
13112,100.0,[6119],E100000124718,E100000126091
11486,40.0,[6119],E100000123555,E100000123261
24,100.0,"[807, 1492]",E100000001444,E100000000735
443,100.0,[1274],E100000002563,E100000000093
9819,100.0,[6119],E100000123528,E100000125573
12380,67.0,[6119],E100000001431,E100000125748
7995,5.0,[6119],E100000123614,E100000124526
438,100.0,[1270],E100000002558,E100000001098
8120,92.05,[6119],E100000125087,E100000000273
50,100.0,[1686],E100000001460,E100000000021
6543,100.0,[6119],E100000123586,E100000000247
6396,100.0,[6119],E100000001447,E100000123261
9394,100.0,[6119],E100000125097,E100000123261
6480,9.5,[6119],E100000125337,E100000124815
6478,2.96,[6119],E100000125337,E100000001753
11883,9.5,[6119],E100000124201,E100000122877
12381,13.0,[6119],E100000001431,E100000125224
337,100.0,[1161],E100000002447,E100000000508
11909,100.0,[6119],E100000124594,E100000124598
8966,100.0,[6119],E100000124106,E100000000240
7867,100.0,[6119],E100000125334,E100000000176
10044,29.28,[6119],E100000124695,E100000125132
11264,10.0,[6119],E100000124120,E100000124806
6679,25.0,[6119],E100000002591,E100000123294
367,100.0,[1197],E100000002478,E100000000126
423,100.0,"[1255, 1254]",E100000002546,E100000001159
7946,100.0,[6119],E100000123535,E100000123261
10425,0.37,[6119],E100000124067,E100000001753
365,53.0,[1195],E100000002475,E100000002248
9503,100.0,[6119],E100000123995,E100000123261
12158,100.0,[6119],E100000124666,E100000125588
9541,15.01,[6119],E100000124101,E100000124618
9543,8.5,[6119],E100000124101,E100001000032
10461,100.0,[6119],E100000124713,E100000125144
19110,16.33,[6119],E100000124750,E100000123261
42,100.0,[1608],E100000001457,E100000000827
11487,60.0,[6119],E100000123555,E100000124844
9542,76.49,[6119],E100000124101,E100001000031
11869,100.0,[6119],E100000125316,E100000125799
356,,[1182],E100000002466,E100000000746
319,100.0,[1131],E100000002430,E100000000102
2242,25.0,[1266],E100000002553,E100000000716
9704,99.0,[6119],E100000000193,E100000123261
12346,100.0,[6119],E100000001428,E100000123261
336,100.0,"[5281, 5282]",E100000002446,E100000000508
10357,1.0,[6119],E100000001415,E100000001753
358,100.0,"[1185, 1186, 1184]",E100000002468,E100000000083
384,100.0,[1220],E100000002506,E100000000741
10413,100.0,[6119],E100000124703,E100000123261
10755,31.7,[6119],E100000124383,E100000001753
10971,100.0,[6119],E100000123593,E100000124775
5147,50.0,"[6333, 6334]",E100000120172,E100001000703
11873,21.6,[6119],E100000125068,E100000125318
321,100.0,[1133],E100000002432,E100000000102
437,100.0,[1269],E100000002556,E100000001176
385,100.0,[3256],E100000002490,E100000000395
4542,,[1593],E100000002933,E100001000595
9990,47.5,[6119],E100000124720,E100000125124
10770,99.76,[6119],E100000124503,E100000123261
4642,100.0,[1760],E100000003056,E100001000977
6479,87.54,[6119],E100000125337,E100000123999
22,100.0,"[79, 1479]",E100000001442,E100000000766
9550,100.0,[6119],E100000124023,E100000124619
370,100.0,[1201],E100000002481,E100000001149
7998,5.0,[6119],E100000123614,E100000124524
13447,100.0,[6436],E100001010213,E100000001173
12846,9.99,[6119],E100000125390,E100000125825
15982,35.87,[6119],E100000127641,E100000001753
3653,27.56,[5287],E100001000222,E100001000223
3934,100.0,[5583],E100001000355,E100001000356
13408,5.0,[6404],E100001010172,E100001010170
13347,30.0,[],E100000120687,E100000001753
13351,27.0,[],E100000120286,E100001000744
1379,100.0,"[1194, 2173]",E100000003549,E100000000112
1391,100.0,"[1795, 2185, 1796, 1797]",E100000003559,E100000001272
1582,100.0,[2372],E100000003791,E100000000597
4187,100.0,[5780],E100001000629,E100000001140
1273,100.0,[2056],E100000003438,E100000000532
3652,100.0,"[5286, 5288]",E100001000221,E100000000101
13345,30.0,[],E100000120551,E100001010134
465,100.0,"[1291, 1292]",E100000002624,E100000001170
13409,100.0,[108647],E100001010174,E100001010097
15465,100.0,[6119],E100000130345,E100000129046
4717,26.4,[6045],E100000001572,E100001001030
1394,100.0,"[2192, 3481]",E100000003563,E100000001155
16473,49.0,[6119],E100000126256,E100000123261
4093,100.0,"[5702, 6341]",E100001000510,E100000000687
15095,10.0,[6119],E100000127668,E100000128370
15092,7.5,[6119],E100000127668,E100000001753
15097,5.0,[6119],E100000127668,E100000128371
15094,5.0,[6119],E100000127668,E100000128372
1747,100.0,"[2544, 2545]",E100000003962,E100000000755
3571,100.0,[5219],E100000000951,E100000000962
13407,95.0,"[6355, 108647]",E100001010172,E100001010097
3685,,[5312],E100000004066,E100001000248
1356,100.0,[2149],E100000003531,E100000001712
4070,99.85,"[5702, 6341, 107455]",E100001000497,E100000000687
4135,100.0,[5740],E100001000563,E100001000558
4234,40.0,[5813],E100000003852,E100001000754
13250,65.93,[6324],E100001000746,E100001000828
21456,10.97,"[7714, 7715]",E100000001492,E100000121185
3877,100.0,[5500],E100001000203,E100000000453
16173,34.0,[6119],E100000127594,E100000128437
12433,100.0,[6119],E100000004382,E100000004380
1975,100.0,[2766],E100000004188,E100000000142
166,100.0,[804],E100000001731,E100000000030
6669,20.0,[6119],E100000125390,E100000125395
15817,6.11,[6119],E100000127656,E100000123261
1500,100.0,[2284],E100000003617,E100000001290
15610,100.0,[6119],E100000127607,E100000123261
15815,10.0,[6119],E100000127660,E100000123261
15034,10.0,[6119],E100000128362,E100000128736
479,100.0,[1295],E100000002638,E100000000069
7850,90.83,[6119],E100000125398,E100000125657
2071,100.0,[1181],E100000004281,E100000001248
10579,0.33,[6119],E100000123920,E100000001753
4716,68.63,"[5915, 6044, 6045]",E100000001572,E100001001029
3504,100.0,[5148],E100001000112,E100001000113
170,100.0,[804],E100000001736,E100000000032
4227,100.0,[5804],E100001000741,E100001000742
13217,44.0,[6305],E100000000339,E100001010064
453,100.0,"[1285, 1284]",E100000002616,E100000000757
22538,100.0,[74763],E100001011544,E100000000114
2063,100.0,"[2868, 5334]",E100000004274,E100000000047
22409,29.75,[61318],E100000000472,E100001011358
11824,7.29,[6119],E100000125407,E100000125414
454,,[1286],E100000002617,E100000001166
13078,9.1,[6119],E100000125407,E100000126057
2244,,[1286],E100000002617,E100000001239
13272,99.99,[6343],E100001010095,E100001010087
16896,20.0,[6119],E100000126226,E100000127916
1775,100.0,[],E100000003986,E100000000746
6670,100.0,[6119],E100000125409,E100000123261
16172,8.0,[6119],E100000127594,E100000127593
1344,60.0,"[7094, 7095]",E100000003520,E100000000882
2082,100.0,"[2888, 2887]",E100000004293,E100000001092
15816,90.0,[6119],E100000127660,E100000127656
16008,8.1,[6119],E100000127674,E100000127673
16004,3.0,[6119],E100000127674,E100000001753
13916,12.0,[6119],E100000126230,E100000127420
3654,8.89,[5287],E100001000222,E100001000224
1348,100.0,[2042],E100000003522,E100000001289
1293,100.0,[2077],E100000003470,E100000000756
1591,100.0,[2381],E100000003800,E100000001306
4141,100.0,[5749],E100001000580,E100001000581
2984,28.0,"[2745, 6320]",E100000004177,E100000001445
3210,10.0,"[5927, 5928]",E100000003917,E100000000654
15098,15.0,[6119],E100000127668,E100000128368
18387,1.0,[6119],E100000128365,E100000001753
6668,5.27,[6119],E100000125390,E100000125396
6665,3.21,[6119],E100000125390,E100000001753
16005,9.3,[6119],E100000127674,E100000125284
4117,100.0,[109662],E100001000539,E100001000318
463,100.0,[1290],E100000002615,E100000001150
22268,24.0,"[11813, 109086]",E100001000611,E100001000609
1890,100.0,[2676],E100000004093,E100000000439
1539,100.0,[2322],E100000003712,E100000000641
1873,100.0,[3143],E100000004082,E100000001309
783,100.0,[1598],E100000002864,E100000001783
5042,,[],E100000120964,E100000120493
660,100.0,[1484],E100000002793,E100000001164
5183,,[],E100000120667,E100000121175
667,100.0,[1491],E100000002800,E100000000585
4706,100.0,[6030],E100000003394,E100001001012
5510,,[10592],E100000121549,E100000121118
2813,12.0,"[1548, 1547, 1546, 1545]",E100000002858,E100000000634
5178,,[],E100000120626,E100000120625
2824,30.0,"[1668, 1418, 1669]",E100000002874,E100000001753
4921,49.75,[],E100000120837,E100000120836
6373,26.95,[6119],E100000002831,E100000000184
4927,,[],E100000120859,E100000000646
5135,100.0,[10358],E100000120761,E100000120124
5494,,[],E100000121496,E100000120499
5180,,[],E100000120704,E100000120703
2336,13.0,"[1656, 1657]",E100000002980,E100000000618
5210,,[],E100000120917,E100000120197
5311,,[],E100000121010,E100000120015
5705,,[109052],E100000121594,E100000121593
5714,,[],E100000121608,E100000120068
4925,,[],E100000120842,E100000120594
5424,70.0,[],E100000121077,E100000121058
5557,,[],E100000120979,E100000120107
5431,,[],E100000121087,E100000128088
834,100.0,[1486],E100000002983,E100000001322
5315,,[],E100000121034,E100000120663
5526,,[],E100000121548,E100000002896
5527,,[],E100000121548,E100001000925
728,100.0,[1532],E100000002891,E100000000963
5381,75.0,[],E100000121063,E100000120317
5543,100.0,[77563],E100000120988,E100001000691
664,100.0,[1488],E100000002797,E100000001170
2328,19.51,"[1628, 1630, 1629, 1627]",E100000002950,E100000000413
5713,,[],E100000121608,E100000120381
2599,5.0,"[2588, 2587, 6046]",E100000003994,E100000000676
5500,10.0,[],E100000120952,E100000120241
669,100.0,[1111],E100000002802,E100000001068
2316,94.0,"[1590, 1589, 1592, 1591]",E100000002932,E100000001753
14243,44.27,[6119],E100000128304,E100000001753
3932,40.0,[5583],E100000003014,E100001000354
2345,13.0,[1705],E100000003051,E100000000803
5396,26.0,"[7863, 7864, 7865, 7866]",E100000121052,E100000000841
672,100.0,[1497],E100000002806,E100000001262
4910,,[],E100000120706,E100000000649
5312,,[],E100000121005,E100000120957
670,100.0,[1494],E100000002803,E100000000072
5220,,[],E100000120813,E100000120814
816,100.0,[1638],E100000002968,E100000002969
668,75.0,"[1292, 1493]",E100000002801,E100000001170
5314,,[],E100000121034,E100000000909
5363,,[6038],E100000121049,E100000000537
703,100.0,[3553],E100000002836,E100000001306
826,100.0,[3695],E100000002976,E100000000785
635,100.0,[1465],E100000002768,E100000000654
2315,6.0,[1166],E100000002930,E100000002157
712,100.0,[3559],E100000002842,E100000001194
6374,51.0,[6119],E100000002831,E100000000499
4922,49.75,[],E100000120837,E100000121255
5651,,[],E100000120944,E100001000663
828,100.0,[1655],E100000002977,E100000000610
782,100.0,[1597],E100000002863,E100000001783
815,100.0,[3679],E100000002962,E100000000975
833,100.0,[1659],E100000002982,E100000000137
5201,,[],E100000120896,E100000121471
5499,12.0,[],E100000120952,E100000120145
6367,95.52,[6119],E100000002829,E100000123252
707,100.0,"[1518, 5169]",E100000002837,E100000000994
793,80.0,"[1147, 1613]",E100000002963,E100000000088
5362,,[],E100000121069,E100000121067
5332,2.3,[],E100000120999,E100001000921
5385,,[],E100000121085,E100000120543
830,86.5,"[1656, 1657]",E100000002980,E100000000610
678,100.0,[1360],E100000002812,E100000001297
5386,,[],E100000121085,E100000120243
5310,,[],E100000120992,E100000120119
4838,,[],E100000120047,E100001000636
829,51.0,[],E100000002979,E100000000610
5669,,[],E100000121592,E100000121593
5528,,[],E100000121548,E100000120246
6375,12.25,[6119],E100000002831,E100000001514
6372,9.8,[6119],E100000002831,E100000123254
594,35.17,"[75128, 75129]",E100000002727,E100000000150
5536,,[],E100000121091,E100000000804
6413,34.0,[6119],E100000002827,E100000123260
5428,,[],E100000121086,E100000128088
2323,20.0,"[1147, 1613]",E100000002963,E100000000084
731,100.0,[1534],E100000002894,E100000000586
666,100.0,[1490],E100000002799,E100000001275
2321,50.0,"[1606, 1607]",E100000002941,E100000000972
5151,,[],E100000120623,E100000120622
674,99.4,[1499],E100000002807,E100000001450
5531,,[],E100000121468,E100000121117
645,100.0,"[1482, 1481]",E100000002777,E100000001642
5677,,[],E100000121597,E100000121593
634,100.0,[1464],E100000002767,E100000000938
5213,,[7938],E100000120696,E100000120695
5185,26.0,[],E100000120595,E100000120231
5702,,[109051],E100000121596,E100000121593
5430,,[],E100000121086,E100000121577
7099,51.0,[6119],E100000122230,E100000122242
5796,100.0,[6073],E100001000832,E100001001042
841,100.0,[3707],E100000002990,E100000001209
12754,50.0,[6119],E100000122044,E100000123483
843,100.0,[1665],E100000002992,E100000000463
12689,44.94,[6119],E100000122210,E100000124344
5994,,[],E100001001395,E100001001205
5909,100.0,[6134],E100001001089,E100001001090
7177,100.0,[6119],E100000122275,E100000000181
861,100.0,[1682],E100000003000,E100000001213
6279,100.0,[6119],E100000125245,E100000123261
12755,46.0,[6119],E100000122044,E100000123668
12753,4.0,[6119],E100000122044,E100000001753
837,100.0,"[1664, 1663, 1662]",E100000002986,E100000001063
12688,55.06,[6119],E100000122210,E100000122319
8387,62.82,[6119],E100000122295,E100000000175
11182,49.57,[6119],E100000121635,E100000000255
5893,,[],E100001001069,E100001001070
7105,45.0,[6119],E100000122239,E100000122242
6812,3.18,[6119],E100000125012,E100000001753
5776,48.68,[114776],E100000000806,E100000120026
7211,99.0,[6119],E100000122286,E100000123403
12739,30.09,[6119],E100000121642,E100000124358
275,,[1073],E100000002366,E100000000746
9908,100.0,[6119],E100000125120,E100000124965
6047,100.0,[6133],E100001001405,E100001001387
9898,100.0,[6119],E100000125118,E100000123261
6048,,[],E100001001407,E100000001262
4646,4.1,[5980],E100000000463,E100000001753
7691,10.0,[6119],E100000121619,E100000001419
5941,,[],E100001001378,E100001001272
7057,97.87,[6119],E100000122269,E100000123364
11224,35.23,[6119],E100000121758,E100000001502
21449,100.0,[],E100001010697,E100000123190
21409,100.0,[7119],E100000120901,E100001000736
10857,35.0,[6119],E100000121971,E100000123618
10859,10.0,[6119],E100000121971,E100000124070
10856,4.0,[6119],E100000121971,E100000001753
835,33.0,[1660],E100000002984,E100000000611
5942,,[],E100001001378,E100001001288
5943,,[],E100001001378,E100001001305
5944,,[],E100001001378,E100001001330
5945,,[],E100001001378,E100001001381
5946,,[],E100001001378,E100001001409
5947,,[],E100001001378,E100001001433
5948,,[],E100001001378,E100001001436
12304,30.0,[6119],E100000121671,E100000123438
8989,35.0,[6119],E100000121655,E100000123669
3474,51.87,"[5704, 6063]",E100000001371,E100000000806
12766,70.15,[6119],E100000122136,E100000122784
7106,20.0,[6119],E100000122239,E100000122235
12209,100.0,[6119],E100000122265,E100000124264
6071,100.0,[6133],E100001001411,E100000001193
10826,100.0,[6119],E100000121974,E100000123370
7268,51.0,[6119],E100000122305,E100000001529
12290,74.47,[6119],E100000121675,E100000124281
7084,1.0,[6119],E100000122234,E100000001753
7203,30.0,[6119],E100000122284,E100000123402
5964,100.0,[6133],E100001001392,E100000002262
8377,49.0,[6119],E100000122291,E100000123380
4094,27.0,"[5704, 6063]",E100000001371,E100001000511
5788,21.13,[6063],E100000001371,E100000001753
5789,94.32,[5820],E100000003815,E100000001753
21319,70.0,[],E100000120935,E100000123957
9927,100.0,[6119],E100000122072,E100000123908
6040,,[],E100001001365,E100000001262
11175,40.0,[6119],E100000121644,E100000123669
267,100.0,"[1066, 1065]",E100000002362,E100000000808
7100,49.0,[6119],E100000122230,E100000000157
7241,2.54,[6119],E100000122299,E100000001753
6053,,[],E100001001414,E100000004244
10828,89.79,[6119],E100000121959,E100000123370
8388,35.18,[6119],E100000122295,E100000122235
5999,,[],E100001001088,E100001001067
10816,6.67,[6119],E100000121952,E100000001753
6090,,[],E100001001423,E100000001642
5924,,[],E100001001397,E100000001154
279,100.0,"[7734, 7735]",E100000002370,E100000001305
7210,1.0,[6119],E100000122286,E100000001753
7101,68.92,[6119],E100000122231,E100000122242
6021,100.0,[6133],E100001001359,E100001001340
10811,20.0,[6119],E100000121964,E100000123433
2337,30.0,[1660],E100000002984,E100000000995
5998,,[],E100001001399,E100001001078
10827,10.21,[6119],E100000121959,E100000121972
12333,100.0,[6119],E100000121674,E100000125509
7102,31.08,[6119],E100000122231,E100000122235
10758,100.0,[6119],E100000122096,E100000124057
10858,51.0,[6119],E100000121971,E100000123370
4237,5.68,[5820],E100000003815,E100001000759
5978,,[],E100001001422,E100000001278
6026,,[],E100001001416,E100001001056
12210,100.0,[6119],E100000122263,E100000124265
10813,100.0,[6119],E100000121978,E100000000181
7201,100.0,[6119],E100000122283,E100000123401
7113,49.0,[6119],E100000122193,E100000123375
8386,2.0,[6119],E100000122295,E100000001753
11225,64.77,[6119],E100000121758,E100000001667
7056,2.13,[6119],E100000122269,E100000001753
11948,20.0,[6119],E100000122219,E100000124216
11267,8.37,[6119],E100000000288,E100001000032
12751,100.0,[6119],E100000122321,E100000124361
12795,5.02,[6119],E100000124369,E100001000465
12376,80.0,[6119],E100000124290,E100000123438
12202,50.0,[6119],E100000122343,E100000124262
10472,39.45,[6119],E100000125384,E100000125401
472,100.0,"[1291, 1292]",E100000002631,E100000001170
8237,7.0,[6119],E100000122382,E100000123482
9233,44.12,[6119],E100000122835,E100000123787
9152,99.0,[6119],E100000122837,E100000123770
6395,28.57,[6119],E100000124996,E100000125241
12394,20.79,[6119],E100000124287,E100000124951
12445,48.08,[6119],E100000124294,E100000123261
6825,40.0,[6119],E100000122760,E100000123321
7267,29.0,[6119],E100000122305,E100000123400
8199,7.0,[6119],E100000122795,E100000123593
8853,25.0,[6119],E100000122887,E100000123714
10903,19.9,[6119],E100000124274,E100000124766
11463,100.0,[6119],E100000122363,E100000124156
19534,0.7,[6119],E100000124941,E100000001753
9231,36.76,[6119],E100000122835,E100000123788
9232,19.12,[6119],E100000122835,E100000123789
8196,5.0,[6119],E100000122705,E100000123591
9483,40.0,[6119],E100000123374,E100000000192
461,100.0,[1290],E100000002613,E100000001150
7269,10.0,[6119],E100000122305,E100000122235
7270,10.0,[6119],E100000122305,E100000123419
8028,51.0,[6119],E100000123209,E100000123542
12239,98.01,[6119],E100000125155,E100000123261
7606,69.0,[6119],E100000122869,E100000000213
8201,20.0,[6119],E100000122722,E100000122322
8202,18.0,[6119],E100000122722,E100000123594
8204,10.0,[6119],E100000122722,E100000123595
12407,100.0,[6119],E100000124320,E100000124319
10470,3.63,[6119],E100000125384,E100000001753
8235,20.0,[6119],E100000122382,E100000000298
6866,100.0,[6119],E100000123332,E100000123261
12446,51.92,[6119],E100000124294,E100000123424
9977,1.0,[6119],E100000122368,E100000001753
6394,71.43,[6119],E100000124996,E100000125240
10902,11.48,[6119],E100000124274,E100000124767
10900,1.98,[6119],E100000124274,E100000001753
7571,0.95,[6119],E100000122823,E100000001753
459,100.0,[1289],E100000002622,E100000000018
12794,1.86,[6119],E100000124369,E100000001753
466,100.0,"[1291, 1292]",E100000002625,E100000001170
11232,100.0,[6119],E100000000264,E100000123261
9029,100.0,[6119],E100000124831,E100000123261
11810,10.0,[6119],E100000124885,E100001000032
12224,16.67,[6119],E100000122737,E100000124267
9484,60.0,[6119],E100000123374,E100000003123
8036,100.0,[6119],E100000123433,E100000124528
9497,48.57,[6119],E100000123203,E100000123261
11236,3.0,[6119],E100000000269,E100000001753
9030,1.95,[6119],E100000124721,E100000001753
9196,14.98,[6119],E100000122809,E100000001753
8239,100.0,[6119],E100000122816,E100000123587
9243,10.0,[6119],E100000122812,E100000123792
7763,75.0,[6119],E100000122744,E100000003253
12392,5.4,[6119],E100000124287,E100000123424
11237,97.0,[6119],E100000000269,E100000123261
7764,25.0,[6119],E100000122744,E100000123492
9195,100.0,[6119],E100000122847,E100000123780
10144,100.0,[6119],E100000123349,E100000124672
9241,100.0,[6119],E100000122826,E100000123261
8203,52.0,[6119],E100000122722,E100000123587
9201,100.0,[6119],E100000122815,E100000123782
12820,51.5,[6119],E100000124374,E100000124848
7605,30.0,[6119],E100000122869,E100000123366
7604,1.0,[6119],E100000122869,E100000001753
11817,90.0,[6119],E100000124887,E100000125732
12238,1.99,[6119],E100000125155,E100000001753
12201,50.0,[6119],E100000122343,E100000124261
9203,25.71,[6119],E100000122811,E100000123783
9978,99.0,[6119],E100000122368,E100000123921
12218,100.0,[6119],E100000122843,E100000122727
7225,100.0,[6119],E100000122312,E100000001529
7088,5.32,[6119],E100000122322,E100000123273
7226,100.0,[6119],E100000122307,E100000001529
11792,100.0,[6119],E100000124881,E100000000309
12819,48.5,[6119],E100000124374,E100000124989
12220,100.0,[6119],E100000122841,E100000124266
7228,100.0,[6119],E100000122311,E100000001529
11811,90.0,[6119],E100000124885,E100000125731
11197,100.0,[6119],E100000000267,E100000123261
12375,20.0,[6119],E100000124290,E100000124947
10072,3.55,[6119],E100000123449,E100000001753
8880,100.0,[6119],E100000122834,E100000122698
12217,100.0,[6119],E100000122839,E100000123807
471,100.0,"[1291, 1292]",E100000002630,E100000001170
9198,23.23,[6119],E100000122809,E100000123781
9540,100.0,[6119],E100000123427,E100000000220
11818,10.0,[6119],E100000124887,E100001000032
462,100.0,[1290],E100000002614,E100000001150
7089,94.68,[6119],E100000122322,E100000123368
9151,1.0,[6119],E100000122837,E100000001753
8876,100.0,[6119],E100000122832,E100000123717
6316,6.8,[6119],E100000122373,E100000123244
9244,90.0,[6119],E100000122812,E100000123791
3429,100.0,[2275],E100000003669,E100000001492
15515,4.9,[6119],E100000127999,E100000001753
19668,100.0,[6119],E100000127809,E100000130300
16560,100.0,[6119],E100000127829,E100000124613
18908,34.19,[6119],E100000128029,E100000128603
17085,33.3,[6119],E100000127820,E100000128434
17500,100.0,[6119],E100000127997,E100000127965
19847,100.0,[6119],E100000128035,E100000123261
18909,34.19,[6119],E100000128029,E100000128604
18910,31.62,[6119],E100000128029,E100000128605
3565,100.0,[5217],E100001000184,E100000000111
17510,100.0,[6119],E100000128001,E100000128498
3587,100.0,[2249],E100000003630,E100000003629
20048,1.0,[6119],E100000128273,E100000001753
18820,44.95,[6119],E100000127968,E100000001753
17138,15.88,[6119],E100000127903,E100000130281
17141,10.15,[6119],E100000127903,E100000130283
18668,1.27,[6119],E100000128275,E100000001753
3425,78.0,"[1754, 1755]",E100000003076,E100000001492
14158,23.81,[6119],E100001000456,E100000001753
17292,1.0,[6119],E100000127972,E100000001753
17139,18.1,[6119],E100000127903,E100000130280
20001,11.86,[6119],E100000128272,E100000128665
16867,18.34,[6119],E100000126337,E100000123261
18861,100.0,[6119],E100000127971,E100000123261
17295,100.0,[6119],E100000127974,E100000123261
16646,10.87,[6119],E100000127852,E100000123682
16644,10.87,[6119],E100000127852,E100000123833
16647,10.87,[6119],E100000127852,E100000123686
16643,10.87,[6119],E100000127852,E100000123371
16645,6.52,[6119],E100000127852,E100000128463
16642,6.52,[6119],E100000127852,E100000128462
14203,16.88,[6119],E100000128018,E100000128315
19796,25.6,[6119],E100000127979,E100000123695
19306,1.38,[6119],E100000128059,E100000001753
18827,38.01,[6119],E100000128081,E100000001753
19795,7.68,[6119],E100000127979,E100000123613
14143,100.0,[6119],E100001000471,E100000123261
13419,100.0,[6416],E100001010186,E100001010185
17530,25.0,[6119],E100000128005,E100001000472
17531,25.0,[6119],E100000128005,E100000128500
3522,10.0,[5156],E100001000128,E100001000131
16533,100.0,[6119],E100000127831,E100000123261
15043,0.14,[6119],E100000127957,E100000001753
19621,99.27,[6119],E100000127808,E100000123261
19620,0.73,[6119],E100000127808,E100000001753
17561,45.0,[6119],E100000127993,E100000128509
14159,23.81,[6119],E100001000456,E100001000455
14160,23.81,[6119],E100001000456,E100001000454
14161,14.29,[6119],E100001000456,E100000127452
18038,100.0,[6119],E100000128050,E100000128535
4053,100.0,[5696],E100001000466,E100000001728
21321,100.0,"[7058, 7059, 7060]",E100001010588,E100001010589
16641,21.74,[6119],E100000127852,E100000128461
14204,15.27,[6119],E100000128018,E100000128316
3776,36.55,[5381],E100000000067,E100000001753
19307,98.62,[6119],E100000128059,E100000123261
15517,44.1,[6119],E100000127999,E100000121878
3382,11.1,"[2746, 2747, 6321]",E100000004178,E100000001533
3646,100.0,[5280],E100000002374,E100001000217
4002,,[5641],E100000003480,E100001000390
4003,,[5641],E100000003480,E100000001753
484,100.0,[1300],E100000002644,E100000000107
20002,10.11,[6119],E100000128272,E100000128666
19999,6.57,[6119],E100000128272,E100000128667
19998,4.46,[6119],E100000128272,E100000001753
485,100.0,"[1303, 1302, 1301]",E100000002645,E100000001233
17532,50.0,[6119],E100000128005,E100000128499
3550,27.0,[5189],E100001000164,E100001000165
18822,15.26,[6119],E100000127968,E100000128594
18825,5.93,[6119],E100000127968,E100000128595
18826,5.5,[6119],E100000127968,E100000124856
18824,5.39,[6119],E100000127968,E100000128596
18821,5.17,[6119],E100000127968,E100000128597
19879,90.0,[6119],E100000128033,E100000128031
17628,100.0,[6119],E100000128041,E100000128516
17971,95.0,[6119],E100000128046,E100000130289
17580,99.9,[6119],E100000128013,E100000128515
3964,100.0,[5606],E100001000331,E100000000839
17289,100.0,[6119],E100000128020,E100000123261
16866,30.65,[6119],E100000126337,E100000001753
14157,100.0,[6119],E100001000455,E100000123261
18832,7.77,[6119],E100000128081,E100000124852
5635,,"[6269, 6270]",E100000120166,E100001000404
18828,7.72,[6119],E100000128081,E100000124853
18836,7.51,[6119],E100000128081,E100000128598
18830,7.5,[6119],E100000128081,E100000128599
18834,6.97,[6119],E100000128081,E100000128595
18833,6.97,[6119],E100000128081,E100000128600
18829,6.0,[6119],E100000128081,E100000128601
20049,99.0,[6119],E100000128273,E100000123261
19878,10.0,[6119],E100000128033,E100000123261
16446,30.0,[6119],E100000128052,E100000128452
16445,30.0,[6119],E100000128052,E100000128453
4008,,[],E100001000406,E100001000407
3380,17.5,"[2753, 6319]",E100000004181,E100000001533
7642,10.0,[6119],E100000003251,E100000123468
2477,40.0,"[2039, 2040]",E100000003427,E100000000708
2447,26.0,[1957],E100000003329,E100000000589
1167,100.0,"[1941, 1942, 1940]",E100000003318,E100000000390
2479,24.3,"[2048, 2049]",E100000003433,E100000000654
980,100.0,"[1291, 1292]",E100000003119,E100000001170
10514,41.5,[6119],E100000003375,E100000123446
10527,35.0,[6119],E100000003376,E100000000298
1252,100.0,[2027],E100000003418,E100000000554
1261,20.0,[2038],E100000003426,E100000001020
10558,100.0,[6119],E100000003371,E100000000226
1151,100.0,[1918],E100000003302,E100000001238
1228,100.0,[1994],E100000003354,E100000000670
1043,55.0,[1701],E100000003191,E100000000697
1243,100.0,"[2015, 2016, 2017]",E100000003409,E100000000671
2475,10.0,"[2033, 2034, 2035]",E100000003422,E100000000542
1056,100.0,[3919],E100000003204,E100000000461
1328,100.0,[2121],E100000003490,E100000001219
10526,65.0,[6119],E100000003376,E100000123446
1254,53.0,[2031],E100000003420,E100000001585
3745,100.0,[2130],E100001000275,E100000000987
1147,50.0,[1916],E100000003298,E100000000935
1186,100.0,[1966],E100000003358,E100000001480
1058,100.0,[1181],E100000003206,E100000001248
1156,100.0,"[1926, 3978]",E100000003307,E100000001110
11288,20.0,[6119],E100000003263,E100000124123
1163,100.0,"[1936, 1937, 1934, 1935]",E100000003313,E100000001234
1070,100.0,[],E100000003217,E100000001104
1078,83.0,[1896],E100000003221,E100000000649
10512,40.0,[6119],E100000003378,E100000000224
1045,100.0,[1486],E100000003194,E100000001322
1057,100.0,[1181],E100000003205,E100000001248
2390,30.0,"[1845, 1843]",E100000003154,E100000000651
1268,20.25,"[2048, 2049]",E100000003433,E100000000648
1253,,"[2030, 2028, 2029]",E100000003419,E100000001180
10524,55.0,[6119],E100000003377,E100000123239
10511,60.0,[6119],E100000003378,E100000123239
1074,100.0,"[1892, 1893]",E100000003218,E100000001212
1044,100.0,"[1867, 3914]",E100000003192,E100000001202
1041,100.0,"[1864, 1863]",E100000003189,E100000001296
18831,5.99,[6119],E100000128081,E100000128602
2472,,"[4067, 2013]",E100000003406,E100000000660
1149,100.0,"[1919, 1918]",E100000003300,E100000001238
1062,100.0,"[1878, 1879]",E100000003210,E100000001170
3321,100.0,[5111],E100000002016,E100001000081
2441,20.0,[1916],E100000003298,E100000000943
1174,100.0,[4005],E100000003325,E100000000620
7619,70.0,[6119],E100000003254,E100000000217
2474,47.0,[2031],E100000003420,E100000001753
1241,,"[4067, 2013]",E100000003406,E100000000635
3657,100.0,"[5096, 5230]",E100001000226,E100001000065
7509,45.0,[6119],E100000003233,E100000000212
1256,100.0,[4087],E100000003387,E100000001454
1333,100.0,"[1276, 1296, 2126]",E100000003495,E100000001642
2476,80.0,[2038],E100000003426,E100000001753
2446,50.0,"[1948, 1951, 1949, 1950]",E100000003322,E100000000548
1170,100.0,[1946],E100000003321,E100000001246
1311,100.0,"[2101, 2102]",E100000003488,E100000000058
10743,85.0,[6119],E100000003382,E100000122359
1257,86.0,"[2033, 2034, 2035]",E100000003422,E100000000546
2410,17.0,[1896],E100000003221,E100000001011
1330,100.0,[2123],E100000003492,E100000001170
10515,6.52,[6119],E100000003375,E100000124023
11327,50.0,[6119],E100000003269,E100000001522
1287,75.0,"[2071, 2070]",E100000003393,E100000000999
10525,45.0,[6119],E100000003377,E100000000255
1046,100.0,[1360],E100000003195,E100000001297
1179,28.0,[1957],E100000003329,E100000001753
1262,60.0,"[2039, 2040]",E100000003427,E100000000703
7558,30.0,[6119],E100000003227,E100000000258
1148,100.0,[1917],E100000003299,E100000001238
2473,,"[2030, 2028, 2029]",E100000003419,E100000001198
1255,100.0,[2032],E100000003421,E100000001285
1172,49.0,"[1948, 1951, 1949, 1950]",E100000003322,E100000000555
2484,25.0,"[2071, 2070]",E100000003393,E100000000057
1244,100.0,[2018],E100000003410,E100000001052
1064,30.0,"[5413, 114211, 5412]",E100000003211,E100000000646
1184,100.0,"[1539, 1961]",E100000003356,E100000000641
1327,24.0,"[1447, 2119]",E100000003489,E100000000654
1033,100.0,"[1860, 1859]",E100000003181,E100000001064
981,60.0,"[1833, 1834]",E100000003120,E100000000646
1182,100.0,[1960],E100000003333,E100000000641
7643,30.0,[6119],E100000003251,E100000000226
1069,100.0,[1887],E100000003216,E100000000654
7731,90.0,[6119],E100000003259,E100000003244
7620,30.0,[6119],E100000003254,E100000000262
18835,5.57,[6119],E100000128081,E100000124856
1060,100.0,"[1874, 1875]",E100000003208,E100000000561
7641,60.0,[6119],E100000003251,E100000123466
1034,100.0,[3476],E100000003182,E100000001212
1401,100.0,[2203],E100000003569,E100000001150
1366,,[2160],E100000003537,E100000000114
1490,100.0,"[4320, 11348]",E100000003667,E100000000111
1472,,[2264],E100000003648,E100000000907
2523,,[2264],E100000003648,E100000001190
1324,100.0,[2112],E100000003462,E100000000869
1532,49.36,"[2316, 106867]",E100000003681,E100000000524
1440,100.0,[2241],E100000003606,E100000001042
1367,42.7,"[2161, 4205]",E100000003538,E100000000398
1531,100.0,"[1310, 1311, 1181]",E100000003707,E100000001145
1486,100.0,"[1350, 1349, 10376]",E100000003664,E100000000794
1353,100.0,[2146],E100000003528,E100000001297
1523,100.0,[1242],E100000003698,E100000000757
2537,49.21,"[2316, 106867]",E100000003681,E100000000513
2533,50.0,"[2295, 2296]",E100000003693,E100000000648
2509,17.0,"[2213, 2214, 2215]",E100000003587,E100000001753
1526,100.0,[2311],E100000003701,E100000000781
1439,100.0,[2240],E100000003605,E100000000730
1465,100.0,"[1276, 1296, 2126]",E100000003640,E100000001642
1406,100.0,"[1276, 1296, 2126, 3313]",E100000003575,E100000001642
2539,30.0,[2318],E100000003683,E100000001753
1528,100.0,[1242],E100000003703,E100000000757
1388,100.0,"[2180, 2179]",E100000003556,E100000000106
1380,,[],E100000003550,E100000001125
1544,100.0,[],E100000003719,E100000001606
1396,100.0,[2193],E100000003564,E100000001253
1527,100.0,[2312],E100000003702,E100000000779
1521,100.0,[2306],E100000003696,E100000001267
2518,50.0,[2250],E100000003631,E100000001468
1350,100.0,"[2142, 2143]",E100000003524,E100000000572
2519,40.0,[2252],E100000003634,E100000001636
1371,100.0,"[2165, 2166]",E100000003543,E100000001131
1459,60.0,[2252],E100000003634,E100000001029
1384,100.0,[2176],E100000003551,E100000000533
1410,,[2210],E100000003580,E100000000571
1484,,[114901],E100000003662,E100000001322
22410,7.6,[61318],E100000000472,E100001011359
1540,100.0,[2323],E100000003714,E100000001182
1467,100.0,"[1454, 1453]",E100000003642,E100000001143
2521,33.0,"[2256, 2257, 2255]",E100000003638,E100000001231
1385,55.0,[1701],E100000003552,E100000000697
2522,,[2263],E100000003644,E100000000657
1325,100.0,[2112],E100000003463,E100000000869
1417,83.0,"[2213, 2214, 2215]",E100000003587,E100000000557
1458,70.9,[114634],E100000003633,E100000000978
1407,100.0,[2206],E100000003576,E100000000121
1463,34.0,"[2256, 2257, 2255]",E100000003638,E100000001094
2534,30.0,[2309],E100000003699,E100000000746
1397,100.0,[2194],E100000003565,E100000001298
1355,100.0,[2148],E100000003530,E100000000129
1548,50.0,"[2257, 2330]",E100000003723,E100000001147
1480,83.8,[2269],E100000003658,E100000000429
2532,,"[2290, 2291]",E100000003690,E100000000639
22931,19.79,[76780],E100001012204,E100001012205
2528,11.1,[2269],E100000003658,E100000000456
1368,50.1,[2162],E100000003539,E100000000141
1538,,"[2321, 2257]",E100000003711,E100000002192
1369,100.0,[1490],E100000003541,E100000001275
1326,100.0,[2112],E100000003464,E100000000869
1524,51.0,[2309],E100000003699,E100000000777
2501,45.0,[1701],E100000003552,E100000000885
1373,,[2168],E100000003545,E100000001206
1399,100.0,[2199],E100000003568,E100000001322
2540,,"[2321, 2257]",E100000003711,E100000001231
2917,,"[2321, 2257]",E100000003711,E100000001005
2503,15.0,[2184],E100000003558,E100000000846
2529,16.81,[2270],E100000003659,E100000000610
2911,16.81,[2270],E100000003659,E100000000746
1529,100.0,[1242],E100000003704,E100000000757
1537,100.0,[2320],E100000003710,E100000000747
1534,100.0,[2132],E100000003708,E100000001322
1414,100.0,[2212],E100000003584,E100000000651
1487,,[2257],E100000003665,E100000002192
1456,50.0,[2250],E100000003631,E100000001374
1517,100.0,"[2299, 2300]",E100000003680,E100000001019
1398,66.6,"[2195, 2197, 2198, 2196]",E100000003566,E100000000125
2505,33.3,"[2195, 2197, 2198, 2196]",E100000003566,E100000000115
2531,,[2257],E100000003665,E100000001231
1337,100.0,[2131],E100000003497,E100000001322
23171,,[97925],E100001013315,E100001013316
1402,100.0,"[2204, 4248]",E100000003570,E100000001262
1413,,[2211],E100000003583,E100000000650
1403,100.0,[2082],E100000003572,E100000001322
1481,16.88,[2270],E100000003659,E100000000669
2542,,"[2257, 2330]",E100000003723,E100000002192
2919,,"[2257, 2330]",E100000003723,E100000001231
1323,100.0,[2112],E100000003461,E100000000869
1470,,[2263],E100000003644,E100000000017
2508,,[2211],E100000003583,E100000000637
1473,49.0,[2265],E100000003649,E100000000758
2524,25.6,[2265],E100000003649,E100000000746
1624,50.0,"[2418, 2417]",E100000003821,E100000000971
2550,50.0,[2379],E100000003798,E100000001241
1764,100.0,"[2564, 2565]",E100000003926,E100000000459
1740,100.0,[2542],E100000003952,E100000000795
1744,100.0,"[1495, 1496]",E100000003959,E100000001293
1565,100.0,"[2341, 2342]",E100000003774,E100000000431
2558,22.0,"[2410, 2409, 2411]",E100000003744,E100000001753
1742,100.0,[],E100000003957,E100000000959
2545,20.0,[2340],E100000003773,E100000000797
2920,10.0,[2340],E100000003773,E100000000800
1561,,[2339],E100000003770,E100000000486
2553,,[2279],E100000003807,E100000001262
2548,,"[2365, 2366, 1962, 2368, 2367, 1965]",E100000003789,E100000000553
1656,62.0,"[2460, 2459]",E100000003760,E100000000900
1655,40.0,"[2458, 110189]",E100000003759,E100000000649
2566,40.0,"[2458, 110189]",E100000003759,E100000000538
1590,100.0,[2380],E100000003799,E100000000657
1625,,"[2257, 2420]",E100000003822,E100000002192
1585,100.0,[2375],E100000003734,E100000001281
1556,100.0,[2336],E100000003730,E100000001270
1584,100.0,"[1276, 1296, 3313]",E100000003793,E100000001642
1725,100.0,"[1291, 1292]",E100000003916,E100000001170
1631,100.0,[2429],E100000003827,E100000001134
1587,100.0,[2377],E100000003796,E100000000720
1640,100.0,[2440],E100000003836,E100000000109
1645,100.0,[2445],E100000003842,E100000001307
1746,100.0,[2543],E100000003961,E100000000069
2543,50.0,"[2332, 2333, 5285]",E100000003727,E100000000019
1563,100.0,"[1541, 1542]",E100000003771,E100000000165
1739,100.0,[2541],E100000003951,E100000001681
1595,100.0,"[2385, 2289, 2384]",E100000003804,E100000000549
2561,,"[2257, 2420]",E100000003822,E100000001231
2929,,"[2257, 2420]",E100000003822,E100000001005
1620,78.0,"[2410, 2409, 2411]",E100000003744,E100000001685
1641,100.0,[2441],E100000003837,E100000001648
1732,100.0,"[2532, 2531]",E100000003944,E100000001226
1557,100.0,[2337],E100000003731,E100000001270
2554,34.0,[114521],E100000003810,E100000000746
1632,100.0,"[2431, 2430]",E100000003828,E100000000888
1598,,[2279],E100000003807,E100000000635
1736,100.0,[2537],E100000003921,E100000000889
1646,100.0,[2446],E100000003843,E100000000323
2544,,[2339],E100000003770,E100000000813
1574,100.0,"[2353, 2354, 2355]",E100000003783,E100000000976
3110,,"[2365, 2366, 1962, 2368, 2367, 1965]",E100000003789,E100000000562
1580,,"[2365, 2366, 1962, 2368, 2367, 1965]",E100000003789,E100000000563
1571,100.0,[2349],E100000003781,E100000001384
2560,50.0,"[2418, 2417]",E100000003821,E100000000478
2573,40.0,"[2475, 1785]",E100000003856,E100000000552
2567,17.0,"[2460, 2459]",E100000003760,E100000001753
1514,100.0,[2298],E100000003677,E100000000879
1738,100.0,[2540],E100000003949,E100000000693
1550,100.0,[1447],E100000003725,E100000000654
1578,100.0,[1222],E100000003787,E100000001158
1588,100.0,[2378],E100000003797,E100000000702
1757,100.0,[2555],E100000003922,E100000000854
2570,50.0,[2472],E100000003853,E100000000842
1719,100.0,"[2521, 2522]",E100000003870,E100000000048
1560,100.0,[4388],E100000003769,E100000001276
2541,49.0,"[2325, 2324]",E100000003716,E100000000781
1554,100.0,[2335],E100000003729,E100000003729
2547,,"[2362, 2361, 2359, 2360]",E100000003785,E100000001162
1575,100.0,[2356],E100000003784,E100000000431
1647,100.0,"[2448, 2447]",E100000003841,E100000001129
1577,50.0,"[2362, 2361, 2359, 2360]",E100000003785,E100000001262
2932,25.0,"[2436, 2438, 2437]",E100000003750,E100000001753
1581,100.0,"[2369, 2370, 2371]",E100000003790,E100000001170
1721,100.0,"[2521, 2522]",E100000003872,E100000000048
1660,100.0,[2463],E100000003763,E100000000537
1516,100.0,[2301],E100000003679,E100000000855
1564,40.0,[2340],E100000003773,E100000000799
1668,50.0,[2472],E100000003853,E100000000768
1589,50.0,[2379],E100000003798,E100000000975
1716,100.0,"[2521, 2522]",E100000003867,E100000000048
1628,100.0,"[2424, 2423, 2425]",E100000003825,E100000000149
1542,26.0,"[2325, 2324]",E100000003716,E100000000791
1633,51.0,[2432],E100000003832,E100000001046
2551,30.0,[2382],E100000003802,E100000001351
1515,100.0,"[2299, 2300]",E100000003678,E100000001019
1553,100.0,[2334],E100000003728,E100000001170
1593,70.0,[2382],E100000003802,E100000000565
2931,39.0,[2432],E100000003832,E100000000649
2563,10.0,[2432],E100000003832,E100000001044
1730,100.0,[2529],E100000003918,E100000000862
1583,100.0,[2373],E100000003792,E100000001174
1657,100.0,[2461],E100000003761,E100000000541
1745,100.0,[1181],E100000003960,E100000001248
23172,,[97930],E100001013317,E100001013318
24053,5.3,[108410],E100000001237,E100001000179
23751,23.0,[102298],E100001014537,E100000153028
23986,70.0,[104826],E100001014863,E100000000846
23905,76.32,[104537],E100001014759,E100001014532
1767,100.0,[2569],E100000003979,E100000000909
23679,100.0,[101891],E100001014393,E100000185982
24123,100.0,[105834],E100001015190,E100000000669
1766,100.0,"[2566, 2568, 2567]",E100000003978,E100000001117
24145,58.52,[105853],E100001015210,E100001015054
23971,5.0,[104790],E100000001223,E100001010706
22856,100.0,[75693],E100001011910,E100000131921
23855,100.0,[102657],E100001014675,E100001014677
21622,100.0,"[7935, 7936]",E100000120231,E100001010798
1771,100.0,[1887],E100000003982,E100000000654
23792,51.0,[102446],E100001014597,E100000001086
23923,50.0,[104568],E100001014776,E100001014778
22540,56.2,[74765],E100000000372,E100000152662
24035,54.9,[105335],E100000001917,E100000000524
23590,32.4,[101555],E100001014279,E100000001682
23936,100.0,[104615],E100001014798,E100000131921
23723,100.0,[102213],E100001014500,E100001011247
1785,85.0,[2589],E100000003995,E100000000553
24137,100.0,[105848],E100000186289,E100001000197
1772,100.0,[2573],E100000003983,E100000001134
24043,100.0,"[105430, 105432]",E100001015047,E100000001818
24151,100.0,[4178],E100001015214,E100000001322
23879,100.0,[102688],E100001014704,E100001010582
23516,6.0,[100905],E100000001384,E100001010705
24134,87.42,[105845],E100000000669,E100000000671
1762,50.0,[2562],E100000003975,E100000001123
23661,64.0,[101800],E100001014367,E100000152934
1756,100.0,[1277],E100000003971,E100000001222
1781,100.0,[2583],E100000003991,E100000000564
1763,100.0,[2563],E100000003974,E100000001292
24147,46.1,[105855],E100001015211,E100000000746
23736,75.43,[102263],E100001014518,E100000153651
22758,10.0,[75415],E100001011785,E100001011786
22932,7.07,[76780],E100001012204,E100001012206
23750,26.0,[102298],E100001014537,E100001014539
23704,6.7,[102019],E100000001179,E100000001155
6325,5.0,[6119],E100000004005,E100000000257
24061,51.5,[105507],E100000001918,E100001000397
23539,6.65,[101320],E100000155483,E100001014141
23807,7.5,[102460],E100000001194,E100001000348
1783,100.0,"[2586, 2585]",E100000003993,E100000000671
23995,30.0,"[104859, 104862]",E100001014879,E100000000702
1768,70.0,[2570],E100000003980,E100000000909
23888,100.0,[102701],E100001014720,E100000001213
23962,37.51,[104740],E100001014834,E100001014835
23821,62.0,[102539],E100001014627,E100000000387
23843,100.0,"[102579, 102581]",E100001014652,E100001014653
24025,100.0,[6116],E100000120353,E100001014984
23945,,[104667],E100001014808,E100001014809
23330,,"[98757, 98758]",E100001013657,E100001013658
24010,34.0,[105138],E100001014932,E100000001245
9703,1.0,[6119],E100000000193,E100000001753
23617,50.0,[101612],E100001014300,E100001014301
24131,13.5,[105840],E100001014209,E100000000869
22658,100.0,"[75067, 75069, 114795]",E100000120891,E100001011067
22269,9.97,"[11813, 109086]",E100001000611,E100000131685
23914,75.0,[104554],E100001014769,E100001014770
23395,50.0,"[99021, 99022]",E100001013784,E100001000922
22411,,"[61351, 61352]",E100000120210,E100001011370
6326,24.0,[6119],E100000004005,E100000000163
22050,100.0,[11511],E100000002027,E100001011083
24069,20.0,[105511],E100001015061,E100000153028
23540,8.5,[101321],E100000155483,E100001000348
24098,68.46,[105671],E100001015124,E100001015126
23806,5.42,[102459],E100000001194,E100001010596
23638,50.0,"[101663, 101664, 101665]",E100001014324,E100001014325
1735,100.0,[2536],E100000003947,E100000000889
23868,100.0,"[102673, 102675]",E100001014693,E100001014694
1758,,"[2556, 2557, 2558]",E100000003972,E100000001124
24115,84.2,[105713],E100000120689,E100001000246
23765,41.0,"[102345, 102347]",E100001014551,E100001014553
24110,18.4,[105708],E100001015157,E100001015158
23954,20.0,[104704],E100001014819,E100001014529
413,,[1247],E100000002535,E100000001154
21772,5.38,[10438],E100000001636,E100001010886
24018,49.0,"[105166, 105167]",E100000001916,E100001014943
23778,6.5,[102373],E100001014572,E100001014573
24092,35.79,[105667],E100000000645,E100001015051
3725,100.0,[5346],E100000000391,E100001000267
24104,100.0,"[105677, 105678, 105679]",E100001015133,E100001000100
24127,6.66,[105838],E100001015196,E100001015198
24149,10.0,[105855],E100001015211,E100000001254
24140,50.0,[105849],E100001015204,E100001015205
21919,50.0,"[10686, 1348]",E100000000007,E100000001120
24118,19.06,[105724],E100000000699,E100001000413
23987,30.0,[104826],E100001014863,E100000001213
206,49.72,"[2510, 2509]",E100000001641,E100000000681
3958,0.55,"[2510, 2509]",E100000001641,E100000001753
24221,,[106130],E100001015295,E100001014605
24161,100.0,"[106052, 106053]",E100000001489,E100000000889
24195,28.21,[106113],E100000000018,E100001010427
24223,29.56,[106216],E100000000868,E100001015297
24174,100.0,"[106088, 106089]",E100001015259,E100000132780
24179,10.22,[106093],E100000001250,E100001010595
24201,,[106122],E100001015281,E100000000173
24163,49.0,[106058],E100000001695,E100001015245
24203,11.78,[106140],E100001015285,E100001010595
3819,0.48,[1789],E100000001793,E100000001753
24182,100.0,[106101],E100001015260,E100000001245
3717,100.0,"[5339, 74732]",E100000000506,E100001000264
3567,60.74,"[1912, 5217]",E100000001523,E100000002928
3817,99.52,[1789],E100000001793,E100001000305
24156,16.0,[105865],E100001015218,E100001015222
24160,74.92,[],E100000001245,E100000001753
24186,100.0,[106104],E100001015271,E100001015272
24191,10.0,[106108],E100000000505,E100001015276
24184,100.0,[106104],E100001015269,E100001015270
24155,18.26,[105865],E100001015218,E100001015221
24170,6.9,[106078],E100001014304,E100001000348
24171,5.9,[106079],E100001014304,E100000001534
24164,51.0,[106058],E100000001695,E100001015246
24165,,[106060],E100000001872,E100001015247
120,49.73,"[2510, 2509]",E100000001641,E100000000682
24218,,[106177],E100001015294,E100001015293
24190,10.0,[106108],E100000000505,E100001015275
24175,80.0,[106092],E100001015262,E100001015263
24176,7.92,[106092],E100001015262,E100001015264
24177,6.04,[106092],E100001015262,E100001015265
24178,6.04,[106092],E100001015262,E100001015266
24192,64.3,[106109],E100001015054,E100000001254
24202,,[106130],E100001015282,E100001014605
24168,10.0,[106062],E100000001898,E100001015249
3568,39.26,"[1912, 5217]",E100000001523,E100000001753
24227,100.0,"[106219, 106220, 106221]",E100001015297,E100000000868
24166,39.0,"[106061, 106062]",E100000001898,E100000000402
24185,100.0,[106104],E100001015270,E100001015271
24189,10.49,[106108],E100000000505,E100001015274
3978,,[5630],E100000002476,E100001000376
24219,,[106179],E100001015284,E100001015295
24159,5.73,[105931],E100000001245,E100001010596
24199,100.0,[106121],E100001015279,E100001015280
24193,55.0,[106111],E100001015277,E100000004238
24169,9.25,[106077],E100001014304,E100001010595
269,,[106072],E100000002363,E100000001394
24172,100.0,[106084],E100001015256,E100000000869
24180,9.3,[106094],E100000001250,E100001000348
24226,75.28,[106218],E100001015298,E100001000270
3980,,[5630],E100000002476,E100001000377
178,,"[106048, 109898]",E100000001464,E100000000832
24188,100.0,[106101],E100001014605,E100000001245
4035,5.77,"[5684, 108417]",E100000000649,E100001000179
24196,17.29,[106113],E100000000018,E100001010428
24206,7.8,[106143],E100001015285,E100001000348
24210,,[106151],E100001015286,E100001015054
24205,6.51,[106142],E100001015285,E100001010596
24204,5.4,[106141],E100001015285,E100001000346
24167,51.0,[106062],E100000001898,E100001015248
48,100.0,"[106050, 106051]",E100000001478,E100000001213
24220,51.72,[106180],E100000000533,E100001010774
24207,9.41,[106144],E100000001254,E100001010595
24194,45.0,[106111],E100001015277,E100000003733
24197,7.97,[106113],E100000000018,E100001010429
24200,,"[106122, 106123]",E100001015281,E100000000523
24198,100.0,"[106115, 106118]",E100001014604,E100001015278
24181,,[106100],E100001015267,E100001011283
24209,8.1,[106148],E100000001254,E100001000348
24173,100.0,[106087],E100001015257,E100000000869
24208,6.62,[106147],E100000001254,E100001010596
24183,100.0,[106103],E100001015268,E100001000483
24216,6.9,[106160],E100001015290,E100001000348
24187,,[106105],E100001015272,E100000000720
24213,71.5,[106158],E100001015289,E100001014099
24214,28.5,[106153],E100001015289,E100001014674
24222,21.56,[106180],E100000000533,E100001015296
24217,71.09,[106165],E100001014154,E100001015291
24211,65.0,[106153],E100001015288,E100001014674
21644,12.37,[7966],E100000000864,E100001010819
24224,26.37,"[106216, 106217, 1982]",E100000000868,E100000121185
24225,8.57,[106216],E100000000868,E100001015298
24212,100.0,"[106154, 106155]",E100001014674,E100000001096
24228,9.61,"[106222, 7966]",E100000000864,E100000001471
24215,7.57,[106159],E100001015290,E100001010595
3394,,[106067],E100000002157,E100001000095
23682,100.0,[101925],E100001014399,E100001014294
24162,100.0,[106056],E100000001615,E100000000827
24260,10.0,[106276],E100001015331,E100001015334
24278,100.0,"[98386, 106369]",E100001015358,E100001015359
24230,24.3,[106224],E100001015300,E100001015302
24231,8.01,[106224],E100001015300,E100001015303
24262,100.0,[106277],E100001015337,E100000001315
24316,,[106535],E100001015393,E100001015394
24273,42.0,[106336],E100000001246,E100001015350
24244,,[106233],E100001015312,E100000136276
24229,38.24,[106224],E100001015300,E100001015301
24243,,[106233],E100001015312,E100001015313
24282,,[106403],E100001015363,E100000152934
24257,45.5,[106276],E100001015331,E100001015332
24311,50.1,[106522],E100001015388,E100001010708
24275,,"[106358, 106359]",E100001015352,E100001015353
24534,,[106880],E100001015115,E100001015647
24299,,[106433],E100001015371,E100001015374
24438,15.5,[106754],E100001015561,E100000001454
24237,,[106229],E100001015307,E100001015309
24313,,[106523],E100001000959,E100001015389
1430,100.0,"[2230, 5388, 109986]",E100000003600,E100000000888
24304,,[106493],E100001015381,E100001015382
24246,12.98,[106234],E100001015315,E100001015316
24301,,[],E100001011308,E100001015377
24277,100.0,[106365],E100001015355,E100001015356
24274,,[106357],E100001015353,E100001015354
4203,5.7,[5786],E100000000650,E100001000179
24280,,[106399],E100000001991,E100001015361
24305,,[106494],E100001015382,E100001015383
24283,50.0,[106408],E100001015365,E100000001492
24306,,"[106495, 106496]",E100001015384,E100001015114
24261,100.0,[106277],E100001015336,E100001015337
24307,,"[106497, 106498]",E100001015114,E100000001158
24236,,[106229],E100001015308,E100001014430
24253,100.0,[106256],E100001015323,E100001015325
24289,,[106433],E100001015371,E100000000034
24276,,[106364],E100001015356,E100001000210
24265,49.0,[106278],E100001015340,E100001015341
24251,,[106249],E100000003431,E100000151565
24292,,[106433],E100001015371,E100001015372
24310,,"[106517, 106518, 106519]",E100001015387,E100001014294
24317,100.0,"[106593, 106594]",E100001015399,E100001000258
24294,,[106433],E100001015371,E100001015373
24250,49.0,"[106245, 106248]",E100001015319,E100001015320
24240,100.0,[106231],E100001011897,E100001011705
24248,,[106236],E100001015318,E100000000651
24252,,[102383],E100001015321,E100001014580
24287,,[106427],E100001015368,E100000000874
24272,38.0,[106335],E100000001246,E100001015349
24315,56.55,"[106531, 106532]",E100001015391,E100001015392
24242,17.0,"[105494, 106233]",E100001015312,E100001015054
24271,,[106328],E100001015347,E100001015348
24291,100.0,[106434],E100001015372,E100000001075
24255,,[106261],E100001015327,E100000001213
24238,52.5,[106230],E100001015310,E100001014542
24293,100.0,"[106436, 106438]",E100001015373,E100001010777
24269,6.04,[106300],E100001014626,E100001015345
24300,,[106446],E100001015376,E100001011308
24268,,[106292],E100001014626,E100001015344
24258,31.0,[106276],E100001015331,E100000001267
24259,12.5,[106276],E100001015331,E100001015333
24232,,"[106225, 106226]",E100001015304,E100001015305
24303,8.88,[106489],E100000149640,E100001015380
24314,,"[106528, 106529]",E100001015390,E100000149640
24247,33.81,[106234],E100001015315,E100001015317
24286,27.5,[106408],E100001015365,E100000000746
24285,10.0,[106408],E100001015365,E100000000650
24234,100.0,[106229],E100001015306,E100001015307
24266,,"[106279, 106280]",E100001015339,E100001015342
24245,,[106101],E100001015314,E100000001245
24235,,[106229],E100001015307,E100001015308
24284,12.5,[106408],E100001015365,E100000000651
24288,,[106429],E100001015370,E100000001384
24298,10.43,[106439],E100001015374,E100000000684
4201,15.57,[5786],E100000000650,E100001000178
24318,,"[106595, 106596]",E100001015400,E100001014772
24256,100.0,"[106263, 106265]",E100001015328,E100001000154
24254,,[106259],E100001015326,E100000001213
24290,,[106433],E100001015371,E100000000391
24270,,[106322],E100001015346,E100001015347
24249,51.0,"[106245, 106248]",E100001015319,E100001014580
24308,50.0,[106508],E100001015385,E100001014282
24312,49.0,"[106523, 106524]",E100001015388,E100001000959
24297,,[106442],E100000000684,E100001015375
24437,15.5,[106754],E100001015561,E100001015563
24264,,"[106279, 106280]",E100001015335,E100001015339
24296,72.47,[106439],E100001015374,E100001014618
24302,10.37,[106489],E100000149640,E100001015379
24279,,[106370],E100001015357,E100001015358
24267,50.3,[106292],E100001014626,E100000001158
24309,50.0,[106508],E100001015385,E100000000112
24241,100.0,[106232],E100001015311,E100001011482
24263,51.0,[106278],E100001015340,E100001015202
24239,47.5,[106230],E100001015310,E100000000136
24328,7.0,[106610],E100001014602,E100001015410
24407,9.09,"[106709, 106710]",E100001015532,E100001015536
24400,9.09,"[106709, 106710]",E100001015532,E100001014279
24337,16.67,[106624],E100001015416,E100000000027
24341,16.67,[106624],E100001015416,E100000000433
24320,44.1,"[106597, 106599]",E100001015402,E100001014829
24322,100.0,"[106602, 106603]",E100001015405,E100000000870
24325,100.0,"[106608, 106605]",E100001015407,E100000000136
24336,16.67,[106624],E100001015416,E100000000505
24345,100.0,"[106632, 106633]",E100001015427,E100001014645
24339,16.67,[106624],E100001015416,E100000000095
24353,,[106645],E100001015434,E100001015106
24338,16.67,[106624],E100001015416,E100001015417
22348,6.15,[46405],E100000121263,E100000001492
24342,,[106625],E100001015414,E100000001595
24352,100.0,"[106643, 106642, 106644]",E100000000556,E100001015106
24326,25.4,[106609],E100001014602,E100001015409
24398,100.0,[106705],E100001015528,E100001015530
24360,51.0,[106660],E100001015483,E100001015484
24395,13.01,[106695],E100001015519,E100001015523
24346,100.0,"[106634, 106635]",E100001015428,E100001000265
24335,56.0,"[106620, 106622]",E100001015413,E100000000746
24321,,"[106600, 106601]",E100001015404,E100001014874
24361,49.0,[106660],E100001015483,E100001015485
23591,8.5,[101555],E100001014279,E100000000439
24394,35.19,[106695],E100001015519,E100001015521
24414,100.0,[106719],E100001015542,E100000000021
24413,26.0,[106713],E100001015541,E100001015540
24408,9.09,"[106709, 106710]",E100001015532,E100001014580
24430,100.0,"[106751, 106752]",E100001014612,E100000001179
24344,,[106629],E100001015421,E100001015423
24324,100.0,"[106606, 106607]",E100001015406,E100001015407
24409,9.09,"[106709, 106710]",E100001015532,E100001015537
24350,,"[106640, 106641]",E100000000555,E100001015106
24425,100.0,"[106729, 106730]",E100001015549,E100001014007
24334,44.4,"[106619, 106620]",E100001015413,E100000001096
24417,17.6,[106722],E100001015543,E100001000348
24412,,[106712],E100001015540,E100001015519
24426,100.0,[106731],E100001015551,E100000000758
24411,,[106711],E100001015539,E100001015540
24410,9.09,"[106709, 106710]",E100001015532,E100001015538
24327,7.6,[106609],E100001014602,E100001014064
24333,7.11,[106616],E100001014602,E100001014849
24329,6.1,[106611],E100001014602,E100001000348
24357,37.5,"[106656, 106657]",E100001015478,E100000001245
24343,,[106629],E100001015421,E100001015159
24358,25.0,"[106656, 106657]",E100001015478,E100001014311
24347,6.88,[114245],E100000001116,E100001000348
24330,5.6,[106613],E100001014602,E100001015411
24332,5.0,[106615],E100001014602,E100001015412
24340,16.67,[106624],E100001015416,E100001014253
24428,50.0,"[106749, 106750]",E100001015555,E100001011136
24401,9.09,"[106709, 106710]",E100001015532,E100001015533
24356,50.0,[106648],E100001015444,E100001015448
24349,46.47,[106638],E100001015429,E100001015431
24393,,"[106694, 106696]",E100001015520,E100001015522
24351,1.25,[106638],E100001015429,E100001015432
24397,100.0,"[106703, 106704]",E100001015527,E100001014685
24424,100.0,"[106727, 106728]",E100000186207,E100000001267
24436,,"[106754, 106755]",E100001015562,E100000001492
24396,99.46,"[106697, 106698, 106699]",E100001015524,E100001015525
24402,9.09,"[106709, 106710]",E100001015532,E100001014771
24403,9.09,"[106709, 106710]",E100001015532,E100001015534
24404,9.09,"[106709, 106710]",E100001015532,E100001014829
24405,9.09,"[106709, 106710]",E100001015532,E100001015320
24406,9.09,"[106709, 106710]",E100001015532,E100001015535
24416,5.42,[106721],E100001015543,E100001010596
24319,55.9,"[106597, 106248]",E100001015402,E100001014580
24348,52.28,[106638],E100001015429,E100001015430
24354,,[106646],E100001011945,E100001015106
24415,12.17,[106720],E100001015543,E100001010595
24423,5.75,[106726],E100000001267,E100001010596
22346,50.0,[46405],E100000121263,E100001011300
24421,9.68,[106724],E100000001267,E100001010595
24422,7.4,[106725],E100000001267,E100001000348
24359,37.5,"[106656, 106657]",E100001015478,E100000001143
24429,10.0,"[106749, 106750]",E100001015555,E100000000650
24427,40.0,"[106749, 106750]",E100001015555,E100001015127
24418,25.14,[106723],E100001015545,E100001015546
24432,22.0,[106753],E100001015556,E100001015558
24433,20.0,[106753],E100001015556,E100001015559
24434,18.0,[106753],E100001015556,E100001015560
24419,12.02,[106723],E100001015545,E100001015547
24431,40.0,[106753],E100001015556,E100001015557
24435,51.0,[106754],E100001015561,E100001015562
24331,,[106614],E100001015408,E100000180812
24450,30.0,[106762],E100001015572,E100001015573
24461,,"[106789, 106790, 106791]",E100001015586,E100000000112
24501,,[],E100001015622,E100001015587
24517,100.0,[106866],E100001015637,E100000000027
24448,50.0,"[106759, 106760]",E100001015570,E100001014580
24439,9.0,[106754],E100001015561,E100001014826
24456,100.0,[106778],E100001015583,E100000000136
24466,,"[106800, 106801]",E100001015594,E100001015595
24505,,[106862],E100001015630,E100001015631
24469,100.0,"[106808, 106809]",E100001015522,E100001015599
24531,87.76,[106879],E100001015645,E100000000851
24508,,[106863],E100001015631,E100000125250
24497,,[106831],E100001015619,E100001015620
24485,45.58,[106815],E100001015606,E100001015608
24447,,[106758],E100001015569,E100001014737
24470,69.63,[106810],E100001014539,E100000153028
24490,100.0,[106820],E100001015612,E100001015613
24481,,"[106811, 106813]",E100000004202,E100001015604
24477,,"[106811, 106813]",E100000004202,E100001015602
24471,26.0,[106810],E100001014539,E100001010066
24472,4.37,[106810],E100001014539,E100001015587
24498,18.34,[106833],E100001015622,E100001010932
24504,,[],E100000163141,E100000123261
24487,,[106817],E100001015610,E100001015611
24463,,[106795],E100000152802,E100000000676
24473,,"[106811, 106813]",E100000004202,E100001015600
24446,,[106758],E100001015568,E100001015569
24533,,[106880],E100001015115,E100001015646
24479,,"[106811, 106813]",E100000004202,E100001015603
24452,,"[106773, 106775]",E100001015576,E100001011247
24442,25.6,[106756],E100001015564,E100000002496
24443,20.4,[106756],E100001015564,E100000004022
24444,20.2,[106756],E100001015564,E100001015566
24496,,[106831],E100001015620,E100001015621
24493,8.04,[106824],E100001015617,E100001000730
24522,,"[106871, 106872]",E100001015641,E100001014772
24499,14.3,[106833],E100001015622,E100001015623
24457,100.0,[106781],E100001015582,E100001015584
24454,100.0,[106777],E100001015580,E100000000746
24489,,[106819],E100001015613,E100000000746
24465,,"[106797, 106799]",E100001015593,E100001011064
24459,65.0,[106762],E100001015572,E100000123261
24514,43.6,[74623],E100000000027,E100001015587
24515,,[106865],E100001015635,E100001015630
24488,,[106817],E100001015609,E100001015610
24440,9.0,[106754],E100001015561,E100000000382
24449,50.0,"[106759, 106760]",E100001015570,E100001015538
24503,,[],E100001015628,E100001015629
24458,100.0,[106782],E100001015584,E100000000746
24464,,[106795],E100000152802,E100001015590
24476,19.94,[106812],E100001015605,E100000123280
24478,16.32,[106812],E100001015605,E100000000173
24480,15.91,[106812],E100001015605,E100000001763
24482,14.15,[106812],E100001015605,E100000001270
24483,4.02,[106812],E100001015605,E100001015587
24492,,[106823],E100001015614,E100001015616
24460,5.0,[106762],E100001015572,E100001015588
24467,,"[106804, 106805]",E100001015596,E100001015597
24502,,[106855],E100001015627,E100001015628
24506,,[106862],E100001015630,E100001015632
24474,29.66,[106812],E100001015605,E100000000980
24516,100.0,[106866],E100001015636,E100001015637
24484,100.0,[106814],E100001015601,E100001015607
24486,54.42,[106815],E100001015606,E100001015587
24526,48.83,[106876],E100000001270,E100001015587
24521,100.0,"[106869, 106870]",E100001015536,E100000133645
24462,,"[106792, 106793]",E100001015589,E100000150540
24510,,[106863],E100001015631,E100001015632
24520,49.0,[],E100001015638,E100000132388
24491,,[106823],E100001015614,E100001015615
24500,8.08,[106833],E100001015622,E100000000660
24532,12.24,[106879],E100001015645,E100001015587
24509,,[106863],E100001015631,E100000156444
24511,,[106863],E100001015631,E100001015634
24475,,"[106811, 106813]",E100000004202,E100001015601
24451,,"[106770, 106771]",E100001015571,E100000152286
24507,,[106863],E100001015631,E100001015633
24455,100.0,"[106778, 106780]",E100001015581,E100001015583
24512,,[106864],E100001015632,E100000180733
24518,1.43,[106867],E100000003681,E100001015587
24527,100.0,[106877],E100001015643,E100000000394
24523,6.47,[106873],E100000001270,E100001010595
24441,33.7,[106756],E100001015564,E100001015565
24445,100.0,[106757],E100001015567,E100001015566
24524,10.7,[106874],E100000001270,E100001015644
24519,51.0,[106868],E100001015638,E100001015639
24525,34.0,[106875],E100000001270,E100000001155
24468,100.0,[106807],E100001015535,E100001015598
24494,5.23,[106824],E100001015617,E100001015618
24453,100.0,[106774],E100001015577,E100001015578
24495,,[106824],E100001015617,E100001015587
24513,24.9,[74623],E100000000027,E100000001079
24571,100.0,"[106908, 106909]",E100000000654,E100001015587
24606,62.0,[106939],E100001015693,E100001015695
24559,100.0,[106898],E100001014580,E100001015660
24623,100.0,[106950],E100001015709,E100000000737
24593,100.0,[106929],E100001015680,E100000000538
24561,,[106892],E100001015659,E100001014455
24567,,"[106902, 106903]",E100001015661,E100000000746
24585,42.5,[106923],E100001015672,E100001015045
24590,51.0,[106928],E100001015678,E100001015679
24589,20.0,[106925],E100001015675,E100001015677
24535,,[106880],E100001015115,E100001015648
24613,61.35,"[106942, 106945]",E100001015697,E100001015587
24563,21.43,[106901],E100000000019,E100001010427
24564,15.61,[106901],E100000000019,E100001010429
24548,100.0,[106889],E100001015485,E100000000173
24624,24.3,[106950],E100001015699,E100001015709
24625,17.2,[106950],E100001015699,E100001014701
24626,5.5,[106950],E100001015699,E100001015711
24582,100.0,[106921],E100001015671,E100000000127
24562,28.27,[106901],E100000000019,E100001010428
24596,90.06,[106931],E100001015683,E100001015684
24550,21.0,"[106890, 106891]",E100001015656,E100001014721
24620,,"[106947, 106948, 106949]",E100001015703,E100001015708
24549,2.1,[106888],E100001015656,E100001015587
24547,37.0,[106887],E100001015656,E100000000013
24544,12.5,[106408],E100001015653,E100000000651
24542,27.5,"[106884, 106408]",E100001015653,E100000152472
24545,10.0,[106408],E100001015653,E100000000650
24551,39.9,[],E100001015656,E100000132388
24616,100.0,[106946],E100001015701,E100001015704
24598,,[106932],E100001015685,E100001015686
24565,,[106892],E100001015657,E100001014455
24611,22.47,"[106942, 106945]",E100001015697,E100001000370
24614,9.4,"[106942, 106945]",E100001015697,E100001015700
24599,100.0,[106934],E100001015687,E100001014534
24612,,[],E100001015698,E100000123261
24566,34.69,[106901],E100000000019,E100001015587
24584,,[106924],E100001015673,E100000001213
24581,100.0,[106920],E100000000869,E100001015587
24591,48.99,[106928],E100001015678,E100000000538
24536,100.0,[106882],E100001015650,E100000000245
24569,,"[106906, 106907]",E100001015662,E100000000845
24592,0.01,[106928],E100001015678,E100001015587
24580,100.0,[106919],E100001015670,E100000000827
24558,72.4,[106897],E100001015278,E100001015587
24615,6.78,"[106942, 106945]",E100001015697,E100001015702
24609,60.0,[106941],E100001015695,E100001000370
24594,99.93,[106930],E100001015681,E100000000538
24538,58.89,"[106881, 114206]",E100000000524,E100001000397
24543,50.0,[106408],E100001015653,E100000001492
24537,100.0,[106883],E100001015649,E100001015650
24595,0.07,[106930],E100001015681,E100001015587
24577,,"[106915, 106916]",E100000184078,E100001015666
24586,16.8,[106923],E100001015672,E100001015674
24583,33.2,"[106923, 106924]",E100001015672,E100001015673
24587,7.5,[106923],E100001015672,E100001015587
24554,100.0,[106893],E100000133592,E100000000781
24570,,"[106906, 106907]",E100001015662,E100000001299
24617,40.1,[106946],E100001015704,E100000153696
24610,40.0,[106941],E100001015695,E100001000095
24605,36.73,[106936],E100000001035,E100001015587
24560,,[106899],E100001014455,E100000000173
24568,,[106904],E100000000173,E100001014866
24546,100.0,[106885],E100001015655,E100001010861
24618,24.33,[106946],E100001015704,E100001015705
24619,22.5,[106946],E100001015704,E100001015706
24607,26.0,[106939],E100001015693,E100001015696
24608,12.0,[106939],E100001015693,E100001015697
24621,13.07,[106946],E100001015704,E100001015707
24579,100.0,[106918],E100001015668,E100001014283
24600,28.31,[11372],E100000001034,E100001015587
24597,9.94,[106931],E100001015683,E100001015587
24576,60.33,[106914],E100000001275,E100001015587
24578,100.0,[106917],E100001015667,E100000001275
24603,6.08,[106936],E100000001035,E100001015691
24604,6.08,[106936],E100000001035,E100001015692
24602,51.11,[106936],E100000001035,E100001015689
24555,11.96,[106894],E100001015278,E100001010595
24557,9.0,[106896],E100001015278,E100001000348
24556,6.64,[106895],E100001015278,E100001010596
24601,,[106935],E100001015688,E100000001755
24588,80.0,[106925],E100001015675,E100001015676
24541,23.58,"[106881, 114206]",E100000000524,E100001015587
24575,12.4,[106913],E100000001275,E100001000348
24539,9.69,"[106881, 114206]",E100000000524,E100001000520
24574,11.7,[106912],E100000001275,E100000123261
24540,7.84,"[106881, 114206]",E100000000524,E100000001918
24572,9.57,[106910],E100000001275,E100001010595
24573,6.0,[106911],E100000001275,E100001014573
24718,100.0,[107059],E100001015786,E100001015791
24636,30.0,[106957],E100000000004,E100001012407
24702,20.0,"[107041, 107042]",E100001015771,E100000001213
24712,31.68,[107053],E100001015774,E100001015777
24681,91.99,[107030],E100000000127,E100001015587
24663,,[107010],E100001015739,E100001015740
24667,,[107014],E100001015743,E100001011301
24627,3.1,[106950],E100001015699,E100001015712
24721,,[107064],E100000000135,E100001015587
24692,20.0,[107038],E100001015762,E100001015764
24657,,[106978],E100001015731,E100001015732
24670,,"[107019, 107020]",E100001015747,E100001015749
24714,,[107056],E100001015780,E100001015781
24671,,"[107019, 107020]",E100001015747,E100001015750
24703,,"[107043, 107044]",E100001015772,E100001015773
24688,20.0,[107038],E100001015762,E100001015765
24622,49.7,[106950],E100001015699,E100001015701
24642,,[106966],E100000001624,E100001015720
24673,,[107022],E100001015755,E100001015754
24649,25.5,[106975],E100001015726,E100000000766
24652,10.0,[106975],E100001015726,E100000000387
24727,,[107072],E100001015801,E100000000136
24651,10.0,[106975],E100001015726,E100001015727
24648,10.0,[106975],E100001015726,E100000000034
24653,9.0,[106975],E100001015726,E100001014223
24644,,[106971],E100001015723,E100001000295
24645,,[106973],E100001015725,E100001000088
24696,20.0,[107038],E100001015762,E100001015768
24629,22.0,[106953],E100001015713,E100000001213
24630,15.74,[106953],E100001015713,E100001015698
24631,13.02,[106953],E100001015713,E100000000746
24632,12.1,[106953],E100001015713,E100000001096
24633,2.0,[106953],E100001015713,E100000001282
24719,,[107061],E100001015793,E100001015794
24666,,[107013],E100001015742,E100000001101
24641,56.7,"[106966, 106967]",E100000001624,E100001015719
24713,9.15,[107057],E100001015779,E100001000346
24722,,[107065],E100001015795,E100000124029
24697,,[107038],E100001015768,E100000000112
24664,,[107011],E100001015741,E100001015740
24701,53.3,"[107041, 107042]",E100001015771,E100001014626
24640,,[106962],E100001015718,E100000001034
24695,,[107038],E100001015767,E100000001315
24654,100.0,[102664],E100001015728,E100000000610
24693,,[107038],E100001015764,E100001015766
24635,100.0,[106956],E100001015714,E100001015715
24661,100.0,[107007],E100001015737,E100001015325
24725,9.18,[107069],E100000000136,E100001015800
24694,20.0,[107038],E100001015762,E100001015767
24700,26.7,"[107041, 107042]",E100001015771,E100000001245
24690,20.0,[107038],E100001015762,E100001014056
24682,8.01,[107030],E100000000127,E100001014312
24660,,[107006],E100001015736,E100001012410
24720,,[107061],E100001015791,E100001015793
24637,70.0,[],E100000000004,E100000132388
24669,,"[107019, 107020]",E100001015747,E100001015748
24665,,[107012],E100001015740,E100001015742
24639,100.0,[106961],E100001015717,E100001014950
24656,49.0,[106977],E100001015730,E100000000034
24646,100.0,[102209],E100001015724,E100001015725
24675,,[107023],E100001015752,E100001015757
24643,100.0,[106968],E100001015721,E100000000004
24676,11.8,[107024],E100001015756,E100001010427
24705,7.39,[107046],E100001015774,E100001015775
24647,25.5,[106975],E100001015726,E100000001096
24728,49.0,"[107075, 107076]",E100001015802,E100001015533
24679,,"[107025, 107026, 107027]",E100001015758,E100001015760
24711,100.0,"[107052, 107054]",E100000000771,E100001000085
24634,64.7,[106955],E100001015715,E100001015716
24699,12.0,"[107039, 107040]",E100001015770,E100000001213
24691,,[107038],E100001014056,E100001015543
24638,100.0,"[106959, 106960]",E100001015710,E100001014294
24704,100.0,[107045],E100000000538,E100001000084
24706,,[107046],E100001015774,E100001015587
24680,,"[107026, 107027]",E100001015758,E100001015761
24707,56.96,[107048],E100001015679,E100000000538
24708,43.04,[107048],E100001015679,E100001015587
24723,,[107067],E100001015796,E100001015797
24698,88.0,"[107039, 107040]",E100001015770,E100001014294
24710,,[107051],E100001015776,E100001015587
24715,,[107057],E100001015779,E100001015587
24662,,[107009],E100001014307,E100001015739
24724,,[107068],E100001015798,E100001000282
24628,35.14,[106953],E100001015713,E100000000387
24658,100.0,[107002],E100001015733,E100001015734
24709,,[107050],E100001015776,E100001000370
24668,,"[107015, 107016]",E100001015744,E100001000278
24674,,[107021],E100001015753,E100001015755
24726,,[107070],E100000000136,E100001015587
24655,51.0,[106977],E100001015730,E100001000250
24650,10.0,[106975],E100001015726,E100000000869
24689,,[107038],E100001015765,E100000001309
24677,5.7,[107024],E100001015756,E100001010438
24789,31.5,[107125],E100001015856,E100001010928
24737,,[107082],E100001015810,E100001015811
24784,77.23,[107120],E100001015850,E100001015587
24782,5.8,[107117],E100001015850,E100001011510
24785,,[107119],E100001015537,E100000000407
24762,100.0,"[107097, 107098]",E100001015835,E100001015836
24749,100.0,[107088],E100001015825,E100000001851
24750,,[],E100001015826,E100000123261
24818,,[107161],E100001015879,E100001015880
24795,,[107130],E100001014264,E100001015054
24817,,"[107159, 107160]",E100001015878,E100001014282
24780,5.8,[107115],E100001015850,E100001014681
24783,5.27,[107118],E100001015850,E100001015853
24744,,[107085],E100001015819,E100001015646
24799,,[107137],E100001015860,E100000001378
24781,5.9,[107116],E100001015850,E100001015852
24733,,[107080],E100001015806,E100001000089
24766,17.93,[107105],E100001015837,E100000000022
24767,17.93,[107105],E100001015837,E100000000029
24769,10.48,[107105],E100001015837,E100001015841
24771,3.19,[107105],E100001015837,E100001015843
24738,6.6,[107081],E100001015808,E100001015812
24739,5.4,[107081],E100001015808,E100001015813
24815,100.0,"[107153, 107154]",E100001015877,E100000000112
24736,25.7,[107081],E100001015808,E100001015809
24740,27.58,[107081],E100001015808,E100000123261
24768,3.88,[107105],E100001015837,E100000151297
24798,100.0,[107135],E100001015861,E100001015864
24792,10.0,[107125],E100001015856,E100000152778
24734,,[107080],E100001015806,E100001014505
24735,,[107080],E100001015806,E100000000003
24793,51.0,"[107126, 107128, 107129]",E100001015858,E100000001245
24753,3.0,[107090],E100001015827,E100001015587
24772,,"[107106, 107107]",E100001015844,E100001015845
24743,,[107084],E100001015818,E100000000245
24755,,[107092],E100001015828,E100000001143
24805,62.0,"[107141, 107142]",E100001015869,E100000001213
24810,70.0,[107144],E100001015873,E100000001293
24800,,[107136],E100000001378,E100000001254
24752,97.0,[107090],E100001015827,E100000001860
24806,37.0,[107142],E100001015869,E100001015870
24730,100.0,[107076],E100001015533,E100001015803
24796,100.0,"[107131, 107132, 107133]",E100001015859,E100001011497
24790,40.5,[107125],E100001015856,E100001014534
24809,100.0,[107143],E100001015872,E100001015873
24774,,[107110],E100001015846,E100001015848
24763,100.0,"[107099, 107101]",E100001015838,E100000001282
24787,100.0,"[107122, 107123]",E100001015855,E100001014325
24761,6.34,[107096],E100001014386,E100001015834
24760,6.95,[107096],E100001014386,E100001015833
24757,6.52,[107096],E100001014386,E100001010596
24746,2.0,[107086],E100001015820,E100001015822
24732,,"[107078, 107079]",E100001015792,E100001015807
24751,100.0,[107089],E100001014629,E100001014871
24748,,[107087],E100001015821,E100001015114
24742,,[107083],E100001015815,E100001015816
24807,1.0,[107142],E100001015869,E100001015587
24788,,[107125],E100001015854,E100001015856
24775,,[],E100001015848,E100000123261
24729,51.0,[107075],E100001015802,E100001014580
24765,46.6,[107105],E100001015837,E100001015840
24794,49.0,[],E100001015858,E100000132388
24764,100.0,[107102],E100001015839,E100000000245
24745,98.0,[107086],E100001015820,E100001015821
24731,,[107077],E100001015804,E100001015805
24754,,[107091],E100001015829,E100000000556
24821,14.87,[107164],E100001015883,E100000000746
24776,8.66,[107111],E100001014325,E100001014648
24777,33.19,[107112],E100001014325,E100001015850
24779,58.15,"[107114, 107112]",E100001014325,E100001015587
24773,,"[107108, 107109]",E100001015845,E100000001384
24759,12.14,[107096],E100001014386,E100001015832
24791,18.0,[107125],E100001015856,E100001015857
24747,64.43,[5423],E100000000084,E100001015587
24814,,[107151],E100001015875,E100001015876
24756,100.0,[107093],E100000000702,E100001010643
24778,,[107113],E100001015849,E100001015851
24803,33.69,"[107138, 107139]",E100001015865,E100001015868
24804,17.18,[],E100001015865,E100000132388
24801,15.42,"[107138, 107139]",E100001015865,E100001015866
24811,20.0,[107144],E100001015873,E100000001247
24808,100.0,[107143],E100001015871,E100001015872
24813,,"[107151, 107152]",E100001015875,E100001015646
24802,33.71,"[107138, 107139]",E100001015865,E100001015867
24812,10.0,[107144],E100001015873,E100000001077
24820,,[107163],E100001015882,E100000134810
24819,,[107162],E100001015880,E100001015881
24758,,"[107094, 107095]",E100001015830,E100001015831
24822,9.91,[107164],E100001015883,E100001015884
24741,34.72,[107081],E100001015808,E100001015587
24770,100.0,"[107103, 107104]",E100001015842,E100000001194
24816,,[107156],E100001015878,E100000000943
13366,34.07,[],E100001000746,E100000001753
24833,,[107174],E100001015890,E100001015587
24829,,[107166],E100001015538,E100000000018
24886,,[107222],E100001015944,E100000000610
24825,40.4,[107164],E100001015883,E100001015886
24873,100.0,[107210],E100001015933,E100001015935
24903,51.0,[],E100001015958,E100001015960
24842,100.0,"[107185, 107186]",E100001015898,E100001015899
24834,,[107176],E100001000130,E100001015587
24855,100.0,[107196],E100001015914,E100000000846
24901,58.51,[107330],E100001015417,E100000000851
24853,100.0,[107195],E100001015913,E100000000387
24867,100.0,"[107204, 107205]",E100001015930,E100001011478
24868,84.47,[107206],E100001015931,E100001014534
24889,,[107222],E100001015944,E100000001282
24894,33.3,[107232],E100001015950,E100001015951
24854,100.0,[107195],E100001015915,E100000000387
24837,100.0,"[107178, 107179]",E100001015894,E100000000135
24863,20.0,[107202],E100001015928,E100001014505
24836,45.0,[107177],E100001015891,E100000000645
24864,20.0,[107202],E100001015928,E100000000034
24866,20.0,[107202],E100001015928,E100001015803
24872,100.0,"[107208, 107209, 107211]",E100001015932,E100001015934
24891,,"[107227, 107228]",E100001015947,E100001014841
24826,0.0,[107164],E100001015883,E100001015587
24823,9.19,[107164],E100001015883,E100000002134
24824,20.66,[107164],E100001015883,E100001015885
24893,67.0,"[107229, 107230]",E100001015948,E100001014325
24879,50.0,[107214],E100001015940,E100000000702
24862,20.0,[107202],E100001015928,E100001014534
24871,,[107207],E100001014534,E100001015587
24844,100.0,"[107188, 107190]",E100001015904,E100000000470
24828,,[107165],E100001015123,E100001015888
24835,55.0,[107177],E100001015891,E100000000658
24880,,"[107215, 107216]",E100001015939,E100000000874
24827,,[107165],E100001015123,E100000001143
24906,45.9,[101932],E100000137442,E100001015587
24841,100.0,[107184],E100001015895,E100001015897
24875,100.0,[107213],E100001015936,E100001015938
24892,33.0,"[107229, 107230]",E100001015948,E100001014363
24877,50.0,[107214],E100001015937,E100000000702
24876,50.0,[107214],E100001015937,E100000001035
24881,,[107217],E100001015943,E100001014832
24857,100.0,[107199],E100001015918,E100000000387
24831,75.0,[107174],E100001015890,E100000132049
24860,100.0,[107200],E100001011119,E100001010286
13355,23.0,[],E100000121539,E100000001753
24884,,[107222],E100001015944,E100000000746
24888,,[107222],E100001015944,E100000001213
24883,,[107222],E100001015944,E100000000027
24861,20.0,[107202],E100001015928,E100000001096
24878,50.0,[107214],E100001015940,E100000001035
24887,,[107222],E100001015944,E100000000998
24897,59.87,[107234],E100001015953,E100001015679
13375,42.0,[],E100000120482,E100000001753
24885,,[107222],E100001015944,E100000000874
24874,100.0,[107212],E100001015935,E100001014359
24909,,[107237],E100001014432,E100001000094
24843,,[107187],E100001015900,E100000123261
13332,41.26,[],E100000120674,E100000001753
24840,51.0,[107180],E100001015893,E100001015896
24900,51.0,[107235],E100001015954,E100001015957
24869,15.53,[107206],E100001015931,E100001014786
24902,49.0,[107235],E100001015954,E100001015959
24851,65.0,[107192],E100001015912,E100001015288
13358,11.96,[],E100000120744,E100000001753
24895,33.3,[107232],E100001015950,E100001015952
24907,11.2,[107236],E100000121175,E100001015964
24870,31.35,[107207],E100001014534,E100001013560
24898,40.0,[107234],E100001015953,E100001015955
24845,34.87,[107191],E100001015905,E100001015906
24899,0.13,[107234],E100001015953,E100001015956
24839,100.0,"[107182, 107183]",E100000003830,E100001012818
24908,8.26,[107236],E100000121175,E100001015965
24896,33.3,[107232],E100001015950,E100001015954
24904,46.0,[],E100001015958,E100001015961
24856,100.0,"[107197, 107198]",E100001015916,E100000000671
24910,8.26,[107236],E100000121175,E100001015966
24905,,[],E100001015958,E100001015962
24832,,[107175],E100000132049,E100001000100
24882,100.0,"[107223, 107224]",E100001015942,E100001015945
24859,100.0,[107199],E100001015926,E100000000387
24852,,[107193],E100001015911,E100001015913
24858,100.0,[107199],E100001015923,E100000000387
24865,100.0,"[107201, 107203]",E100001015929,E100001000911
13348,27.53,[],E100000120384,E100000001753
24890,100.0,"[107225, 107226]",E100001015946,E100001014582
13369,27.03,[],E100001001082,E100000001753
24850,26.05,[107191],E100001015905,E100001015587
24846,15.24,[107191],E100001015905,E100001015907
24847,10.58,[107191],E100001015905,E100001015908
24932,14.07,[107262],E100001015984,E100001015987
24934,,[107262],E100001015984,E100000123261
24964,,"[107295, 107296]",E100001016016,E100000001860
24933,,[107262],E100001015984,E100001015587
24956,,[107286],E100001016008,E100001014007
24966,20.42,[107298],E100001016019,E100001011247
24967,20.42,[107298],E100001016019,E100000000387
24949,,[107274],E100001015999,E100001010426
24931,15.32,[107262],E100001015984,E100001015986
24911,8.26,[107236],E100000121175,E100001015967
24924,35.0,[107250],E100001015977,E100000001096
24925,2.0,[107250],E100001015977,E100001015587
24996,100.0,"[107322, 107323]",E100001016047,E100001016048
24919,100.0,[107247],E100001015971,E100001000243
24914,,[],E100001015968,E100000132388
24961,31.0,[107291],E100001016013,E100000001213
25005,100.0,[107324],E100001016055,E100000001226
24962,16.7,[107291],E100001016013,E100001016014
24957,10.0,[107287],E100001016009,E100001016010
24943,49.0,[107265],E100001015993,E100000000746
24997,100.0,[107323],E100001016048,E100000000102
24984,100.0,[107317],E100001016037,E100001016038
24941,,[107264],E100000139023,E100000001315
24915,5.31,[107243],E100000000980,E100001000348
25000,37.5,[107324],E100001016051,E100001016052
25006,100.0,"[107327, 107328]",E100001016056,E100000003931
24947,28.0,[107273],E100001015998,E100000001179
24952,,"[107279, 107280]",E100001016002,E100000000523
24953,,"[107279, 107280]",E100001016002,E100000000874
24974,,[107307],E100001016025,E100001016026
24965,59.17,[107298],E100001016019,E100001015251
24945,100.0,"[107268, 107270, 107271]",E100001015996,E100001015114
24926,100.0,"[107252, 107254]",E100001015978,E100000000112
24970,17.9,[107306],E100001016021,E100001016023
25002,100.0,[107324],E100001016052,E100001014809
24960,52.3,[107291],E100001016013,E100000000746
24971,16.3,[107306],E100001016021,E100000004152
24992,50.0,"[107320, 107321]",E100001016046,E100000000610
24955,,[107285],E100001016007,E100000150007
24921,,[107249],E100001015973,E100000123261
24983,,[107314],E100001016035,E100001015587
24954,,[107284],E100001016003,E100000000874
24973,2.0,[107306],E100001016021,E100001016024
24998,100.0,[107324],E100001016049,E100001016050
24913,,"[107240, 107241]",E100001015968,E100001011471
24999,100.0,[107324],E100001016050,E100001016051
24930,40.4,"[107261, 107263]",E100000000874,E100000121185
24935,19.75,[107263],E100000000874,E100001015988
24990,50.0,[107319],E100001016045,E100000001768
24927,,[107257],E100001015980,E100001000265
24936,18.46,[107263],E100000000874,E100001015989
24972,2.0,[107306],E100001016021,E100001015694
24948,72.0,[],E100001015998,E100000132388
24912,64.02,[107236],E100000121175,E100001015587
24989,72.16,[107318],E100001016039,E100001015587
24968,36.9,[107306],E100001016021,E100001016022
24994,40.0,"[107320, 107321]",E100001016046,E100000148900
24977,,[107313],E100001016033,E100000123261
24958,,[107288],E100001016009,E100000000874
24950,,[107276],E100001016000,E100001010426
24920,75.0,[107246],E100001015972,E100001015974
24976,,[107312],E100001016031,E100001016032
24985,9.46,[107318],E100001016039,E100001016040
24918,100.0,"[107245, 107246]",E100001015970,E100000000980
25003,,[107324],E100001016053,E100001016054
24917,100.0,[107244],E100001015969,E100001000088
24981,50.0,"[107315, 107316]",E100001015565,E100000001096
24969,24.9,[107306],E100001016021,E100000000758
24937,,[],E100001015990,E100001000293
24978,50.0,"[107315, 107316]",E100001015565,E100000000874
24929,,"[107259, 107260]",E100001015982,E100001015985
25001,37.5,[107324],E100001016051,E100001016053
24942,51.0,[107265],E100001015993,E100000000874
24951,,[107278],E100001016001,E100000123261
25004,25.0,[107324],E100001016051,E100001016055
24986,7.56,[107318],E100001016039,E100001016041
24987,5.53,[107318],E100001016039,E100001016042
24988,5.26,[107318],E100001016039,E100001016043
24946,,[107272],E100001015997,E100000001075
24993,10.0,"[107320, 107321]",E100001016046,E100000001860
24975,,[107308],E100001016027,E100001015278
24963,,[107292],E100001016015,E100000001250
24959,,[107289],E100001016011,E100001016012
24944,,[107267],E100001015995,E100001014524
24923,63.0,[107250],E100001015977,E100000000746
24928,,[107258],E100001015983,E100001014294
24922,80.9,[107251],E100001015976,E100001000379
24916,94.69,[107243],E100000000980,E100001015587
24991,50.0,[107319],E100001016045,E100001015975
25015,1.83,[107334],E100001016057,E100001015587
25013,14.46,"[107331, 107334, 107332]",E100001016057,E100000001237
25014,12.35,"[107331, 107332, 107334]",E100001016057,E100000000649
25011,6.08,"[107331, 107333, 107334, 107332]",E100001016057,E100000000638
25068,100.0,"[6515, 6516]",E100001010333,E100000130950
25042,6.2,[107379],E100001014841,E100001010596
25053,5.66,[107391],E100001016083,E100001010595
25043,,[107379],E100001014841,E100001015587
25029,,[107373],E100001016069,E100001015054
25008,30.0,[107329],E100000002067,E100001015587
13433,100.0,"[6424, 107384, 107389, 107394]",E100001010201,E100000000547
25076,78.77,[107424],E100001010336,E100001015587
25066,100.0,"[6517, 6518, 6519]",E100001010334,E100000130950
25024,100.0,"[107338, 107339]",E100001016063,E100001016064
25065,,"[77721, 107401]",E100000131116,E100001016092
25010,50.0,"[107331, 107332, 107334]",E100001016057,E100001011136
25049,15.2,"[78089, 78090]",E100001012537,E100001015587
25071,66.36,[],E100001000663,E100000123261
25075,79.89,[107421],E100001000649,E100001015587
25017,50.0,"[106121, 107336]",E100001016058,E100001014325
24979,48.67,[107314],E100001016035,E100000001270
24980,7.92,[107314],E100001016035,E100001014648
20460,6.31,"[6505, 107375]",E100001000439,E100001001119
25089,54.47,[6340],E100000000687,E100001015587
25031,,[107372],E100001016070,E100000123261
25077,71.39,[107429],E100001010181,E100001015587
25025,30.0,[107340],E100001016065,E100001014604
25067,,[107405],E100001010332,E100000130950
25050,,[107388],E100001016080,E100001015015
25026,30.0,[107340],E100001016065,E100001014325
25027,20.0,[107340],E100001016065,E100001016066
25028,20.0,[107340],E100001016065,E100001016035
25009,41.49,[107330],E100001015417,E100001015587
25012,15.29,"[107331, 107334, 107332]",E100001016057,E100000000645
25016,,[107335],E100000121239,E100000000958
24982,6.14,[107314],E100001016035,E100001015782
25085,75.0,[107445],E100001016109,E100000001492
25086,25.0,[107445],E100001016109,E100001015743
25047,,[],E100001016079,E100000132388
25078,51.0,[107430],E100000000013,E100001011471
25021,42.5,[107337],E100001016059,E100001016061
25023,7.5,[107337],E100001016059,E100001016062
25045,100.0,"[107382, 107383]",E100001016078,E100001015563
25087,82.09,[107448],E100000001319,E100001015587
25061,13.05,[107397],E100000001329,E100001010595
25063,9.1,[107399],E100000001329,E100001000348
25036,,[107377],E100001016072,E100001016074
25030,,[107373],E100001016069,E100000001299
25032,,[107373],E100001016069,E100001016070
25033,,[107373],E100001016069,E100001016071
25082,100.0,[107434],E100001016102,E100001016103
25074,86.27,"[107417, 107418]",E100001000348,E100001015587
25044,,[107381],E100001016077,E100001015563
25058,17.7,[107393],E100000000773,E100001016088
25018,50.0,"[106121, 107336]",E100001016058,E100001015838
25073,8.66,[107416],E100001000348,E100001010595
25057,20.0,[107392],E100000131119,E100001016087
25059,16.0,[107392],E100000131119,E100001016089
25056,20.0,[107392],E100000131119,E100001016086
25019,50.0,[107337],E100001016059,E100001016060
25054,,[107391],E100001016083,E100001015587
23085,,"[77721, 107401]",E100000131116,E100001012537
25041,6.7,[107379],E100001014841,E100001015833
25060,,[107393],E100000000773,E100001015587
25040,10.51,[107379],E100001014841,E100001015832
25046,,[107386],E100001016079,E100001000089
25020,100.0,[107337],E100001016060,E100000000112
13428,49.0,"[6422, 6420, 6423]",E100001010195,E100001010196
25080,98.55,[107431],E100001016100,E100000000056
25083,,[107438],E100001016104,E100000123261
25052,,[107390],E100000137427,E100001016083
25070,20.24,"[107409, 107410]",E100000002080,E100001015587
25039,,[107378],E100001016071,E100001016076
25079,,[107430],E100000000013,E100001015587
25051,,[107388],E100001016080,E100001016082
13432,100.0,"[6411, 107451, 107450]",E100001010200,E100001010181
25081,1.44,[107431],E100001016100,E100001015587
25069,79.76,"[107409, 107410]",E100000002080,E100001016093
25035,50.99,[],E100001000439,E100001015587
25084,100.0,[107440],E100001016105,E100001016106
20823,35.0,"[6936, 107394]",E100000131179,E100000000547
25048,20.4,"[78089, 78090]",E100001012537,E100001011239
25007,70.0,[107329],E100000002067,E100000000851
25088,39.81,[6340],E100000000687,E100000123261
25022,,[107337],E100001016061,E100000001267
25055,44.0,[107392],E100000131119,E100001010201
25037,,[107377],E100001016072,E100001016075
25062,5.36,[107398],E100000001329,E100001010596
25106,24.03,[107491],E100001000504,E100001015587
25124,9.16,[5685],E100000000651,E100001016127
25113,,[107497],E100000131142,E100001015587
25145,100.0,[107532],E100000131066,E100001016132
25100,12.0,[],E100001012503,E100000132388
25176,19.97,[11595],E100001010136,E100001015587
25160,81.85,[107555],E100000120493,E100001015587
25112,,[107497],E100000131142,E100000000563
25090,100.0,[107453],E100001000711,E100001016115
25121,,"[107513, 107514]",E100001012119,E100000130963
25095,4.87,"[107455, 5706]",E100001000500,E100001015587
20551,,[6651],E100000130802,E100000000657
25134,49.99,[107524],E100001010123,E100001010671
20548,64.18,"[6651, 107520, 107522]",E100000130802,E100001010196
25123,68.84,[],E100000000657,E100001015587
25281,100.0,[107718],E100000131060,E100000136946
25104,0.49,[5713],E100001000499,E100000123261
25129,,[],E100001012121,E100000123261
25110,60.0,[107495],E100000130833,E100001016122
25142,21.9,[107532],E100001000384,E100001015587
22213,100.0,[11736],E100001011213,E100001000197
25174,38.4,[107579],E100001010315,E100001015587
25173,26.5,[107579],E100001010315,E100001016140
25172,25.1,[107579],E100001010315,E100001016139
25103,49.0,[107489],E100001012220,E100001016121
25147,100.0,[107532],E100001016133,E100001000384
25162,100.0,[107558],E100001016134,E100001016135
25165,100.0,"[6761, 107560]",E100000130933,E100001016135
25108,43.88,[107493],E100000130846,E100000123261
25109,56.12,[107493],E100000130846,E100001015587
20447,30.0,[6495],E100000003277,E100001010313
25146,100.0,[107532],E100001016132,E100001016133
25168,,[107562],E100001016137,E100001016135
25132,,[107523],E100001012227,E100001015587
25093,,[107454],E100001016116,E100001016117
25156,20.0,[107550],E100001010146,E100001011774
25116,,"[107499, 107500]",E100000003676,E100000132388
25114,,"[107499, 107500]",E100000003676,E100001016123
23598,,"[6733, 107581]",E100000003954,E100001010315
25138,12.82,[107524],E100001010123,E100001015587
25144,100.0,[107534],E100000130947,E100001016131
25149,22.97,[107535],E100000002088,E100001015587
25177,60.45,[107583],E100000000692,E100000123261
25111,40.0,[107495],E100000130833,E100000132388
25122,80.09,[107512],E100000000643,E100001015587
13379,,[107528],E100000003270,E100000003335
1125,,"[1899, 107528, 107529]",E100000003270,E100000001015
25143,100.0,[107533],E100001016131,E100001000930
25107,4.72,[],E100000002380,E100000132388
25094,,[107454],E100001016117,E100000001319
25166,100.0,[107560],E100001016136,E100000131085
25128,80.8,[6353],E100000000652,E100001015587
25279,2.48,[107715],E100000130734,E100001015587
25154,67.33,[],E100000130691,E100001015587
25158,8.15,[107553],E100000120493,E100001010595
25159,10.0,[107554],E100000120493,E100001000348
13365,6.48,[107512],E100000000643,E100001000179
25092,,[107454],E100001016115,E100001016116
25157,80.0,"[107550, 107551]",E100001010146,E100001015587
25127,5.1,[6353],E100000000652,E100001000179
25137,12.45,[107524],E100001010123,E100000123261
25170,,[107560],E100001016135,E100001016136
13380,,[107528],E100000003270,E100001010146
25155,,"[107543, 107544]",E100000131094,E100001015587
25280,100.0,[],E100000131146,E100000123261
21437,5.86,[7160],E100001010124,E100001010672
25139,7.81,[7160],E100001010124,E100000123261
25135,7.5,[107524],E100001010123,E100001016129
25096,2.92,[107455],E100001000493,E100001015587
25171,45.0,[107561],E100000131125,E100001016137
25167,55.0,[107561],E100000131125,E100001016136
25148,77.03,[107535],E100000002088,E100000123261
25101,50.0,[],E100001012220,E100000123261
25126,,[],E100000130963,E100000123261
25125,68.94,[5685],E100000000651,E100001015587
25130,,[107523],E100001016128,E100000123261
25097,,[],E100000000860,E100000123261
25136,7.0,[107524],E100001010123,E100001016130
25140,29.85,[7160],E100001010124,E100001015587
25164,,"[107560, 107557]",E100000130739,E100001016135
25117,46.5,[107506],E100001000178,E100001016125
25131,97.73,[107523],E100001012227,E100001016128
25178,,[107583],E100000000692,E100001015587
25115,,"[107499, 107500]",E100000003676,E100001016124
25152,,[107537],E100000131043,E100000124668
25099,0.15,[107455],E100001000497,E100001015587
25098,,[107484],E100000000860,E100001015587
25175,0.03,[11595],E100001010136,E100000123261
25118,33.5,[107506],E100001000178,E100001000382
25119,10.0,[107506],E100001000178,E100001011617
25264,,[],E100000130859,E100000123261
25275,,[],E100001016172,E100000123261
25212,,[],E100000000614,E100000123261
25206,100.0,[107595],E100001016148,E100001010018
25240,100.0,[107666],E100001012115,E100001016162
25180,6.0,[],E100000130812,E100000132388
25182,15.3,[107588],E100001010271,E100001016142
25201,2.08,[107595],E100001010157,E100001015587
25205,100.0,[107595],E100001010180,E100001016148
25203,,[107600],E100000131132,E100001016147
25192,53.15,[],E100001000516,E100001015587
25278,2.46,[107714],E100000130736,E100001015587
25181,,[107587],E100001016141,E100000131000
25271,61.72,[107704],E100000130717,E100000130718
25266,26.1,[],E100001010067,E100000132388
25213,100.0,[107611],E100001010178,E100001016150
25211,,[107606],E100000130695,E100001015587
25196,25.09,[],E100000121408,E100000132388
25251,70.0,"[107686, 107688]",E100000000889,E100001016163
25191,26.51,[],E100001000703,E100001015587
25217,64.0,"[107616, 107617]",E100000130767,E100000130974
25260,49.57,[],E100000130713,E100001015587
25183,11.24,[107588],E100001010271,E100001016143
25184,,[107588],E100001010271,E100001015587
25250,,"[107685, 107686]",E100001016163,E100000000888
25208,76.42,[],E100000130792,E100000123261
25242,50.0,[107676],E100000120116,E100001010888
25265,26.17,[6363],E100001010111,E100000131002
25248,79.0,[107681],E100000004212,E100001015587
25267,100.0,[107699],E100000131002,E100001016169
25231,21.86,"[107662, 107663]",E100001010265,E100001016157
25187,6.0,[],E100000130897,E100000132388
25270,,"[107702, 107703]",E100000130838,E100001016170
25202,100.0,[107595],E100001010179,E100001016146
25215,,"[107613, 107614]",E100000130898,E100001016151
25193,61.57,[],E100001010018,E100001015587
25276,88.9,[107712],E100000130737,E100001016172
25210,,[],E100000130695,E100000123261
25209,13.89,[107605],E100000130792,E100001016149
25220,,[],E100000131009,E100000123261
25269,100.0,[],E100000000647,E100001015587
25252,6.5,[107690],E100000001817,E100001016164
25245,6.5,[107679],E100000130754,E100001014573
25198,7.04,[107596],E100001010196,E100000000651
25256,78.33,[],E100000001817,E100001015587
25197,7.07,[107596],E100001010196,E100001016145
25204,,[],E100001000568,E100000123261
25219,28.56,[107620],E100000130767,E100000131005
25247,69.29,[],E100000130754,E100001015587
25244,10.81,[107678],E100000130754,E100001010595
25246,13.4,[107680],E100000130754,E100001000348
25234,17.54,"[107664, 107663]",E100001016157,E100001010263
25255,9.29,[107692],E100000001817,E100001011758
25194,16.72,"[6390, 110170]",E100001010155,E100001016144
25195,1.24,[],E100001000530,E100000132388
25230,15.35,[107661],E100000130703,E100001016156
25268,100.0,[107700],E100000131172,E100001010146
25233,6.11,[107661],E100000130703,E100001016159
25232,14.18,[107661],E100000130703,E100001016158
25188,96.5,[107593],E100001000520,E100001000397
25229,6.86,[107661],E100000130703,E100001016155
25257,6.7,[107693],E100000130713,E100001016166
25102,1.0,[107489],E100001012220,E100001016120
25235,6.11,[107661],E100000130703,E100001016160
25236,5.68,[107661],E100000130703,E100001016161
25216,,[],E100000131005,E100000123261
25228,16.83,[],E100000130703,E100000123261
25253,100.0,[107686],E100000130924,E100000001358
25237,28.88,[],E100000130703,E100001015587
25258,11.81,[107694],E100000130713,E100001016167
25249,,[],E100001010311,E100000123261
25259,31.92,[107694],E100000130713,E100000123261
25263,,[107695],E100000130746,E100001015587
25214,,[107611],E100001016150,E100001010018
25254,5.88,[107691],E100000001817,E100001016165
25223,94.87,[107629],E100000130877,E100000130751
25277,,[],E100000131074,E100000123261
25262,8.92,[107695],E100000130746,E100001016168
25227,83.38,[107631],E100000130689,E100001015587
25179,94.0,"[6659, 107586]",E100000130812,E100001016141
25186,94.0,"[6729, 107592]",E100000130897,E100001016141
25239,11.81,[],E100001010262,E100000123261
25200,5.24,[107595],E100001010157,E100001010018
25243,,[],E100001010888,E100001001130
25273,30.88,[],E100000130717,E100001015587
25238,34.16,"[107665, 107670]",E100001010263,E100001010265
25272,7.4,[107704],E100000130717,E100001000730
25199,11.63,[107596],E100001010196,E100000123261
25207,20.8,[6476],E100001010276,E100001010277
25222,5.13,[],E100000130877,E100001015587
25261,23.49,[],E100000130746,E100000123261
4102,5.93,[6390],E100001000516,E100001000521
25224,6.49,[107631],E100000130689,E100001000348
25226,5.07,[107631],E100000130689,E100001010595
25355,,[107845],E100000130849,E100001015587
25296,,[],E100001010335,E100000123261
25295,,[107727],E100000130851,E100001015587
25366,100.0,[107908],E100000131199,E100001016207
25328,,[107815],E100000001058,E100000123261
25293,48.52,[],E100001016179,E100000123261
25322,5.43,[107811],E100000131173,E100001016194
25323,14.52,[],E100000131173,E100000123261
25331,14.88,[],E100001000597,E100000123261
25311,11.59,[107805],E100000130723,E100001016191
25312,9.87,[107805],E100000130723,E100001016192
25313,6.96,[],E100000130723,E100000123261
25344,,[],E100001013041,E100000123261
25310,35.49,[107805],E100000130723,E100001016190
25318,8.6,[107809],E100000130709,E100001000178
25319,5.0,[107809],E100000130709,E100000000651
25305,9.93,[107798],E100000130714,E100001000730
25306,8.71,[107798],E100000130714,E100000000643
25307,8.7,[],E100000130714,E100000123261
25348,20.13,[107845],E100000130849,E100001016200
25314,36.09,[],E100000130723,E100001015587
25317,17.5,[107809],E100000130709,E100000000652
25365,100.0,[107866],E100000130871,E100001010323
25340,80.23,"[107834, 107836]",E100000130815,E100001012892
25326,,[107813],E100000130708,E100001015587
25342,91.88,[107833],E100001012892,E100001016199
25298,10.37,"[107737, 107789]",E100000130722,E100001016180
25333,33.17,[],E100001000589,E100000123261
25334,20.62,[],E100001000589,E100001015587
25297,,[],E100000130722,E100000123261
25283,27.98,"[107721, 108407]",E100000121405,E100001016173
25282,23.56,"[107721, 108407]",E100000121405,E100001016174
25285,9.0,"[107721, 108407]",E100000121405,E100001016176
25301,,[],E100000131027,E100000123261
25360,,"[107856, 107858, 107859]",E100000130960,E100001000274
25338,37.82,[107831],E100000130966,E100001016197
25324,80.05,[],E100000131173,E100001015587
25358,100.0,[],E100000131187,E100000123261
25337,55.67,"[107829, 107830]",E100001012097,E100001016196
25371,53.78,[],E100000130710,E100001015587
25325,65.85,[107813],E100000130708,E100000000652
25141,78.1,"[107531, 107532]",E100001000384,E100001015848
25300,,[],E100001016181,E100001015587
25335,82.5,[107824],E100000130728,E100000130726
25339,44.33,"[107829, 107830]",E100001012097,E100001016198
25332,62.51,[],E100001000597,E100001015587
25315,100.0,"[107806, 107805]",E100000130959,E100000130719
25357,53.3,[107854],E100000130937,E100001016205
25308,,[],E100001016189,E100000123261
25320,68.9,[],E100000130709,E100001015587
25363,28.38,[107862],E100001010324,E100001016206
25362,,[107861],E100000131077,E100000000543
25346,19.77,[],E100000130815,E100000132388
25364,,[107862],E100001010324,E100001015587
25304,30.28,[107798],E100000130714,E100001016189
23602,100.0,[107866],E100000130951,E100001010324
25302,,[],E100000131127,E100000123261
25350,19.5,[107845],E100000130849,E100000186116
25351,17.5,[107845],E100000130849,E100001016202
25284,9.0,"[107721, 108407]",E100000121405,E100001016175
25352,15.66,[107845],E100000130849,E100000130881
25354,5.49,[107845],E100000130849,E100001016203
25359,,[],E100000130937,E100000132388
25341,86.47,"[6683, 107834]",E100000130836,E100001012892
25345,14.53,[],E100000130836,E100000132388
25316,87.48,[107745],E100001016181,E100001000095
25377,43.31,[107911],E100001000728,E100001016213
25349,6.76,[107844],E100000130711,E100001000178
25378,12.5,[107911],E100001000728,E100000000650
25303,,[],E100000130852,E100000132388
25361,26.8,[107860],E100000131077,E100000000561
25375,39.06,[107910],E100000130701,E100001016212
25347,9.2,[107844],E100000130711,E100000000651
25353,10.29,[107844],E100000130711,E100001016201
25372,18.54,[],E100000130701,E100000123261
25374,17.79,[107910],E100000130701,E100001016211
25376,17.14,[],E100000130701,E100001015587
25373,7.47,[107910],E100000130701,E100001016210
25356,73.75,[],E100000130711,E100001015587
25294,51.81,[107727],E100000130851,E100001016179
25336,,[],E100000130728,E100000132388
25343,8.12,[],E100001012892,E100000132388
25321,62.57,[107810],E100000130688,E100001016132
25367,23.89,[107909],E100000130710,E100001016208
25368,7.76,[107909],E100000130710,E100000000652
25369,7.68,[107909],E100000130710,E100001000178
25370,6.89,[107909],E100000130710,E100001016209
25289,81.39,[],E100001010596,E100001015587
25288,12.01,[107720],E100001010596,E100001010595
25287,6.6,[107719],E100001010596,E100001015644
25407,,[107961],E100000130696,E100001015587
25453,,[],E100001016247,E100000123261
25400,,[107936],E100000130888,E100001016223
25457,7.5,[108015],E100001000919,E100000120035
25438,,[107998],E100001016240,E100001015587
25424,100.0,[],E100001011472,E100000123261
25445,,[108001],E100000130718,E100001015587
25393,,[107927],E100000130752,E100001015587
25455,,[108011],E100000131118,E100001016248
25397,,[107933],E100001016223,E100001016222
25434,,"[107996, 116297]",E100000130777,E100001016239
25391,100.0,[],E100001010756,E100000123261
25420,,"[107990, 107991]",E100001012077,E100001016234
25466,69.82,[],E100001016255,E100001015587
25405,100.0,[107960],E100001016231,E100000001640
25442,,[],E100000000666,E100000123261
25447,34.19,[],E100001010280,E100000123261
25443,,[108000],E100000131096,E100001016242
25404,48.57,[107959],E100000130768,E100001016230
19258,16.0,[6119],E100000126095,E100000128166
25417,,"[107990, 107991]",E100001012077,E100001016233
25418,,"[107990, 107991]",E100001012077,E100000000436
25459,100.0,[],E100000130876,E100000123261
25385,,[],E100000130786,E100000132388
25463,,"[108033, 108034]",E100000130779,E100001016253
25440,15.73,[],E100000000134,E100000123261
25441,,[107999],E100000000134,E100001015587
25396,,[107933],E100000131054,E100001016223
25408,53.07,[107963],E100000130712,E100000000652
25450,48.93,[],E100001012134,E100001015587
25437,44.79,[],E100000130854,E100000123261
25460,19.29,[108025],E100000130743,E100001016252
25412,26.68,[107988],E100000130707,E100000000652
25421,21.14,[],E100000130853,E100001015587
25390,,[107923],E100000130735,E100001016220
25392,58.13,"[107927, 107929]",E100000130752,E100001016221
25435,31.19,[107997],E100000130854,E100000120118
25415,15.14,[],E100000130707,E100000123261
25416,,[107988],E100000130707,E100001015587
25382,44.64,[],E100001000479,E100001015587
25414,6.26,[107988],E100000130707,E100001000178
25389,24.13,[],E100000130721,E100001015587
25388,5.9,[107919],E100000130721,E100001016219
25425,85.61,[],E100000121137,E100001015587
25387,20.57,[107919],E100000130721,E100001016218
25383,4.51,[],E100000130900,E100001015587
25423,41.53,[],E100001000460,E100000123261
25467,33.3,[108045],E100001000179,E100001016255
25451,,[],E100000130780,E100000123261
25401,,[],E100001016229,E100000123261
25409,6.94,[107963],E100000130712,E100001000178
25410,5.94,[107963],E100000130712,E100001000179
25411,,[107963],E100000130712,E100001015587
25419,,"[107990, 107991]",E100001012077,E100000137032
25431,,[107995],E100000131151,E100001016236
25446,22.82,[108003],E100001010280,E100001016243
25427,,[107993],E100000131103,E100001000321
25429,10.96,[107994],E100000130730,E100001016235
25430,5.47,[107994],E100000130730,E100001016237
25432,5.18,[107994],E100000130730,E100001016238
25403,,[107957],E100001011644,E100000130768
25428,38.15,[],E100000130730,E100000123261
25452,28.19,[],E100000130720,E100000123261
25426,14.39,[],E100000121137,E100000123261
25464,,[108042],E100001012191,E100001016254
25394,,[107930],E100001000665,E100001015587
25398,,[107934],E100000131051,E100001016222
25379,44.19,[],E100001000728,E100001015587
25395,,[107931],E100000130781,E100001016222
25456,12.77,[108015],E100001000919,E100001016250
25406,15.5,[107961],E100000130696,E100001016231
25448,10.9,[108003],E100001010280,E100001000730
25449,5.05,[108003],E100001010280,E100001016244
25439,23.57,[107999],E100000000134,E100001016240
25468,27.0,[108045],E100001000179,E100000134222
19256,0.33,[6119],E100000126095,E100000001753
25458,79.73,[],E100001000919,E100001015587
25413,100.0,[107989],E100001012175,E100001016232
25436,24.02,[107997],E100000130854,E100001016241
25469,16.7,[108045],E100001000179,E100001016256
25454,5.87,[108009],E100000130720,E100001016247
25386,49.4,[107919],E100000130721,E100001016217
25402,,"[107954, 107955]",E100000131198,E100001016229
25399,,[107935],E100000130864,E100001016222
25384,92.6,"[107918, 6634]",E100000130786,E100001016216
25470,8.0,[108045],E100001000179,E100000133542
25471,5.0,[108045],E100001000179,E100001016257
25380,42.1,[107914],E100001000479,E100001016214
25381,13.26,[107914],E100001000479,E100001016215
25444,68.45,[],E100000130718,E100000123261
25433,40.24,[],E100000130730,E100001015587
25422,78.86,[],E100000130853,E100000123261
25462,5.71,[],E100000130743,E100000123261
25461,75.0,[108025],E100000130743,E100001015587
25530,20.51,[108125],E100000131101,E100001016282
25532,18.81,[],E100000131101,E100001015587
25518,50.39,[],E100000130987,E100001015587
25531,16.99,[108125],E100000131101,E100001016283
25488,,[108071],E100001012093,E100001016267
25517,49.61,[],E100000130987,E100000123261
25477,19.94,[108048],E100000130738,E100001016262
25480,,[108050],E100000131123,E100000123261
25497,8.17,[108080],E100000130702,E100001016271
25475,19.06,[108048],E100000130738,E100001016260
25476,19.0,[108048],E100000130738,E100001016261
25478,10.18,[108048],E100000130738,E100001016263
25479,10.18,[108048],E100000130738,E100001016264
20490,6.29,[6529],E100000001651,E100000001640
25493,,[108076],E100000130936,E100001016269
25515,62.9,[],E100000131012,E100001015587
25511,16.4,[108090],E100000131012,E100001000348
25485,,[],E100000131145,E100000123261
25499,7.52,[108080],E100000130702,E100001016273
25500,7.32,[108080],E100000130702,E100001016274
25555,,[108149],E100001016295,E100001016296
25501,6.42,[108080],E100000130702,E100001016275
25544,,[108138],E100000130886,E100001016289
25498,6.09,[108080],E100000130702,E100001016272
25496,11.26,[108080],E100000130702,E100001010783
25523,17.32,[108119],E100000131174,E100001016278
25524,56.86,[],E100000131174,E100001015587
25502,53.22,[],E100000130702,E100001015587
25522,25.82,[108119],E100000131174,E100001016277
25542,,[],E100001016287,E100000123261
25481,,[108051],E100000131100,E100001016265
25491,,[108075],E100000130995,E100000130693
25567,23.2,[108154],E100001016298,E100001016294
25553,100.0,[],E100001012160,E100001015587
25504,32.18,[],E100000130706,E100001015587
25482,,[],E100001012105,E100000123261
25508,5.42,[108087],E100000130755,E100001010596
25505,26.23,[],E100001010159,E100000123261
25525,100.0,[],E100001012123,E100000123261
25507,9.75,[108086],E100000130755,E100001010595
25509,13.5,[108088],E100000130755,E100001000348
25489,,[6529],E100000001651,E100001015587
6143,6.61,[78827],E100000120686,E100001001119
25535,,[],E100001013029,E100000123261
25506,5.87,[],E100001010159,E100001015587
25559,75.23,[],E100001012762,E100000123261
25503,67.82,[108083],E100000130706,E100001016276
25539,,[],E100001013030,E100000123261
25529,43.69,[108125],E100000131101,E100001016281
25516,,[108116],E100000130923,E100001000281
25543,12.95,[80721],E100000130745,E100001016287
25561,24.77,[],E100001012762,E100001015587
25490,100.0,[108074],E100001010360,E100001000082
25558,,[108150],E100000131034,E100001000099
25483,15.0,[77823],E100000130922,E100001015587
25513,8.1,[108092],E100000131012,E100001014573
25526,,[108121],E100001016279,E100001016280
25514,7.38,[108093],E100000131012,E100001010595
25512,5.22,[108091],E100000131012,E100001010596
25552,77.6,[],E100000001119,E100001015587
25520,8.98,[108118],E100001000737,E100001000178
25521,,[108118],E100001000737,E100001015587
25492,,[108076],E100000130936,E100001016268
25546,,"[108142, 6712]",E100000130874,E100001016290
25557,23.76,[108153],E100001011522,E100001016294
25549,,[],E100001001119,E100000123261
25534,100.0,[],E100001010148,E100000123261
25545,,"[108139, 108140]",E100000131032,E100001016290
25533,,"[108127, 108128]",E100000130841,E100001016284
25494,100.0,"[108077, 108078]",E100000132374,E100001016270
25540,,[],E100001013031,E100000123261
25510,71.33,[],E100000130755,E100001015587
25486,,[],E100000130771,E100000123261
25560,37.53,[108152],E100001016297,E100001016294
25547,,[108143],E100001016291,E100000123261
25551,14.02,[108147],E100000001119,E100001016292
25528,,[108124],E100000000994,E100001016280
25550,8.38,[108147],E100000001119,E100001000348
25548,,[108144],E100000130807,E100001016291
25495,100.0,[108079],E100000130969,E100000130924
25527,,[108122],E100001000536,E100001016279
25519,21.07,[108118],E100001000737,E100000000652
25563,18.16,[108152],E100001016297,E100001011522
25562,9.85,[108152],E100001016297,E100001016295
20493,33.33,[6531],E100001010361,E100000001728
25536,100.0,[],E100000130741,E100001015587
25487,,[],E100000120017,E100000123261
25556,3.41,[108153],E100001011522,E100001016295
25541,100.0,[108136],E100000130893,E100001016288
25565,18.1,[108154],E100001016298,E100001011522
25538,52.0,[108131],E100000131180,E100001016286
25537,48.0,[108131],E100000131180,E100001016285
25554,,[108148],E100000131001,E100001016293
25566,17.9,[108154],E100001016298,E100001016297
25625,,[],E100000130804,E100000123261
25578,15.34,[108152],E100001016297,E100001016299
25615,,[108216],E100001012199,E100001016316
25650,,[],E100001012195,E100000123261
25603,31.1,[],E100001016307,E100000123261
25569,16.45,[108153],E100001011522,E100001016297
25586,,[108188],E100000120118,E100000130854
25633,50.0,[108261],E100000130965,E100000000675
25610,68.63,[108201],E100000130724,E100001015587
25582,,[108169],E100001011520,E100001014931
25585,,[108188],E100000120118,E100001016303
25587,,[],E100000120118,E100000123261
20745,14.3,[6854],E100000131065,E100000130904
25646,100.0,"[108284, 108285]",E100001016333,E100001016334
25584,,[108188],E100000120118,E100001016241
25588,,[108188],E100000120118,E100001015587
25607,,[108199],E100000131018,E100001016310
25661,86.95,[108312],E100000002937,E100001016339
25656,,[],E100000130934,E100000123261
25643,,[],E100000130968,E100000123261
25631,12.85,[108253],E100000130699,E100001016325
25599,40.86,[],E100000130748,E100000123261
25644,,[],E100001012067,E100000123261
25617,,[],E100001012200,E100000123261
4220,12.33,[5800],E100000004126,E100001000733
25612,,[108213],E100001011600,E100000001384
25621,25.0,"[108224, 7811]",E100001010754,E100001000263
4221,5.0,[5800],E100000004126,E100001000734
25638,,[],E100001012056,E100000123261
25600,7.37,[108194],E100000130748,E100001016308
25601,34.77,[108194],E100000130748,E100001015587
25664,22.87,[],E100001000396,E100001015587
25598,17.0,[108194],E100000130748,E100001016307
25574,,[108156],E100000130770,E100001016300
25571,,[108156],E100000130770,E100000130707
25593,71.4,[108192],E100000130756,E100001015587
25630,9.37,[108253],E100000130699,E100001016324
25618,90.03,"[108219, 108222]",E100000130731,E100001010270
25609,31.37,[108201],E100000130724,E100001016312
25632,6.71,[108253],E100000130699,E100000131685
25596,1.0,[108193],E100001012226,E100001016306
25597,0.1,[],E100001012226,E100000123261
25619,,[],E100001016317,E100000123261
25614,3.45,"[76774, 108214]",E100001000652,E100001016314
25602,18.26,[108195],E100001016307,E100001016309
25590,11.25,[108192],E100000130756,E100001015833
25591,9.44,[108192],E100000130756,E100001015832
25623,99.99,[108245],E100000131070,E100001016320
25652,68.96,[],E100001011285,E100000123261
25577,16.35,[108152],E100001016297,E100001016298
25629,12.36,[108253],E100000130699,E100001016323
25616,67.0,[108217],E100001016316,E100001012199
25660,100.0,[108312],E100001011287,E100001016339
25626,4.89,[108253],E100000130699,E100001016321
25589,100.0,[108191],E100000130775,E100000130756
25613,,[108213],E100001011600,E100001016313
25581,,[108160],E100000131175,E100001016302
25654,,[108293],E100000130831,E100001016336
25651,100.0,[],E100000131099,E100000123261
25606,,[],E100000131018,E100000123261
25575,7.4,[108154],E100001016298,E100001016299
25634,25.0,[108261],E100000130965,E100001000958
25665,51.87,[],E100001000761,E100000123261
25635,10.0,[108261],E100000130965,E100001016326
25636,10.0,[108261],E100000130965,E100001016328
25637,5.0,[108261],E100000130965,E100001016329
25624,0.01,[108245],E100000131070,E100001010330
25648,,[108288],E100000131049,E100000120164
25627,100.0,[108252],E100001016321,E100001001022
25647,,[108286],E100000130929,E100001016333
25657,,[108295],E100000131058,E100001016337
25608,,[108200],E100000131135,E100001016311
25639,,[108277],E100000130991,E100001016332
25604,,[],E100000131041,E100000123261
25653,31.04,[],E100001011285,E100001015587
25640,,[],E100000130782,E100000123261
25583,,[],E100001011521,E100000123261
25573,,[108156],E100000130770,E100000130709
25658,100.0,[],E100001012213,E100000123261
25659,25.0,[108297],E100001013044,E100001016338
25579,,[108157],E100001016301,E100001016295
25628,18.46,[108253],E100000130699,E100001016322
25649,,[108288],E100000131049,E100001016335
25620,72.22,"[108223, 108224, 7811]",E100001010754,E100001016317
25641,,[108279],E100001012202,E100001012203
25611,63.09,[74933],E100000120672,E100001015587
25594,100.0,[],E100001016305,E100000123261
25642,,[108280],E100000130705,E100001012152
25580,100.0,[108153],E100001016294,E100001016301
25662,,[],E100000002937,E100000132388
25655,,[],E100000130970,E100000123261
25595,98.9,[108193],E100001012226,E100001016305
25645,100.0,[108283],E100000131014,E100001016333
25663,11.0,[108315],E100001000396,E100001000520
25622,,[],E100001012702,E100000123261
25570,14.74,[108153],E100001011522,E100001016298
25568,6.6,[108154],E100001016298,E100001016295
25681,,[],E100001013749,E100000132388
21141,10.16,[6988],E100000120560,E100001010420
25668,5.0,"[108319, 5922]",E100001000945,E100001000903
25666,8.73,[108318],E100001000761,E100001016340
1729,100.0,"[2528, 6061, 108347]",E100000003875,E100000000433
25725,100.0,"[108391, 108392]",E100000131311,E100001016354
25686,5.07,[107417],E100001000348,E100001015833
24528,56.66,[106878],E100000153028,E100001000397
24530,32.03,[106878],E100000153028,E100001015587
25679,72.48,[],E100000132284,E100001015587
24529,11.31,[106878],E100000153028,E100001000520
25671,36.86,[],E100001000558,E100000123261
25711,92.19,"[108367, 108368]",E100001013474,E100001000516
25680,,[],E100000131497,E100000132388
20924,25.0,"[108353, 108423]",E100000131987,E100000001237
25692,72.6,[],E100000000433,E100001015587
4038,5.73,[5685],E100000000651,E100001000179
25712,3.5,[],E100001013230,E100001015587
25693,12.0,[],E100000000433,E100000123261
25710,,[108366],E100001010639,E100001016347
25723,100.0,[6505],E100001000532,E100001001102
25718,22.27,[],E100001000686,E100001015587
25697,69.02,[],E100001000400,E100001015587
25038,83.34,[6376],E100000000953,E100001015587
25674,36.29,[],E100001000558,E100001015587
25667,39.4,[],E100001000761,E100001015587
25727,51.3,"[108403, 108404]",E100001000825,E100001000613
25708,2.92,[108361],E100001010638,E100001015587
25730,3.33,[],E100001013345,E100001015587
25677,7.66,[108325],E100000132284,E100000000018
25678,6.24,[108325],E100000132284,E100001016343
25034,2.12,[],E100001000439,E100000123261
25676,13.62,[108325],E100000132284,E100001010573
25736,47.92,[],E100000000656,E100001015587
25732,,[],E100001016358,E100000120311
25700,11.47,[108357],E100000002169,E100001015832
25690,100.0,[108344],E100001000533,E100001001102
25699,12.49,[108357],E100000002169,E100001015833
25669,1.0,[],E100001000944,E100001015587
25695,5.19,[108350],E100001000400,E100001000901
25684,2.09,[],E100001000520,E100000123261
25714,21.03,[7981],E100001000522,E100001015587
25691,20.72,[],E100000001918,E100001015587
25745,49.35,[],E100000000650,E100001015587
25672,11.46,[108322],E100001000558,E100001016341
25696,9.93,[],E100001000400,E100000123261
4784,25.94,[108376],E100000120627,E100000001935
25698,32.0,[108354],E100000131854,E100001016346
25687,16.93,[108343],E100001016255,E100001000178
25683,22.36,[108332],E100001000440,E100001015587
25713,47.27,[],E100000001940,E100001015587
25747,2.5,[],E100001000884,E100001015587
25709,7.0,[],E100001000779,E100001015587
23349,100.0,"[98795, 98796, 108319]",E100001013688,E100001000761
4265,5.0,[5833],E100001000779,E100000000652
25722,10.0,[],E100001000179,E100001015587
25735,,[108409],E100000132624,E100000001870
25704,87.09,[],E100001000407,E100001015587
25707,7.0,[],E100001000780,E100001015587
25721,0.29,[],E100000120627,E100001015587
25072,33.64,[],E100001000663,E100001015587
25670,0.67,"[5922, 108319]",E100001000943,E100001015587
25717,10.08,[],E100001000686,E100000123261
25731,30.46,[],E100000121405,E100001015587
21142,9.65,[6988],E100000120560,E100001000520
25719,5.16,[],E100000120560,E100000123261
25742,51.92,[],E100000000649,E100001015587
25694,100.0,[108349],E100001010375,E100001016345
25733,27.3,[],E100000000656,E100000123261
25726,100.0,[],E100001016355,E100001016356
25705,,"[108359, 108360]",E100001016347,E100000000860
25701,76.04,[108357],E100000002169,E100001015587
25689,6.84,[],E100001016255,E100000123261
25716,40.86,[],E100000001926,E100001015587
25734,,[108409],E100000132624,E100000000388
25739,57.69,[],E100000001237,E100001015587
25702,7.49,[],E100000000388,E100000123261
25715,2.64,[],E100000001926,E100000123261
25703,75.64,[],E100000000388,E100001015587
25740,9.04,[108410],E100000001237,E100001016127
25738,11.88,[],E100000001237,E100000123261
25729,5.0,"[108405, 108406]",E100001000885,E100001016357
25746,100.0,[108420],E100000131958,E100000000506
25744,9.78,[5786],E100000000650,E100001016127
25741,18.91,[],E100000000649,E100000123261
25706,97.08,[108361],E100001010638,E100001016347
25743,19.6,[],E100000000650,E100000123261
25737,,[108409],E100000121093,E100001016358
25728,,[],E100001013330,E100000132388
25327,9.67,[107814],E100001000597,E100001000178
25329,7.27,[107814],E100001000597,E100000000652
25330,5.67,[107814],E100001000597,E100001000179
25724,100.0,"[108389, 108390]",E100001016354,E100000002169
25720,59.45,[],E100000120560,E100001015587
25685,1.41,[],E100001000520,E100001015587
4435,100.0,"[5922, 108319]",E100001000902,E100001000903
25797,,"[108539, 108541]",E100001016214,E100000121514
25769,1.8,[7039],E100001010569,E100001016365
25778,100.0,"[5904, 108504, 108510]",E100001000887,E100001000402
25827,,[],E100001013614,E100000132388
25748,,[],E100001000577,E100000123261
25820,100.0,[108562],E100001016382,E100001010381
25803,44.56,[],E100001000668,E100001015587
25760,,[],E100001013540,E100000132388
25788,100.0,[6204],E100001001132,E100001016373
25816,33.47,[108565],E100000131973,E100001015587
25826,100.0,[108572],E100001010115,E100001010113
25823,7.5,"[6955, 6953]",E100001010388,E100001013231
25787,4.93,[],E100001001148,E100001015587
21265,15.2,[7039],E100001010569,E100001010571
25763,,[108464],E100001016362,E100001015677
23281,65.0,"[97733, 108460]",E100001013540,E100001000537
25804,9.03,"[108557, 108558]",E100001000488,E100001016377
25798,,[108542],E100001016215,E100000121514
22022,100.0,"[11437, 108530]",E100000120122,E100000003740
25792,1.0,"[108531, 108430]",E100000132340,E100001010627
25753,100.0,"[108430, 108431, 108432]",E100001010670,E100000002088
25755,25.04,[],E100001001049,E100001015587
25835,90.9,[108590],E100001010337,E100001015587
21165,13.68,[6997],E100000131973,E100001010427
25811,33.53,[108562],E100001010381,E100001015587
25818,63.93,[],E100000131509,E100001015587
25789,100.0,[6204],E100001016373,E100001001134
25785,0.13,[],E100001001143,E100000123261
25807,50.0,"[108556, 108430]",E100001010626,E100001016378
25814,48.48,[],E100000000014,E100001015587
21194,5.17,[108567],E100000131509,E100001010429
25773,100.0,"[108493, 108494]",E100001016371,E100001000273
25802,100.0,"[108546, 108548]",E100000000517,E100000131638
25799,55.3,"[108430, 108547]",E100001010623,E100000003740
25786,34.73,[],E100001001143,E100001015587
25817,2.45,[],E100000131509,E100000123261
25781,100.0,[108520],E100001010401,E100001000083
25837,6.9,[108592],E100000000015,E100001000348
25750,100.0,"[108350, 5869, 108422]",E100001000818,E100001016360
25828,100.0,[99023],E100001013786,E100001013787
25768,44.95,[],E100000001471,E100000123261
25754,6.45,[],E100001001049,E100000123261
25812,0.39,[],E100000140514,E100000123261
25813,25.24,[],E100000140514,E100001015587
25782,74.0,[108521],E100001000669,E100000131638
25771,100.0,[108486],E100000003740,E100000001471
25790,,[],E100001001147,E100000132388
25765,99.99,[108464],E100000120993,E100001015677
25764,,[108465],E100001000405,E100001016362
25780,100.0,[108516],E100001011211,E100000120510
25793,51.0,"[108532, 108533]",E100000132387,E100001016374
25767,23.13,[108466],E100000001471,E100001015587
25751,51.0,[100830],E100001000778,E100001000781
25822,100.0,[108562],E100001016383,E100001010381
25836,100.0,[108591],E100001010427,E100001016390
25758,,[],E100000132087,E100000123261
25762,33.1,[108462],E100001013817,E100001015587
25801,25.2,"[108430, 108547]",E100001010623,E100000001471
25757,37.48,[],E100000000530,E100001015587
25800,19.5,"[108430, 108547]",E100001010623,E100001010627
25805,90.97,[],E100001000488,E100001015587
25783,18.22,[],E100001000669,E100000123261
25784,7.78,[],E100001000669,E100001015587
21252,33.0,"[7033, 100830]",E100001000577,E100001000407
25808,,[108561],E100001010429,E100001016380
25815,0.23,[],E100000000014,E100000123261
25830,77.0,[108583],E100001016386,E100001010337
25777,71.09,[],E100001000402,E100001015587
25776,13.2,[108501],E100001000402,E100001000348
25779,100.0,"[108504, 108514]",E100001000874,E100001000879
25774,10.21,[108499],E100001000402,E100001010595
25829,100.0,[108583],E100001010340,E100001016386
25775,5.5,[108500],E100001000402,E100001014573
25833,100.0,[108583],E100001016389,E100000129143
25791,99.0,"[108531, 108430]",E100000132340,E100000120122
20925,22.05,"[108353, 108423]",E100000131987,E100000000953
21161,6.09,[108562],E100001010381,E100001010430
25821,7.5,"[6955, 108571]",E100001010388,E100001016383
25819,70.0,"[6955, 108571]",E100001010388,E100001016382
25824,5.0,"[108571, 6955]",E100001010388,E100001016384
25825,2.5,[],E100001010388,E100001015587
25761,,[],E100001013205,E100000132388
25809,5.12,[108562],E100001010381,E100001016381
25759,0.73,[],E100001000537,E100001015587
25810,0.5,[],E100001010381,E100000123261
25831,20.0,[108583],E100001016386,E100000000652
25832,3.0,[108583],E100001016386,E100000000953
25770,17.6,"[6208, 108485]",E100000000336,E100001015587
25752,100.0,[5864],E100001010392,E100001000400
25806,,[1710],E100001016379,E100000001214
25834,9.1,"[108583, 108590]",E100001010337,E100001016389
20837,100.0,"[6953, 108562]",E100001010386,E100001010381
25838,12.75,[6486],E100000121261,E100001016391
15404,19.86,[6119],E100000129190,E100000129105
25842,6.3,[108594],E100000000015,E100001016392
25839,5.36,[108593],E100000000015,E100001010595
8279,49.0,[6119],E100000003923,E100000123614
25870,,[],E100001016405,E100000123261
25840,2.21,[],E100000121261,E100000123261
25843,5.08,[108594],E100000000015,E100001010596
25877,41.99,[],E100000000512,E100000123261
25844,,[108596],E100000000015,E100001015587
25857,44.7,[],E100001000774,E100001015587
25888,4.8,[],E100001010097,E100000123261
25890,99.07,[6343],E100001010092,E100001016410
25893,0.93,[],E100001010092,E100000132388
25898,20.06,[],E100001010288,E100001015587
25850,19.0,[108605],E100000131407,E100001016394
25894,94.97,[6343],E100001010094,E100001016411
25895,5.03,[],E100001010094,E100001015587
25865,49.97,"[108430, 108619]",E100001000871,E100001016402
25866,40.0,"[108430, 108619]",E100001000871,E100001016403
25851,,[],E100000131407,E100000132388
25864,9.99,"[108430, 108619]",E100001000871,E100001016401
25867,0.03,[108430],E100001000871,E100001016404
15406,5.87,[6119],E100000129190,E100000129188
15403,2.94,[6119],E100000129190,E100000001753
16785,36.0,[6119],E100000127378,E100000123261
16784,3.0,[6119],E100000127378,E100000001753
25852,30.81,[108609],E100001000774,E100001016396
25892,0.98,[],E100001016410,E100000132388
25878,11.6,[],E100000000512,E100001015587
25853,12.55,[108609],E100001000774,E100001010403
25902,100.0,[108659],E100000132349,E100001000513
25882,40.1,[],E100001010084,E100001015587
25858,100.0,[108616],E100000133945,E100001000088
25872,40.0,[108630],E100000131652,E100001016406
25854,6.15,[108609],E100001000774,E100001016397
25855,5.69,[108609],E100001000774,E100001016398
25856,0.1,[],E100001000774,E100000123261
25900,81.0,"[108654, 108655]",E100000132350,E100000131558
25901,19.0,[],E100000132350,E100001015587
25572,1.62,[108153],E100001011522,E100001016299
15944,12.7,[6119],E100000127431,E100000128124
15941,9.36,[6119],E100000127431,E100000123697
9842,41.82,[6119],E100000123225,E100000123900
25868,99.99,"[108620, 108430]",E100001016401,E100001016405
25871,,[],E100001013485,E100000132388
25879,,[],E100000131936,E100000123261
6546,100.0,[6119],E100000122381,E100000000173
25869,0.01,[],E100001016401,E100000123261
7744,100.0,[6119],E100000122345,E100000123466
25880,,[],E100000131936,E100001015587
25881,2.8,[],E100001010085,E100001015587
469,100.0,"[1291, 1292]",E100000002628,E100000001170
25845,50.01,[108600],E100000120301,E100001016391
25756,24.65,[],E100000000530,E100000123261
25863,100.0,[],E100001010875,E100000123261
25883,22.5,[],E100001010083,E100001015587
19590,3.62,[6119],E100000126276,E100000001753
25874,,[],E100001016406,E100000132388
9518,17.55,[6119],E100000123835,E100000124616
25841,28.39,[],E100000121261,E100001015587
9517,6.25,[6119],E100000123835,E100000124617
25896,,[],E100001010167,E100000132388
6159,50.0,"[5828, 6194]",E100001001126,E100001000765
25875,,[],E100000131652,E100000132388
24678,,[107024],E100001015756,E100001015587
9841,12.5,[6119],E100000123225,E100000123901
17078,25.2,[6119],E100000126627,E100000127907
9839,1.72,[6119],E100000123225,E100000001753
17080,16.0,[6119],E100000126627,E100000127941
12269,4.6,[6119],E100000121666,E100000001753
8803,34.0,[6119],E100000122568,E100000123396
25884,51.0,"[108642, 108645]",E100001010087,E100001010084
25885,30.0,"[108645, 108642]",E100001010087,E100001016409
25899,10.0,[108653],E100001010287,E100000000656
23266,22.06,"[98377, 109022]",E100001013499,E100000131353
25886,12.0,[],E100001010087,E100001015587
9959,49.0,[6119],E100000123917,E100000124656
17198,31.2,[6119],E100000127964,E100000128484
20035,49.0,[6119],E100000128696,E100000129001
25862,72.93,"[108617, 114620]",E100000000927,E100001015587
25904,,[2100],E100000003487,E100000001202
25903,,"[108727, 82004, 2100]",E100000003487,E100000003431
25859,100.0,[108616],E100001010403,E100001000088
25848,25.94,[],E100000120301,E100001015587
25847,19.2,[108600],E100000120301,E100001016393
25846,4.85,[],E100000120301,E100000123261
25889,30.1,[],E100001010097,E100001015587
25887,6.1,[108647],E100001010097,E100001010573
8801,2.0,[6119],E100000122568,E100000001753
17385,37.0,[6119],E100000126489,E100000127986
11741,18.0,[6119],E100000124104,E100000124873
11738,10.01,[6119],E100000124104,E100000124874
11740,10.0,[6119],E100000124104,E100000124876
25849,46.43,[],E100001000519,E100001015587
25860,18.74,"[108617, 114620]",E100000000927,E100001010403
3552,10.0,[5191],E100001000164,E100001000166
9585,2.0,[6119],E100000125365,E100000001753
24355,50.0,[106648],E100001015444,E100000000262
19857,10.0,[6119],E100000130031,E100000130122
25873,51.0,[108630],E100001016406,E100001016407
19858,10.0,[6119],E100000130031,E100000130123
7176,5.0,[6119],E100000122274,E100000123396
24848,7.99,[107191],E100001015905,E100001015909
24849,5.27,[107191],E100001015905,E100001015910
19542,5.98,[6119],E100000124940,E100000128991
19540,0.38,[6119],E100000124940,E100000001753
25891,99.02,[6343],E100001016410,E100001010087
18358,10.0,[6119],E100000129433,E100000129831
6678,24.0,[6119],E100000002591,E100000123295
23089,35.0,"[80923, 80924]",E100001013070,E100001010156
13697,15.92,[6119],E100000127408,E100000001753
13699,9.94,[6119],E100000127408,E100000122467
12532,16.02,[6119],E100000122643,E100000124310
12530,4.57,[6119],E100000122643,E100000001753
16136,8.55,[6119],E100000127061,E100000127706
16139,5.0,[6119],E100000127061,E100000126266
25876,46.41,"[108632, 108633]",E100000000512,E100001016408
3490,1.83,"[5139, 11632]",E100001000102,E100000001753
22100,33.33,"[11596, 11597]",E100000000709,E100000000255
17643,100.0,[6119],E100000128430,E100000125963
18906,100.0,[6119],E100000128385,E100000123261
23279,51.0,"[98447, 98448, 98451]",E100001013536,E100001013537
6652,4.0,[6119],E100000124945,E100000001753
13578,0.34,[6119],E100000129148,E100000001753
25794,29.0,"[108532, 108533]",E100000132387,E100001016375
25796,15.0,"[108532, 108533]",E100000132387,E100000132158
25795,5.0,"[108532, 108533]",E100000132387,E100001016376
16450,96.0,[6119],E100000126734,E100000123261
16449,4.0,[6119],E100000126734,E100000001753
7827,25.0,[6119],E100000122370,E100000122607
7829,10.0,[6119],E100000122370,E100000123502
12115,15.0,[6119],E100000121906,E100000124240
12113,3.0,[6119],E100000121906,E100000001753
24420,5.53,[106723],E100001015545,E100001015548
12091,67.0,[6119],E100000121916,E100000121880
12092,33.0,[6119],E100000121916,E100000124233
14791,24.0,[6119],E100000128529,E100000128721
14789,14.0,[6119],E100000128529,E100000128724
14790,14.0,[6119],E100000128529,E100000128725
6249,9.81,[6119],E100000124055,E100000124385
6244,8.55,[6119],E100000124055,E100000124386
6248,7.17,[6119],E100000124055,E100000124387
6250,6.57,[6119],E100000124055,E100000124388
6246,6.0,[6119],E100000124055,E100000124389
18126,5.0,[6119],E100000128538,E100000128826
9721,20.0,[6119],E100000000202,E100000123261
21115,7.01,[6968],E100001010404,E100001000178
19511,5.38,[6119],E100000129085,E100000001753
22522,25.0,"[74717, 74718]",E100001000336,E100000151577
7996,5.0,[6119],E100000123614,E100000124523
7997,5.0,[6119],E100000123614,E100000124525
14399,12.0,[6119],E100000127525,E100000127536
12789,2.0,[6119],E100000125328,E100000001753
25941,45.13,"[108826, 108828]",E100000131832,E100001000930
25909,,[],E100001016419,E100001016421
25905,,[],E100000131547,E100000123261
25919,100.0,[108787],E100001010410,E100001016427
25906,,[],E100000132286,E100000123261
25929,90.54,[108811],E100001000531,E100001016430
25930,9.46,[],E100001000531,E100001015587
25922,38.59,[108805],E100001000694,E100001016428
25923,19.12,[],E100001000694,E100000123261
25911,23.4,[108782],E100000131502,E100001016422
25907,80.0,[],E100000131546,E100000123261
25908,20.0,[108780],E100000131546,E100001016420
25912,8.6,[108782],E100000131502,E100001016423
25913,23.98,[108782],E100000131502,E100001016424
25914,1.3,[],E100000131502,E100000123261
25915,11.2,[],E100000131502,E100001015587
25917,5.7,[108782],E100000131502,E100001016425
25924,34.96,[],E100001000694,E100001015587
25925,7.33,[108805],E100001000694,E100001016429
25910,,"[108781, 108778]",E100001000857,E100001016419
25918,5.2,[108782],E100000131502,E100001016426
25920,17.54,[],E100000000522,E100000123261
25921,31.18,[],E100000000522,E100001015587
25940,100.0,[],E100001013710,E100000123261
25926,,[108808],E100000153018,E100001000557
25932,100.0,"[108815, 108816]",E100000131988,E100001016432
25927,90.0,[108810],E100000132199,E100001010879
25928,10.0,[],E100000132199,E100001015587
25916,,[],E100001016421,E100000123261
25931,100.0,[108814],E100000003116,E100001016431
25937,,[],E100001016431,E100001014430
25942,5.37,[108828],E100000131832,E100001016435
25938,61.0,[108821],E100000132196,E100001016434
25939,,[],E100000132196,E100000132388
25943,36.36,[],E100000131832,E100001015587
25945,,[],E100001013399,E100000132388
25944,13.14,[],E100000131832,E100000123261
25946,,[108834],E100001013655,E100001016436
25947,,[108834],E100001013655,E100001016437
25948,100.0,"[108836, 108837]",E100001010248,E100001016438
25953,5.0,[],E100001000756,E100000123261
25954,100.0,[108856],E100001016439,E100001010875
25955,5.0,[108851],E100001000756,E100001016439
25956,100.0,[],E100001010874,E100000123261
25957,,[],E100000131864,E100000123261
25949,75.01,[108840],E100001001130,E100001015587
25995,12.37,[],E100001000782,E100000123261
25996,43.72,[],E100001000782,E100001015587
25970,60.0,"[108864, 108865]",E100001013796,E100000137335
25971,40.0,"[108864, 108865]",E100001013796,E100001016441
25987,70.0,"[108907, 108908]",E100000131898,E100001013808
25988,30.0,[108906],E100000131898,E100001016455
25997,,[],E100001010014,E100000132388
25969,,[108874],E100001013795,E100001013796
26018,99.99,[108955],E100001010010,E100001016476
25989,100.0,"[108929, 108930]",E100000132114,E100000132088
25973,,[108878],E100000132163,E100001016445
25998,,[],E100001010015,E100000132388
25999,,[],E100001010011,E100000132388
25990,100.0,[108934],E100000131527,E100001016464
25959,27.31,[],E100001000638,E100000123261
25961,72.69,[108866],E100001000638,E100001015587
25974,,"[108879, 108878]",E100001016445,E100000001035
26000,,[],E100001010012,E100000132388
26033,5.07,[108988],E100000131246,E100001010596
26001,,[],E100001010013,E100000132388
25980,57.02,[108888],E100001000639,E100001016448
25976,74.0,[108883],E100000131894,E100000131502
25981,5.53,[108888],E100001000639,E100001000520
25982,9.65,[108888],E100001000639,E100001016449
25983,27.8,[],E100001000639,E100001015587
26009,25.0,"[108964, 108965, 108966]",E100001016472,E100001016475
26008,,[],E100001013612,E100000132388
26010,70.0,"[108964, 108965, 108966]",E100001016472,E100001016474
26011,5.0,[108966],E100001016472,E100001016473
13526,100.0,[108861],E100001000463,E100001010281
25962,42.0,[108869],E100000131681,E100001000923
25963,16.61,[108872],E100000131681,E100001016442
25964,9.68,[108872],E100000131681,E100001016443
25965,6.23,[108872],E100000131681,E100000134055
25966,5.13,[108872],E100000131681,E100001016444
25967,5.49,[],E100000131681,E100000123261
25968,14.86,[],E100000131681,E100001015587
25975,27.64,[108882],E100000132016,E100001016446
25977,5.74,[108882],E100000132016,E100001016447
25978,58.45,[],E100000132016,E100001015587
26034,15.3,[108989],E100000131246,E100001000348
26020,,[],E100001010050,E100000132388
25984,,"[108897, 108898]",E100000132036,E100000001190
25985,,[108901],E100000001190,E100001016450
25986,,[],E100000001190,E100000123261
26030,100.0,[],E100001016480,E100000123261
26019,60.0,[],E100000000689,E100000123261
25979,100.0,[108861],E100000131912,E100001010281
26014,99.99,[108955],E100001013643,E100001016476
26021,80.0,"[108977, 108978]",E100001000872,E100001000869
26023,20.0,"[108977, 108978]",E100001000872,E100001016477
26015,99.99,[108955],E100001016476,E100001000791
26005,100.0,"[108957, 108958]",E100001000873,E100001016470
26002,8.83,[108955],E100001000791,E100001016469
26003,6.46,[108955],E100001000791,E100001016471
26004,16.16,[],E100001000791,E100001015587
25991,9.71,[108936],E100000121315,E100000133893
25992,9.46,[108936],E100000121315,E100001016465
25993,38.07,[],E100000121315,E100000123261
26035,64.99,[],E100000131246,E100001015587
25994,6.72,[],E100000121315,E100001015587
26016,99.99,[108955],E100001000792,E100001016476
26006,100.0,"[108959, 108960]",E100001016470,E100001016472
26027,100.0,"[79192, 108984]",E100001012791,E100001016479
26007,,[],E100001013153,E100000132388
26041,19.1,[108994],E100000120517,E100001010420
26048,100.0,"[109008, 109009]",E100001010103,E100001016482
26022,100.0,"[108980, 108982]",E100001016477,E100001000869
26017,99.99,[108955],E100001000800,E100001016476
26042,6.64,[108994],E100000120517,E100001010419
26046,36.82,[],E100000000531,E100001015587
26043,53.98,[],E100000120517,E100001015587
26024,7.38,[108983],E100000131970,E100001016478
26025,6.11,[],E100000131970,E100000123261
26026,14.8,[],E100000131970,E100001015587
26038,100.0,"[108992, 108993]",E100001016481,E100001016479
26028,0.01,[],E100001016479,E100000123261
26029,99.99,"[108966, 108985]",E100001016479,E100001016480
26036,99.9,"[108990, 108991]",E100001000870,E100001016481
26037,0.1,"[108990, 108991]",E100001000870,E100001016480
26031,9.14,[108986],E100000131246,E100001010595
26032,5.5,[108987],E100000131246,E100001014573
26044,100.0,[108995],E100000131740,E100001000761
26039,8.11,[108994],E100000120517,E100001000520
26040,12.17,[],E100000120517,E100000123261
26045,5.83,[],E100000000531,E100000123261
26047,100.0,[],E100001016483,E100000123261
26049,70.0,"[109010, 109011]",E100001016482,E100001016483
26050,30.0,"[109010, 109011]",E100001016482,E100001016484
26051,100.0,[],E100001016484,E100000123261
26052,,[],E100001013623,E100000123261
25120,10.0,[107506],E100001000178,E100001016126
26053,99.9,[109013],E100001016485,E100001016483
26054,75.0,[109014],E100001010105,E100001016485
26055,25.0,[109014],E100001010105,E100001016486
26056,5.6,[109015],E100000000639,E100001000179
26112,99.0,[109092],E100001016507,E100001016508
26057,54.77,[],E100000000639,E100001015587
26113,1.0,[],E100001016507,E100000123261
26058,20.68,[],E100000000641,E100000123261
26059,62.24,[],E100000000641,E100001015587
26073,7.86,[109046],E100001000653,E100001010595
26074,5.85,[109047],E100001000653,E100001010596
26075,14.4,[109048],E100001000653,E100001000348
26076,71.89,[109049],E100001000653,E100001015587
26122,20.87,[109095],E100001011714,E100001016509
26120,17.54,[],E100001011714,E100000123261
26123,5.64,[109095],E100001011714,E100001000669
26077,100.0,[],E100001010322,E100000123261
26086,36.1,[],E100001000387,E100000123261
26087,22.55,"[109063, 109064, 109065]",E100001000387,E100001016502
26088,12.5,"[109063, 109064, 109065]",E100001000387,E100001016503
26082,47.45,[109062],E100001000613,E100001016499
26083,13.87,[109062],E100001000613,E100001016500
26084,34.58,[109062],E100001000613,E100001016501
26085,4.1,[],E100001000613,E100001015587
26089,28.85,[],E100001000387,E100001015587
26124,9.69,[109095],E100001011714,E100001016510
26068,30.0,"[109028, 109030]",E100000132143,E100001016493
26070,30.0,"[109030, 109028]",E100000132143,E100001016495
26071,40.0,"[109028, 109030]",E100000132143,E100001016496
26072,100.0,[],E100001000241,E100000123261
26090,,[109068],E100001000386,E100001000387
26125,22.08,[109095],E100001011714,E100001011625
26060,20.8,[109021],E100000131353,E100001016487
26061,10.8,[109021],E100000131353,E100001016488
26062,7.6,[109021],E100000131353,E100001016489
26063,15.83,[],E100000131353,E100000123261
26064,44.97,[],E100000131353,E100001015587
26115,99.04,[],E100001016508,E100000123261
26100,7.88,[],E100000131685,E100000123261
26101,7.01,[109084],E100000131685,E100001000520
26066,35.0,[109023],E100001013014,E100001016488
26102,7.14,[109084],E100000131685,E100001010637
26079,99.9,[109054],E100000131504,E100000123261
26080,0.01,[109054],E100000131504,E100001016497
26067,100.0,[109027],E100001016126,E100001016492
26103,77.97,[],E100000131685,E100001015587
26114,42.89,[109092],E100001013279,E100001016507
26078,100.0,"[109053, 108966]",E100001010701,E100000131504
26091,100.0,[],E100000132381,E100000123261
26081,100.0,[109061],E100001016125,E100001016498
26117,15.75,[],E100001013279,E100000123261
26119,41.36,[109092],E100001013279,E100001015587
26092,,"[109071, 109072]",E100000131518,E100001000281
26126,24.18,[],E100001011714,E100001015587
26093,100.0,[],E100000132144,E100000123261
26094,37.2,[109077],E100000131352,E100001016504
26095,62.8,[],E100000131352,E100000132388
26128,100.0,[109105],E100001010571,E100000003355
26104,100.0,[109085],E100001016505,E100001011100
26111,32.28,[],E100000153079,E100000123261
26116,37.84,[109093],E100000153079,E100001016509
26118,29.88,[],E100000153079,E100001015587
26105,38.76,[],E100001000611,E100000123261
26106,27.27,[],E100001000611,E100001015587
26107,45.0,[],E100001000609,E100000123261
26108,28.04,[109090],E100001000609,E100001016506
26109,7.71,[109090],E100001000609,E100000131685
26110,19.25,[],E100001000609,E100001015587
26137,,[109120],E100001016517,E100000127458
26129,,"[109106, 109107]",E100000153045,E100000120031
26140,46.68,[109121],E100000132215,E100001015587
26121,100.0,"[109094, 109096]",E100001000660,E100000153045
26130,20.0,[],E100001013633,E100000132388
21262,5.52,[7037],E100000132165,E100001010568
26131,8.89,[],E100000132165,E100000123261
26127,100.0,[109104],E100001010419,E100000153045
26132,19.27,[],E100000132165,E100001015587
26134,50.0,[109113],E100000131474,E100001000571
26133,,[],E100001013764,E100000132388
26135,50.0,[109113],E100000131474,E100001016514
26141,60.94,[],E100001001106,E100000123261
26142,10.0,"[109123, 109125]",E100001001106,E100001016524
26136,28.95,[109119],E100000132215,E100001016516
26138,15.66,[109119],E100000132215,E100001016517
26139,8.71,[109121],E100000132215,E100001016518
26143,29.06,"[109123, 109125]",E100001001106,E100001015587
26146,99.0,[109126],E100001013591,E100001001106
26144,99.0,[109126],E100001013585,E100001001106
26145,1.0,[109126],E100001013585,E100001001109
26147,1.0,[109126],E100001013591,E100001001109
26148,99.0,[109126],E100001013427,E100001001106
26149,1.0,[109126],E100001013427,E100001001109
26150,,"[109137, 109139]",E100001013799,E100001000269
26151,1.0,[109126],E100001013425,E100001001109
26152,100.0,"[109140, 109141]",E100000132258,E100000132372
26153,61.2,[109143],E100001013432,E100001016526
26254,82.79,[109548],E100001010119,E100001015587
26099,68.46,[],E100000132348,E100001015587
26225,29.15,[109465],E100001011633,E100001016557
26171,45.0,[109159],E100001016535,E100001016536
26173,55.0,[109159],E100001016535,E100001016537
26180,9.42,[109443],E100000001534,E100001010595
26181,6.7,[109444],E100000001534,E100001000348
26154,27.9,[109143],E100001013432,E100001016527
26155,10.9,[109143],E100001013432,E100001015587
26184,49.0,"[109445, 109446]",E100000131469,E100001000402
26185,51.0,"[109445, 109446]",E100000131469,E100000001332
26196,,[],E100000131410,E100000132388
26197,28.5,"[97592, 97593]",E100000131410,E100001016546
26168,99.0,[109158],E100000131563,E100001016535
26156,96.65,[],E100000132216,E100000123261
26157,3.35,[],E100000132216,E100001015587
26169,0.55,[],E100000131563,E100000123261
26174,0.45,[109158],E100000131563,E100001016536
26158,,[109147],E100000132272,E100001016528
26217,26.58,[97978],E100001013333,E100001010427
26218,15.23,[97978],E100001013333,E100001010428
26219,15.11,[97978],E100001013333,E100001010429
26220,6.38,[97978],E100001013333,E100001016555
26175,,[],E100001016270,E100000123261
26221,36.7,[97978],E100001013333,E100001015587
26216,100.0,"[109462, 109463]",E100001011635,E100001011633
26204,6.0,[109455],E100001016551,E100001016547
26160,100.0,[],E100001010175,E100000123261
26159,19.43,[109151],E100000132368,E100001015587
26188,49.0,[109450],E100000132139,E100001000516
26177,,[],E100000131510,E100000123261
26161,9.9,[109154],E100001010170,E100001010438
26162,9.4,[109154],E100001010170,E100001010429
26163,7.4,[109154],E100001010170,E100001010427
26164,5.8,[109154],E100001010170,E100001016532
26165,5.15,[109154],E100001010170,E100001016533
26166,24.28,[],E100001010170,E100001015587
26189,24.09,[109450],E100000132139,E100000120156
26190,20.01,[109450],E100000132139,E100001016543
26191,6.9,[109450],E100000132139,E100000130703
26167,100.0,[109151],E100001013488,E100000132368
26205,94.0,[109455],E100001016551,E100000120611
26170,100.0,[],E100001016536,E100000123261
26226,10.9,[109465],E100001011633,E100001011637
26211,70.0,[109461],E100001013480,E100001016552
26200,100.0,[109455],E100001016550,E100000120611
26179,100.0,"[109439, 109440, 109442]",E100000132106,E100000132107
26172,100.0,[],E100001016537,E100000123261
26176,100.0,"[109438, 109441]",E100001010428,E100000001534
26192,19.9,[109451],E100000131876,E100000131973
26186,0.06,[],E100001012161,E100000123261
26187,28.7,[],E100001012161,E100001015587
26193,,[109452],E100000131876,E100000131213
26212,30.0,[109461],E100001013480,E100001016553
26194,,[],E100001001084,E100000123261
26227,9.82,[109465],E100001011633,E100001016558
26229,8.65,[109465],E100001011633,E100001016559
26195,34.13,[109454],E100000120611,E100001015587
26213,100.0,[109461],E100001016552,E100001016554
26230,66.8,"[109464, 109467]",E100000001558,E100001015587
26228,8.51,[109467],E100000001558,E100001000730
26201,98.0,[109455],E100001016549,E100001016550
26202,2.0,[109455],E100001016549,E100001010038
26206,85.0,[109455],E100001010039,E100001016551
26207,15.0,[109455],E100001010039,E100000120611
26231,21.88,[],E100001011633,E100000123261
26232,19.6,[],E100001011633,E100001015587
26208,60.0,[109455],E100001010040,E100001016551
26238,13.51,[109493],E100001010033,E100001010037
26198,51.0,[109455],E100001010038,E100001016547
26223,41.96,[],E100000131391,E100001015587
26199,100.0,[109455],E100001016547,E100000120611
26214,28.34,[],E100001013479,E100000123261
26215,32.67,[],E100001013479,E100001015587
26209,100.0,"[109459, 109460]",E100000131262,E100001010088
26210,,[],E100000132292,E100000123261
26239,11.12,[109493],E100001010033,E100001001119
26233,60.67,[],E100001000489,E100000123261
26234,18.2,[109485],E100001000489,E100001016561
26240,11.12,[109493],E100001010033,E100001010036
26235,8.41,[109485],E100001000489,E100001016563
26236,5.63,[109485],E100001000489,E100001016564
26244,50.0,[109497],E100001000787,E100001016566
26237,7.09,[],E100001000489,E100001015587
26241,11.12,[109493],E100001010033,E100001016565
26245,50.0,[],E100001000787,E100000123261
26242,22.16,[],E100001010033,E100000123261
26243,30.97,[],E100001010033,E100001015587
26246,,[],E100001011859,E100000123261
26247,,"[109506, 109508]",E100000131707,E100001016568
26248,95.0,[],E100001010019,E100000123261
26249,5.0,[],E100001010019,E100000132388
26250,80.0,[109538],E100001010229,E100001016575
26251,20.0,[109538],E100001010229,E100001016576
26252,11.24,[109542],E100001010119,E100001016577
26253,5.97,[109545],E100001010119,E100000000851
26255,1.29,[],E100000001465,E100001015587
26222,11.19,[],E100000131391,E100000123261
26304,10.75,[],E100000004192,E100000132388
26301,100.0,[109661],E100001010389,E100000182828
26257,17.0,[],E100000000337,E100001015587
26256,13.0,[],E100000000337,E100000123261
26291,13.84,[109649],E100001016592,E100001016595
26292,12.75,[109649],E100001016592,E100001016594
26259,50.0,[],E100000000602,E100001015587
26293,5.09,[109649],E100001016592,E100001015411
26294,,[109649],E100001016592,E100001015587
26289,79.0,[109647],E100000131733,E100001016592
26290,21.0,[109648],E100000131733,E100001015587
26305,,[107532],E100000004192,E100000130688
26306,,[107532],E100000004192,E100001016132
26302,,[109661],E100000182828,E100000003123
26335,,"[109784, 109785]",E100000132208,E100000002054
26336,,"[109784, 109785]",E100000132208,E100000120245
26271,31.64,[109585],E100000131301,E100001016581
26272,10.79,[109585],E100000131301,E100001016583
26258,100.0,"[109559, 109560, 108966]",E100001010811,E100001016578
26262,0.14,[109561],E100001010809,E100001016579
26273,5.64,[109585],E100000131301,E100001010429
26327,99.99,[109756],E100001016615,E100001016616
26261,99.0,[109562],E100001016579,E100001010811
26322,99.99,[109751],E100000132148,E100001016614
26316,,"[98945, 109735]",E100000132155,E100001000556
26323,0.01,[109751],E100000132148,E100001010664
26263,100.0,[],E100001016173,E100000123261
26274,35.74,[109588],E100001016178,E100000121405
26275,64.26,[],E100001016178,E100001015587
26264,100.0,[109567],E100001010378,E100001016580
26283,99.0,[109599],E100001016586,E100001016587
26284,1.0,[109599],E100001016586,E100000123261
26279,100.0,[],E100001016585,E100000123261
26282,100.0,"[109596, 109597]",E100001016587,E100000123261
26307,,[109672],E100001013238,E100000132287
26267,100.0,[109571],E100000131214,E100001010088
4244,5.0,[5828],E100001000765,E100001000767
26276,43.69,[109590],E100001016177,E100000121405
26277,18.17,[],E100001016177,E100000123261
26278,38.14,[],E100001016177,E100001015587
26303,35.0,"[109667, 109668, 109669]",E100000120798,E100001010758
26285,0.01,[109603],E100001010668,E100001016585
26268,92.22,[],E100001011380,E100000123261
26269,7.78,[],E100001011380,E100001015587
4246,5.0,[5828],E100001000765,E100001000768
26270,,[],E100001016174,E100000123261
26328,100.0,[109759],E100001010622,E100001010614
26318,100.0,[],E100000131560,E100000123261
26286,37.87,[7046],E100001000710,E100001015587
26295,6.84,[109656],E100001010133,E100001000348
26296,5.08,[109656],E100001010133,E100001010595
26297,88.08,[109656],E100001010133,E100001015587
26309,,[109683],E100000131916,E100001000583
26298,,[],E100001016176,E100000123261
26280,50.0,[109594],E100000131905,E100001016585
26281,50.0,[109594],E100000131905,E100001016586
26312,100.0,"[109697, 6525]",E100001010346,E100001010348
26287,50.11,[109646],E100001010578,E100000131733
26288,49.89,[109646],E100001010578,E100001015587
26313,,[109719],E100001013282,E100001000599
26310,,"[109688, 109689, 109690]",E100000131856,E100001000761
26319,75.0,[109741],E100000131312,E100000120428
26300,100.0,[98612],E100000132083,E100001016598
26299,100.0,[98612],E100001016598,E100001013619
26320,21.06,[109741],E100000131312,E100001016609
26321,3.94,[109741],E100000131312,E100001015587
26315,,[109732],E100001013763,E100000132155
26331,51.0,[109784],E100000132208,E100000120513
26332,,"[109784, 109785]",E100000132208,E100000000785
26333,,"[109784, 109785]",E100000132208,E100000121434
26324,99.99,[109752],E100001016614,E100001016615
26325,0.01,[109752],E100001016614,E100000132148
26317,,[],E100001000556,E100000123261
26330,,[],E100000131213,E100000123261
26337,,"[109784, 109785]",E100000132208,E100001016620
26339,,[],E100000131236,E100000123261
26326,,[],E100001016616,E100000123261
26341,,[],E100001016622,E100000123261
21272,12.5,"[7043, 109788]",E100000132247,E100001010575
26334,,"[109784, 109785]",E100000132208,E100001010125
26338,85.08,[109786],E100001000764,E100001015587
26340,,[],E100001010820,E100000123261
26343,9.0,[109855],E100001010038,E100000121239
26203,40.0,[109455],E100001010038,E100001016549
26342,,[109796],E100001010821,E100001016622
26344,3.68,[],E100000000882,E100000123261
26345,29.4,[],E100000000882,E100001015587
26346,41.8,[],E100000001985,E100000123261
26347,45.16,[],E100000001985,E100001015587
26349,35.07,[],E100001001026,E100001015587
26350,8.81,[],E100000000638,E100000123261
25576,26.8,[108154],E100001016298,E100001015587
26351,51.05,[],E100000000638,E100001015587
26352,62.53,[109883],E100000001977,E100001016640
26353,37.47,[],E100000001977,E100001015587
26266,52.63,[],E100000121281,E100001015587
26354,50.11,[109888],E100000120297,E100001016643
26265,5.07,[],E100000121281,E100000123261
26383,,"[110004, 110006]",E100000004077,E100000002169
25592,7.91,[108192],E100000130756,E100001014573
26355,27.12,[],E100000120297,E100000123261
26356,22.77,[],E100000120297,E100001015587
26374,35.17,[],E100001000608,E100001015587
26375,5.34,[],E100001000608,E100000123261
26365,100.0,[109912],E100001016646,E100001016647
26097,13.9,[109082],E100000132348,E100001000348
26096,12.58,[109081],E100000132348,E100001010595
26098,5.06,[109083],E100000132348,E100001014849
26363,74.9,[109912],E100001013484,E100001016646
26364,25.1,[],E100001013484,E100001015587
26413,100.0,"[110239, 110240]",E100000001526,E100001016691
26393,100.0,"[110132, 110133, 110134, 110135]",E100000001062,E100000001073
26366,100.0,"[109929, 109930]",E100001011509,E100001016651
26367,,[109934],E100001012692,E100001016652
26376,35.81,[],E100000001030,E100000123261
26377,41.79,[],E100000001030,E100001015587
26358,40.0,"[109890, 109896]",E100000001549,E100000000388
26357,20.0,"[109890, 109895, 109896]",E100000001549,E100001016644
26427,49.0,[114200],E100000120631,E100001016717
26368,,"[109950, 109951]",E100000132511,E100000132567
26400,82.77,[110154],E100001013560,E100001016677
26399,72.27,[102667],E100000000610,E100001015587
26378,,[109996],E100000001376,E100001016662
26369,100.0,[109954],E100001001104,E100000001381
26405,100.0,"[110173, 110174]",E100001011504,E100000000820
26384,6.8,[110013],E100000001132,E100001000348
26370,,"[109958, 109959]",E100000002647,E100001016654
26385,77.72,[74779],E100000001132,E100001015587
26359,,[74620],E100000000836,E100001016645
26360,,[],E100000000836,E100001015587
26224,24.69,"[109464, 109467]",E100000001558,E100001016556
26395,,[110137],E100001015989,E100001000330
26371,,[109965],E100001016654,E100001016656
26396,,[110138],E100000001746,E100000179524
26387,,[110028],E100001016663,E100001016664
2933,20.0,"[2458, 110189]",E100000003759,E100000000656
26372,,"[109975, 109977]",E100000002794,E100000000107
26401,,[110157],E100001016678,E100000001322
4591,7.15,"[5949, 109900]",E100000002412,E100001000953
26361,16.14,[],E100000002412,E100001015587
26388,100.0,"[110087, 110089]",E100001015249,E100000000406
26362,,[109903],E100000132056,E100000000953
25682,5.44,[108332],E100001000440,E100001016344
26414,100.0,[110239],E100001016691,E100001016692
26373,,"[109979, 109980]",E100001012153,E100001012155
26379,33.33,[109999],E100001016662,E100000000995
26380,33.33,[109999],E100001016662,E100000001004
26381,33.34,[109999],E100001016662,E100000000993
26390,19.96,[110110],E100000130691,E100001016133
26391,12.71,[110110],E100000130691,E100000000652
26397,73.8,[10356],E100000120465,E100001015587
26411,,"[110208, 110209]",E100000121216,E100000120034
26406,100.0,"[110180, 110181]",E100000002609,E100000000107
6095,30.0,"[6142, 110091]",E100000120892,E100001001098
26382,,"[74995, 110002]",E100000121140,E100001011630
26386,,[110028],E100000120683,E100001016663
26407,56.89,[],E100001000124,E100001015587
26392,100.0,[110129],E100000002290,E100000000107
26389,100.0,"[110107, 110108]",E100000002570,E100001016673
26402,100.0,"[110158, 110159]",E100000003468,E100001016678
26398,,"[110148, 110150]",E100001011300,E100000001492
26418,53.56,[110282],E100000004057,E100001016698
26420,21.0,[110282],E100000004057,E100001016699
26415,100.0,[110239],E100001016692,E100000120621
26408,9.27,[5686],E100000000657,E100001016127
26403,100.0,"[110171, 110172]",E100000003514,E100000150492
26412,100.0,"[110237, 110238]",E100000000623,E100001016690
26404,77.96,[],E100000001194,E100001015587
26410,,[110200],E100000000744,E100001000010
26422,19.58,[110282],E100000004057,E100001016700
26419,,"[110282, 110283]",E100001016698,E100000001220
26423,5.86,[],E100000004057,E100001015587
26409,100.0,[6143],E100001001097,E100000000744
26421,,"[110282, 110284]",E100001016699,E100001011087
26416,26.11,[],E100000000813,E100001015587
26417,0.06,[],E100000000813,E100000123261
26430,90.98,[],E100000001133,E100001015587
25688,6.41,[108343],E100001016255,E100001000179
26428,80.5,[],E100000120801,E100000123261
26424,24.5,[],E100001000177,E100000123261
26425,54.0,[],E100001000177,E100001015587
26429,8.6,[],E100000120801,E100001015587
26426,51.0,[114200],E100000120631,E100001016716
26431,75.87,[],E100000001254,E100001015587
26432,1.0,[],E100000120009,E100001015587
26433,,[],E100000132697,E100000132388
26434,,[],E100000003190,E100000132388
26435,9.26,[],E100001013582,E100001015587
26436,82.91,[],E100000001015,E100001015587
26437,73.94,[114207],E100001011660,E100001016718
26438,14.32,[114207],E100001011660,E100001016719
26439,11.74,[],E100001011660,E100001015587
26500,0.5,[],E100000001931,E100001015587
26476,20.25,"[114505, 114506]",E100000003433,E100000001143
26477,19.0,[2048],E100000003433,E100000001753
26468,62.21,"[114364, 114365]",E100001010637,E100001010783
26469,36.54,[114364],E100001010637,E100001016749
26470,1.25,[],E100001010637,E100001015587
26459,40.0,[114263],E100000003359,E100001016736
26461,40.0,[114263],E100000003359,E100001016737
24938,10.7,[107263],E100000000874,E100001015991
24939,9.6,[107263],E100000000874,E100001015992
24940,1.09,[107263],E100000000874,E100001015587
100002000001,23.5,[114781],E100000001931,E100002000003
26485,100.0,[114619],E100001015991,E100001016771
26486,0.0,[114619],E100001015991,E100001015587
26462,100.0,[114277],E100000120584,E100001014667
26471,,[],E100000003275,E100001015587
26441,16.78,[],E100000000838,E100001015587
26442,33.85,[114208],E100000000838,E100001016720
26444,47.94,[114208],E100000000838,E100001016721
26445,100.0,[],E100001016721,E100000123261
26443,100.0,[],E100001016720,E100000123261
26455,5.89,[114245],E100000001116,E100001000347
26456,87.23,[114245],E100000001116,E100001015587
26463,100.0,[114278],E100001014667,E100001016740
25673,9.78,[108322],E100001000558,E100001016340
26446,5.02,[114209],E100000001213,E100001015833
26447,86.42,[],E100000001213,E100001015587
25675,5.61,[108322],E100001000558,E100001016342
26473,,[114463],E100000125912,E100000185203
26448,9.38,[],E100001011267,E100000123261
26449,67.72,[],E100001011267,E100001015587
26457,77.5,[74751],E100000137485,E100001015587
26482,49.29,"[114544, 107536]",E100000130751,E100001016762
26464,71.18,[114259],E100000000608,E100001015587
26483,50.71,"[114544, 107536]",E100000130751,E100001015587
26479,,[114523],E100000133187,E100000000777
26465,90.0,[11872],E100000120948,E100001015587
25064,,[107400],E100000001329,E100001015587
26474,,[114476],E100000131095,E100001016756
100002000007,45.41,[114821],E100002000010,E100002000013
26460,,[114263],E100001016737,E100000000947
26466,100.0,[114291],E100000000821,E100001016741
26458,,[114263],E100001016736,E100000000649
26467,68.7,[],E100000120856,E100001015587
26475,,[114481],E100001016756,E100001016757
25950,8.87,[108840],E100001001130,E100001010887
25951,8.26,[108840],E100001001130,E100001000230
25952,7.86,[],E100001001130,E100000123261
26492,100.0,[114652],E100001016782,E100000000176
25861,8.33,"[108617, 114620]",E100000000927,E100001000576
100002000002,100.0,"[74959, 74958, 114798]",E100001000206,E100002000006
26494,49.5,"[114664, 1449]",E100000002607,E100000003726
26478,6.0,[114521],E100000003810,E100001015587
26480,60.0,[114521],E100000003810,E100000133187
26484,5.0,[5547],E100000001104,E100001016770
26481,100.0,[114541],E100001016762,E100001000847
26495,67.16,[75583],E100001001020,E100001015587
26487,24.76,[11369],E100000001029,E100001015587
26491,70.0,[5409],E100000002656,E100001016781
26493,30.0,[5409],E100000002656,E100001016782
100002000005,25.0,"[114783, 114813]",E100000002605,E100002000011
26489,10.9,[107712],E100000130737,E100000001753
100002000008,12.68,[114821],E100002000010,E100002000014
26490,,[114651],E100001016781,E100000000481
5778,7.59,[114776],E100000000806,E100001001034
26497,43.73,[],E100000000806,E100001015587
26496,100.0,"[114691, 114692]",E100000120547,E100000120858
100002000003,5.39,[102561],E100000000111,E100002000008
25225,5.06,[107631],E100000130689,E100001010596
26498,42.17,[],E100000004391,E100001015587
100002000009,41.91,[114821],E100002000010,E100001015587
100002000013,5.07,[114850],E100001001059,E100002000023
100002000006,69.58,[114818],E100000003060,E100002000010
26499,26.0,[114781],E100000001931,E100000000513
100002000004,100.0,[114810],E100002000006,E100001011612
100002000010,50.4,[1083],E100000000801,E100001000194
100002000011,49.1,[114842],E100000000801,E100002000021
100002000014,6.79,[114852],E100001001059,E100002000024
100002000018,,[114862],E100002000026,E100001001062
100002000012,,[114847],E100002000021,E100000001305
100002000015,5.05,[114855],E100001001059,E100001010595
100002000016,7.0,[114856],E100001001059,E100001000348
100002000017,76.09,[114857],E100001001059,E100001015587
100002000019,,[114864],E100001001061,E100002000026
100002000020,,"[114880, 114881]",E100000001451,E100002000031
100002000021,10.22,[114882],E100002000031,E100001010595
100002000026,,[114886],E100001016532,E100002000033
100002000022,5.09,[114883],E100002000031,E100001010596
100002000023,6.7,[114884],E100002000031,E100001000348
100002000025,77.99,[],E100002000031,E100000001753
100002000027,,[],E100000000118,E100000132388
100002000028,,[114890],E100000130887,E100002000035
100002000092,20.0,"[115225, 115226]",E100000120501,E100002000115
100002000047,99.92,[108083],E100000130813,E100002000040
100002000048,0.08,[],E100000130813,E100001015587
100002000059,46.53,[],E100000000018,E100001015587
100002000029,100.0,"[114894, 114895, 114896]",E100000003902,E100000002769
100002000049,100.0,[108083],E100002000040,E100000130706
100002000031,100.0,[114659],E100001000754,E100000000382
100002000093,80.0,[],E100000120501,E100000001753
100002000068,,[115066],E100000150134,E100001001044
100002000050,,[114934],E100002000048,E100000000436
100002000032,8.2,[],E100000000382,E100000123261
100002000033,61.79,[],E100000000382,E100001015587
100002000060,,"[1145, 1526, 1527]",E100000002884,E100002000061
100002000083,,[115077],E100000002178,E100001001073
100002000034,,[114901],E100000003662,E100000001267
100002000077,,[115072],E100000121016,E100002000070
100002000035,2.99,[],E100001000499,E100001015587
100002000061,99.99,[115042],E100000186020,E100000120993
100002000036,4.29,[],E100000000022,E100001015587
100002000053,100.0,[114937],E100002000049,E100000000034
100002000084,,[115077],E100000002178,E100002000074
100002000062,,[],E100001001367,E100000123261
100002000037,79.99,[114907],E100000121589,E100002000037
100002000038,20.01,[],E100000121589,E100001015587
100002000085,,[115077],E100000002178,E100002000075
100002000086,,[115077],E100000002178,E100002000076
100002000087,,[115077],E100000002178,E100002000077
100002000039,13.0,[],E100000001757,E100001015587
100002000040,,[],E100000001408,E100000132388
100002000088,,[115077],E100000002178,E100002000078
100002000063,100.0,[115044],E100000121568,E100000123261
100002000041,45.04,[],E100001000736,E100001015587
100002000074,,[],E100000001922,E100000123261
100002000042,,[114915],E100002000038,E100000001297
100002000064,41.1,[],E100000121096,E100001015587
100002000065,,[],E100000121096,E100000132388
100002000069,11.0,[115067],E100000001986,E100001000178
100002000070,5.4,[115067],E100000001986,E100002000067
100002000071,83.6,[],E100000001986,E100001015587
100002000094,100.0,"[115230, 115232, 115234]",E100000121498,E100002000119
100002000051,33.33,[114935],E100000001463,E100002000048
100002000052,33.33,[114935],E100000001463,E100002000049
100002000054,33.33,[114935],E100000001463,E100002000050
100002000043,20.89,[],E100000120765,E100000123261
100002000045,53.89,[],E100000120765,E100001015587
100002000044,59.6,[114915],E100001001382,E100002000038
100002000046,40.4,[],E100001001382,E100000001753
100002000072,,[115068],E100000002244,E100000123261
100002000090,100.0,[115101],E100002000081,E100001000018
100002000066,0.0,"[115049, 108966]",E100000130999,E100000123261
100002000075,13.41,[115071],E100000121495,E100002000068
100002000076,5.3,[115071],E100000121495,E100002000069
100002000078,6.21,[115071],E100000121495,E100002000071
100002000079,8.06,[115071],E100000121495,E100002000072
100002000080,15.16,[],E100000121495,E100000123261
100002000056,,[114952],E100000003586,E100000001248
100002000073,,"[115069, 115070]",E100000120676,E100001010053
100002000057,,[],E100000001248,E100000123261
100002000081,51.86,[],E100000121495,E100001015587
100002000058,18.13,[],E100000002415,E100001015587
26260,0.0,[],E100001010811,E100000123261
100002000089,,[115100],E100002000080,E100002000081
100002000106,,[115245],E100000002345,E100002000137
100002000107,,[115245],E100000002345,E100002000138
100002000067,,[115065],E100000120987,E100000000537
100002000091,,[115156],E100000121173,E100000000851
26451,10.0,[114241],E100000003882,E100000000651
100002000097,100.0,"[115238, 115241]",E100000121314,E100000000656
26452,5.0,[114241],E100000003882,E100000000630
26453,5.0,[114241],E100000003882,E100000000655
100002000082,100.0,[115076],E100000120745,E100002000073
100002000102,20.0,[114241],E100000003882,E100000000382
100002000098,40.1,"[115240, 115242]",E100000002106,E100002000132
100002000099,,[],E100000002106,E100000132388
100002000095,34.27,[107913],E100000121514,E100001010757
100002000096,65.73,[107913],E100000121514,E100001010756
100002000100,,[],E100000120793,E100000123261
100002000112,27.88,[115253],E100001000104,E100002000141
100002000113,14.17,[],E100001000104,E100000123261
100002000116,100.0,"[115258, 115259]",E100000121279,E100002000142
100002000101,,[],E100000001806,E100000123261
100002000108,100.0,[115248],E100000120425,E100002000140
100002000115,99.8,[115256],E100001016623,E100001000558
100002000103,,[115245],E100000002345,E100002000134
100002000104,,[115245],E100000002345,E100002000135
100002000105,,[115245],E100000002345,E100002000136
100002000111,,[115251],E100000120559,E100000001922
100002000109,70.4,[],E100000000121,E100000123261
100002000110,29.6,[115249],E100000000121,E100001015587
100002000114,57.95,[],E100001000104,E100001015587
100002000117,74.0,[115276],E100001011946,E100000121384
100002000118,26.0,[115276],E100001011946,E100001011939
100002000119,100.0,[115277],E100001001386,E100002000145
100002000120,,[],E100000120234,E100000123261
100002000121,,[115279],E100000121344,E100002000147
100002000124,,[115300],E100000120348,E100000000994
100002000125,,[],E100000120212,E100000123261
100002000126,48.04,[115315],E100000121126,E100002000150
100002000173,10.4,[115513],E100000001241,E100001000348
100002000161,,[],E100001000700,E100000123261
100002000162,,[115484],E100001000700,E100002000183
100002000174,60.98,[],E100000001241,E100001015587
100002000136,80.0,[115349],E100000121076,E100002000156
100002000137,,[],E100000121076,E100000132388
100002000163,,[],E100000000683,E100000123261
100002000138,100.0,[115349],E100002000156,E100000004351
100002000200,24.0,[115688],E100000120113,E100000123261
100002000194,,[115071],E100001000848,E100001015587
100002000164,,"[115489, 115490]",E100000120220,E100001010879
100002000139,100.0,"[115354, 115355]",E100001001204,E100000001734
100002000165,100.0,[115493],E100000120721,E100002000186
100002000198,,[115648],E100000186141,E100000179966
100002000152,,[],E100000120573,E100000123261
100002000153,41.74,[],E100002000175,E100000123261
100002000154,58.26,"[115442, 115443]",E100002000175,E100001015587
100002000166,,[],E100000120444,E100000123261
100002000140,70.0,[115358],E100000120715,E100002000157
100002000141,30.0,[115358],E100000120715,E100002000158
100002000142,,[],E100000120442,E100000123261
100002000143,,[],E100000120870,E100000123261
100002000144,51.0,"[115419, 109290]",E100001014654,E100000002158
100002000145,26.95,"[115419, 109290]",E100001014654,E100000000882
100002000146,14.7,"[115419, 109290]",E100001014654,E100000003188
100002000147,7.35,"[115419, 109290]",E100001014654,E100001010605
100002000127,5.53,[115315],E100000121126,E100000151577
100002000128,5.09,[115315],E100000121126,E100002000151
100002000129,5.95,[115315],E100000121126,E100001011534
100002000130,15.71,[115315],E100000121126,E100000000369
100002000131,19.68,[],E100000121126,E100001015587
100002000201,25.0,"[115688, 115689]",E100000120113,E100001015587
100002000132,51.0,[],E100000121470,E100001015587
100002000133,,[],E100000121470,E100000132388
100002000148,,[],E100000121322,E100000123261
100002000176,,[115518],E100000002322,E100002000190
100002000149,,[115434],E100000121170,E100000000484
100002000167,,"[115505, 115506]",E100000150106,E100001011559
100002000177,,[115518],E100000002322,E100002000191
100002000178,,[115518],E100000002322,E100002000192
100002000168,,"[115508, 115509]",E100001001077,E100000001158
100002000180,,[115518],E100000002322,E100002000193
100002000150,44.25,"[115440, 115441]",E100000120975,E100002000175
100002000151,20.07,[],E100000120975,E100000123261
100002000155,35.68,"[115440, 115441]",E100000120975,E100001015587
100002000181,,[115518],E100000002322,E100002000194
100002000182,,[115518],E100000002322,E100002000195
100002000134,,"[115331, 115333]",E100000120240,E100002000153
100002000135,,"[115331, 115333]",E100000120240,E100002000154
100002000183,,[115518],E100000002322,E100002000196
100002000156,,[115448],E100000120516,E100002000177
100002000195,,[115634],E100000002056,E100001015587
100002000157,,[],E100001000654,E100000123261
100002000184,,[115519],E100000121288,E100000133978
100002000175,18.74,[115517],E100001000796,E100002000189
100002000158,,[],E100000002240,E100000123261
100002000179,81.26,[115517],E100001000796,E100001015587
100002000169,,[],E100000120147,E100000123261
100002000159,,[115478],E100001016251,E100000123067
100002000160,,[],E100002000183,E100000123261
100002000197,,[115648],E100001010690,E100002000242
100002000185,17.72,[115519],E100000133978,E100001010403
100002000170,11.8,[115510],E100000001241,E100001010595
100002000186,6.41,[115519],E100000133978,E100002000200
100002000187,5.55,[115519],E100000133978,E100002000201
100002000171,10.1,[115511],E100000001241,E100002000188
100002000172,6.72,[115512],E100000001241,E100001010596
100002000189,64.0,[115545],E100000000096,E100002000206
100002000188,85.8,[],E100000000754,E100000123261
100002000190,22.0,[115545],E100000000096,E100002000207
100002000191,10.0,[115545],E100000000096,E100002000208
100002000192,4.0,[115545],E100000000096,E100001015587
100002000205,,[115711],E100002000256,E100002000257
100002000196,,[115648],E100002000242,E100000186141
100002000202,,"[115697, 115698]",E100000120109,E100002000254
100002000193,,[115629],E100000121056,E100002000237
100002000210,,[],E100002000261,E100000123261
100002000203,,[115700],E100002000254,E100002000255
100002000208,,[115722],E100002000259,E100002000260
100002000206,,[115714],E100002000257,E100002000258
100002000199,51.0,[115688],E100000120113,E100002000253
100002000204,,[115706],E100002000255,E100002000256
100002000215,,"[115787, 115788]",E100002000275,E100001015587
100002000214,,[115785],E100002000274,E100002000275
100002000207,,[115719],E100002000258,E100002000259
100002000211,100.0,[115758],E100001010041,E100001000012
100002000209,,[115723],E100002000260,E100002000261
100002000213,100.0,[115781],E100001011369,E100002000274
100002000212,100.0,[115763],E100000121506,E100000001922
100002000216,,[115797],E100001001385,E100002000277
100002000217,37.62,[115805],E100002000279,E100001011903
100002000218,15.81,[115805],E100002000279,E100001015131
100002000219,8.22,[115805],E100002000279,E100002000280
100002000220,6.32,[115805],E100002000279,E100002000281
100002000221,5.22,[115805],E100002000279,E100002000282
100002000237,71.02,[],E100001011947,E100000123261
100002000222,,[115825],E100002000286,E100002000287
100002000281,8.93,[116330],E100000131399,E100002000442
100002000247,100.0,[116067],E100000120692,E100000000824
100002000253,,[116084],E100001001055,E100002000359
100002000254,,[116084],E100001001055,E100002000358
100002000248,31.79,[116067],E100000000824,E100001010777
100002000250,5.05,[116067],E100000000824,E100000000825
100002000251,5.02,[116067],E100000000824,E100002000351
100002000252,58.14,[116067],E100000000824,E100000001753
100002000255,,[116084],E100001001055,E100002000357
100002000249,9.96,[74613],E100000120520,E100000000825
100002000256,,[116084],E100001001055,E100002000356
100002000267,95.0,[],E100000120531,E100000123261
100002000223,75.35,[115941],E100000120024,E100002000306
100002000225,22.54,[115941],E100000120024,E100000134268
100002000226,2.11,[],E100000120024,E100000001753
100002000238,,[115999],E100000120792,E100001000911
100002000240,,[115999],E100000120792,E100002000327
100002000282,5.47,[116330],E100000131399,E100002000443
100002000294,58.07,[116381],E100000001551,E100000001612
100002000257,,"[116094, 116095]",E100000120719,E100002000361
100002000227,51.01,[115941],E100000120291,E100000134268
100002000274,100.0,[116268],E100001010501,E100002000412
100002000228,99.0,[115941],E100000120445,E100000123261
100002000258,100.0,[116155],E100000002071,E100002000379
100002000295,8.03,[116381],E100000001551,E100001011424
100002000259,,[116173],E100000120321,E100000123261
100002000283,,[116334],E100002000443,E100002000444
100002000296,5.06,[116381],E100000001551,E100001011305
100002000229,48.52,[],E100000134268,E100000123261
100002000230,51.39,[115941],E100000134268,E100002000310
100002000231,95.0,[115941],E100002000306,E100002000310
100002000260,26.0,[115763],E100000121136,E100000001922
100002000232,,[],E100002000310,E100000123261
100002000261,74.0,[],E100000121136,E100000001753
100002000233,,[115952],E100000120279,E100000000851
100002000297,23.83,[116381],E100000001551,E100001015587
100002000241,64.3,"[116014, 116016]",E100000001932,E100002000330
100002000242,26.0,[116017],E100000001932,E100000000649
100002000243,2.74,[116017],E100000001932,E100002000333
100002000234,49.85,[115959],E100000001939,E100000120005
100002000235,,[],E100000001939,E100000001753
100002000262,,[116197],E100000120424,E100002000388
100002000244,,[116022],E100000001798,E100002000335
100002000236,28.98,[115971],E100001011947,E100001015587
100002000263,,[116202],E100000001059,E100000123261
100002000245,,[116053],E100000121307,E100002000345
100002000246,,[116054],E100002000345,E100002000346
100002000264,,[],E100002000392,E100000123261
100002000299,5.0,[116397],E100000000014,E100001010595
100002000292,,"[116371, 116372]",E100000001249,E100000001133
100002000284,19.68,[116334],E100002000444,E100002000445
100002000268,,[115941],E100000120505,E100002000306
100002000269,,[115941],E100000120505,E100000134268
100002000270,,[],E100000120505,E100000123261
100002000275,6.99,[116281],E100000000394,E100001000348
100002000276,,[116284],E100000000394,E100001015587
100002000271,,[116224],E100000121142,E100002000402
100002000285,17.83,[116334],E100002000444,E100002000446
100002000286,11.83,[116334],E100002000444,E100002000447
100002000272,,[116229],E100001000646,E100000000851
100002000287,11.04,[116334],E100002000444,E100002000448
100002000265,32.28,[],E100000120599,E100002000392
100002000266,8.58,[],E100000120599,E100002000393
100002000291,,"[116369, 116370]",E100000150460,E100000001249
100002000278,100.0,[116330],E100002000441,E100000131399
100002000273,,[],E100000121309,E100000123261
100002000279,99.0,[116330],E100000121064,E100002000441
100002000288,8.94,[116334],E100002000444,E100002000449
100002000289,8.73,[116334],E100002000444,E100002000450
100002000290,6.77,[116334],E100002000444,E100002000443
100002000280,40.69,[116330],E100000131399,E100001016129
100002000293,,[116022],E100000001791,E100000003074
100002000298,100.0,[116384],E100000132980,E100002000472
